v_std: 0.02850, layout: hourglass, intruder: nonflocker, stepcount: 2000 
p_std, ratio
0,0.8002083205992992,480.5169158075658
0.4,0.8083486171981437,480.05830769170507
0.8,0.7614567872008613,479.9299935285614
1.2000000000000002,0.8634069637989017,479.5967088906621
1.6,0.7419207093136224,480.26343302165475
2.0,0.8709792812573484,479.13053493734594
2.4,0.7777791307781727,479.1690259143481
2.8,0.7027174356774117,479.3687468389897
3.1999999999999997,0.7866110973987109,479.19596176485504
3.5999999999999996,0.8782117418130955,479.0989685601773
3.9999999999999996,0.7977505539202033,479.3376442046727
4.3999999999999995,0.9472811813948991,478.8961336438428
4.8,0.8406048117762769,480.16646029023883
5.2,0.8591863689561938,480.07370496309335
5.6000000000000005,0.9162374031355797,479.3820410851051
6.000000000000001,0.9382735775891885,478.65255933310107
6.400000000000001,0.9404905691637868,479.95396087399183
6.800000000000002,0.9784673864530753,480.55367089059934
7.200000000000002,0.915168710100156,480.40152821939756
7.600000000000002,0.9800639617118513,480.1604023504656
8.000000000000002,0.9258492755532263,481.3135480559203
