v_std: 0.03000, layout: hourglass, intruder: nonflocker, stepcount: 2000 
p_std, ratio
0,0.8400555853275805,480.2950377146635
0.4,0.8217794710195916,480.12784999582766
0.8,0.8639727578421266,479.84736477373144
1.2000000000000002,0.8016769907495603,480.1081649062277
1.6,0.8054919306450767,480.2297528082787
2.0,0.7765203946964966,479.23992028620404
2.4,0.7797567491939528,479.58907972930876
2.8,0.7738410249452375,479.5608163342746
3.1999999999999997,0.9197509610461853,479.99571098853886
3.5999999999999996,0.7745327380377597,478.30785309513715
3.9999999999999996,0.8225039138673251,478.8791636026753
4.3999999999999995,0.7375001725965509,478.28123576081
4.8,0.8300115638587312,479.337472134674
5.2,0.843036056478656,479.5787158997273
5.6000000000000005,0.8886495849470766,480.4485599406424
6.000000000000001,0.8995740184729939,479.31343008004717
6.400000000000001,0.9021548086167112,479.4760311574357
6.800000000000002,0.8611426545157145,480.4088390641702
7.200000000000002,1.0385033989879302,479.7584288128798
7.600000000000002,0.9103909557042665,480.34721761738945
8.000000000000002,0.8549483244496698,479.8785808343048
