v_std: 0.00150, layout: hourglass, intruder: nonflocker, stepcount: 2000 
p_std, ratio
0,0.0548698411037627,480.61951265447647
0.4,0.08952003452748662,480.0012958930662
0.8,0.1249206082859653,480.06551977443377
1.2000000000000002,0.1494584393167109,479.95478496021144
1.6,0.21111268922337573,480.0896316854497
2.0,0.2696133029703846,479.73361593014283
2.4,0.26868398643079655,479.48529612277474
2.8,0.3360993746906752,479.7057773002012
3.1999999999999997,0.3961334979447293,478.68476864713057
3.5999999999999996,0.36283868312612555,478.8691385051933
3.9999999999999996,0.4517146231453666,478.82840475257535
4.3999999999999995,0.531009739136802,478.72223014889704
4.8,0.6224450619176083,478.79248354107983
5.2,0.5837715978745943,479.6966493481192
5.6000000000000005,0.7067440266768651,479.5720639522262
6.000000000000001,0.6315919610825821,479.77414351038215
6.400000000000001,0.6746582423276883,479.8631370576651
6.800000000000002,0.656601398940048,480.23645710645667
7.200000000000002,0.8268697400269249,479.8393761101194
7.600000000000002,0.7317489314240079,480.58780502119424
8.000000000000002,0.7513921619121446,480.51216910417145
