v_std: 0.02250, layout: hourglass, intruder: nonflocker, stepcount: 2000 
p_std, ratio
0,0.6297000607378612,480.9215645758293
0.4,0.6735579743822526,480.2729646495122
0.8,0.6840643310547173,479.971752356161
1.2000000000000002,0.6817885022333585,479.58584617262864
1.6,0.7500677048420242,480.0442736543138
2.0,0.7705757700694837,479.449001629657
2.4,0.8547020756628064,478.9002456790248
2.8,0.7916737108981583,479.15143181596164
3.1999999999999997,0.8418092143033352,479.32005031492804
3.5999999999999996,0.7566568453098304,479.0822650220392
3.9999999999999996,0.8012820992231668,478.1060367747006
4.3999999999999995,0.9095094479874927,479.17050194288646
4.8,0.856828422016997,479.52596863352426
5.2,0.872640103469494,478.8426315411234
5.6000000000000005,0.7700730710679549,480.53488090926277
6.000000000000001,0.8138750699685187,479.44938815252084
6.400000000000001,0.8108381871863745,479.1767219517287
6.800000000000002,0.991706117615961,479.92670591859564
7.200000000000002,0.8779297804977033,479.4228901754496
7.600000000000002,0.8690911814191988,479.99239695541615
8.000000000000002,0.8709359376762147,480.15909550468723
