v_std: 0.02400, layout: hourglass, intruder: nonflocker, stepcount: 2000 
p_std, ratio
0,0.6839664665364745,480.6850050951805
0.4,0.6910313670317644,480.38618226340316
0.8,0.7581274659966636,480.3027637111414
1.2000000000000002,0.662570021410917,480.1443327955743
1.6,0.7193891791908359,479.80193500203706
2.0,0.7620835993535273,479.8108855393986
2.4,0.7808939802796937,479.80119131414256
2.8,0.7673250020157306,479.00185220839734
3.1999999999999997,0.772680805093042,479.2246682092147
3.5999999999999996,0.812195112801514,479.1218356887399
3.9999999999999996,0.7756964352931044,478.9677472117896
4.3999999999999995,0.7896886430959853,479.70217504302406
4.8,0.781962512303215,479.42070391868356
5.2,0.8967651198326226,479.30148730345036
5.6000000000000005,0.9349005252248389,478.8392438636676
6.000000000000001,0.7533727321525323,480.05213171562184
6.400000000000001,0.920011637099385,480.68656762558004
6.800000000000002,0.8762142257306628,479.40544344671866
7.200000000000002,0.8451122406090138,480.80128608226573
7.600000000000002,0.8721286896195932,480.0676836591781
8.000000000000002,0.9952573744375804,480.33702770798493
