v_std: 0.01200, layout: hourglass, intruder: nonflocker, stepcount: 2000 
p_std, ratio
0,0.463849873354364,480.6246077647355
0.4,0.4232435477394585,479.6327622198482
0.8,0.5248049436063584,480.0227080290014
1.2000000000000002,0.4633751858408091,480.0372281821519
1.6,0.5544565325095211,479.41174237842176
2.0,0.5234878992149541,480.22053613550366
2.4,0.5632278889623417,479.4104523154289
2.8,0.6205937618487348,479.730060758826
3.1999999999999997,0.5291943848522477,478.57505214108943
3.5999999999999996,0.686445211899745,479.4568532537435
3.9999999999999996,0.6526274749320926,479.7150995627896
4.3999999999999995,0.7275924859852858,479.32629922347417
4.8,0.6786592517149997,479.104739790834
5.2,0.6272339206393633,479.99612217643227
5.6000000000000005,0.7197854602964076,479.72157334358894
6.000000000000001,0.7762489503406119,480.21509938520876
6.400000000000001,0.8929113222758401,479.94237503068246
6.800000000000002,0.8449335737327877,478.8767044706034
7.200000000000002,0.7887890339437568,480.33722204050656
7.600000000000002,0.8609320073377847,479.6846111681057
8.000000000000002,0.7440115992333729,480.26163115207567
