v_std: 0.01650, layout: hourglass, intruder: nonflocker, stepcount: 2000 
p_std, ratio
0,0.5835768448775212,480.64715017253116
0.4,0.5511837574334381,480.3569944518928
0.8,0.6004689604870909,480.06890249911214
1.2000000000000002,0.5769715881016857,479.3489624456485
1.6,0.5527393777784906,479.52333512591275
2.0,0.6211659680040846,477.90464968044813
2.4,0.6571548174337785,480.22640069596713
2.8,0.6733254970985798,479.4283967460906
3.1999999999999997,0.723355929870197,479.84670430755995
3.5999999999999996,0.6944547155329903,479.2671002259923
3.9999999999999996,0.6644223044096371,478.8785320246427
4.3999999999999995,0.6631975482137881,478.71863361301877
4.8,0.74866066490161,478.6436822503546
5.2,0.8439978054484163,479.7709534033152
5.6000000000000005,0.8766266859527494,480.1774264788669
6.000000000000001,0.7913150834694755,479.61903274660807
6.400000000000001,0.7312858392568,480.1038673692129
6.800000000000002,0.9436173175592549,479.4986030988907
7.200000000000002,0.7639056883074024,479.45245377883487
7.600000000000002,0.9525560728762128,480.3480643022945
8.000000000000002,0.8140368015468815,479.7043148530441
