v_std: 0.00750, layout: hourglass, intruder: nonflocker, stepcount: 2000 
p_std, ratio
0,0.2799656062169683,481.0732999600649
0.4,0.35645048399064544,480.3101186763883
0.8,0.32720885738445793,479.94896929130215
1.2000000000000002,0.40277990232433303,480.3862235740137
1.6,0.35281997469809306,479.93816575266277
2.0,0.4153428288438392,479.8615502128476
2.4,0.42865007215011003,479.5321798742353
2.8,0.41763318940782146,480.01139606381406
3.1999999999999997,0.5319597339449861,479.56782277338874
3.5999999999999996,0.5098785942463456,479.1389278830237
3.9999999999999996,0.546430101453454,479.1065673511377
4.3999999999999995,0.5228688411103135,479.4839626638505
4.8,0.5669652600841284,479.760926208384
5.2,0.6240003644211051,478.72617005835883
5.6000000000000005,0.549306933114701,478.8680992471977
6.000000000000001,0.7668014975004944,480.08761325837474
6.400000000000001,0.7014374165097575,479.60756495227474
6.800000000000002,0.8220150263825929,481.01266685604224
7.200000000000002,0.7857196246529241,479.98614326482243
7.600000000000002,0.8834221161110283,479.7176286308117
8.000000000000002,0.8182789401816003,480.3331784483402
