v_std: 0.00900, layout: hourglass, intruder: nonflocker, stepcount: 2000 
p_std, ratio
0,0.3608296721639209,480.69987981628134
0.4,0.35618028419497916,480.2276643337407
0.8,0.40014969171225334,479.64103669311896
1.2000000000000002,0.37013701945688415,480.44915694996314
1.6,0.47025499032753976,480.0789900896666
2.0,0.4167157521111248,480.0263210453351
2.4,0.39454815444414704,479.11519060478213
2.8,0.48028680602762835,479.6965664666476
3.1999999999999997,0.4809611174071434,479.82090820536774
3.5999999999999996,0.5353507567839685,479.49972786148174
3.9999999999999996,0.635581777953209,479.0656075557393
4.3999999999999995,0.6099070521931417,478.5773821127455
4.8,0.6354271122123999,479.5713676165837
5.2,0.6451420120129205,479.43284816661804
5.6000000000000005,0.5200393629524696,479.433255938334
6.000000000000001,0.7885614148576625,479.92329824814374
6.400000000000001,0.7603491639322397,480.5543084254696
6.800000000000002,0.8357277415170639,480.1341294797252
7.200000000000002,0.7594787052521,479.47467932455817
7.600000000000002,0.7959970709419157,480.2526916160243
8.000000000000002,0.9818217890084482,480.13656247147856
