v_std: 0.00450, layout: hourglass, intruder: nonflocker, stepcount: 2000 
p_std, ratio
0,0.1904290857875181,480.6894938079907
0.4,0.22594369088079147,480.4428221119455
0.8,0.23519236689661668,480.00009582437417
1.2000000000000002,0.2764207802138687,479.50842457706835
1.6,0.3178031770955278,479.20077269705433
2.0,0.30422970345639766,479.7014096566748
2.4,0.3268253440920577,479.8590538188116
2.8,0.36301526937941325,479.9584757012147
3.1999999999999997,0.4088082625023591,480.1040177859125
3.5999999999999996,0.5067980058874567,480.0776128266611
3.9999999999999996,0.6017168870307821,479.2040316217108
4.3999999999999995,0.48894519147117155,479.8513440119471
4.8,0.5980497419157499,479.3667707191837
5.2,0.5707243971897091,479.0122124894426
5.6000000000000005,0.6250918354688639,479.77197704254945
6.000000000000001,0.5596083738115111,479.648063888923
6.400000000000001,0.714860837699528,478.833032409761
6.800000000000002,0.84076039209979,479.07697097563806
7.200000000000002,0.6587830285532883,479.7190478871462
7.600000000000002,0.8588601191947088,479.9842106400021
8.000000000000002,0.741995614919674,479.63802480104596
