v_std: 0.01350, layout: hourglass, intruder: nonflocker, stepcount: 2000 
p_std, ratio
0,0.5113903665449516,480.7177616137828
0.4,0.5068511065385305,480.2439985729403
0.8,0.4924178532845223,480.1597312664537
1.2000000000000002,0.5007423465563341,479.7215433070918
1.6,0.5539775496088394,479.38851341366376
2.0,0.5247834443794238,479.0978131615677
2.4,0.5924253795526027,479.65528202354386
2.8,0.5561339075513417,479.95301310685807
3.1999999999999997,0.5572724775333083,480.24229612790486
3.5999999999999996,0.5916041584072755,479.1384400038751
3.9999999999999996,0.6614730173532396,479.3525585342529
4.3999999999999995,0.5805794955502457,479.01851642361123
4.8,0.7516295718588387,480.05158017661626
5.2,0.758152487110038,479.31245945174015
5.6000000000000005,0.7711484212005395,479.4896367738766
6.000000000000001,0.7138812279021788,479.55326888626627
6.400000000000001,0.7447842016537762,479.88476822545516
6.800000000000002,0.8561387609915898,478.97787892609955
7.200000000000002,0.9711119828309053,478.80087117815145
7.600000000000002,0.8291240994009139,480.61097598475146
8.000000000000002,0.8563843074579987,479.1195248271709
