v_std: 0.01950, layout: hourglass, intruder: nonflocker, stepcount: 2000 
p_std, ratio
0,0.6373230177425118,480.76794561754934
0.4,0.7231305959319068,479.92634883077835
0.8,0.6941103730441337,480.0900595647161
1.2000000000000002,0.6809912915740113,479.7826796490627
1.6,0.7180797336294409,479.985607933021
2.0,0.6760755334268419,480.2325596716807
2.4,0.6063931158504733,478.6777520495068
2.8,0.70370081985747,479.7163075485382
3.1999999999999997,0.6558669372158821,479.8390335909727
3.5999999999999996,0.6561720250401248,479.84494362888313
3.9999999999999996,0.7950054790892961,479.34328726271013
4.3999999999999995,0.8023011787526678,479.40434459381504
4.8,0.8005478571482516,478.7302577353001
5.2,0.7678984568723237,479.96287840304353
5.6000000000000005,0.7879467538570325,478.46934718846893
6.000000000000001,0.6934278894007977,479.28535027268316
6.400000000000001,0.9269017158516555,480.48819804297955
6.800000000000002,0.9007483993072019,479.87084315228566
7.200000000000002,0.9814452694312028,480.3193656190625
7.600000000000002,0.918693288570471,479.76162647062586
8.000000000000002,0.9373433193876138,479.7365273552405
