v_std: 0.00000, layout: hourglass, intruder: nonflocker, stepcount: 2000 
p_std, ratio
0,1.1120090822741038e-14,480.63198359278846
0.4,0.05265788608975111,480.51180669997785
0.8,0.09908699669845777,480.5593785562208
1.2000000000000002,0.14741413668585301,479.5867596114019
1.6,0.13833009046506192,479.99284370036673
2.0,0.22127678634907091,479.81867747730956
2.4,0.2713254837666583,479.3192471313561
2.8,0.2596943797558367,479.793760750135
3.1999999999999997,0.3185263265959675,478.8382789840606
3.5999999999999996,0.36587661584261977,479.7904131835346
3.9999999999999996,0.47133552402030054,479.5694461511277
4.3999999999999995,0.5972891593345977,478.3135490540068
4.8,0.4399372124446209,479.1245998422028
5.2,0.613784431395888,479.51212116341145
5.6000000000000005,0.6193766485400835,478.9884771284221
6.000000000000001,0.5969236411228657,479.5126843733832
6.400000000000001,0.6292442692871273,480.10102870239626
6.800000000000002,0.8004596169848621,480.15772447086374
7.200000000000002,0.716747107467823,480.4964902582154
7.600000000000002,0.6955565589473529,479.59591373474143
8.000000000000002,0.9174238895895491,480.4455044833337
