v_std: 0.01800, layout: hourglass, intruder: nonflocker, stepcount: 2000 
p_std, ratio
0,0.6852966416666488,480.3972574076519
0.4,0.6049811620025142,479.91935889045993
0.8,0.7142804030965942,480.203988354766
1.2000000000000002,0.6704750660355783,480.29050145811783
1.6,0.5782602391659344,479.84032684697416
2.0,0.6318157526566502,479.37525624950354
2.4,0.6607566007450292,480.1637064054966
2.8,0.6263238415387276,478.60261004235053
3.1999999999999997,0.713936476125322,479.6856959176236
3.5999999999999996,0.6849321319179289,479.98191956851696
3.9999999999999996,0.770312746236046,480.1312584337898
4.3999999999999995,0.7675463861433127,479.6889582204151
4.8,0.8092473944160866,479.71547030461056
5.2,0.805683224234938,479.3043542632643
5.6000000000000005,0.7609650980376287,478.74093366160486
6.000000000000001,0.7512362026650159,479.17877747438746
6.400000000000001,0.8227612258167929,480.77708718358133
6.800000000000002,0.8223670144107165,480.48817441151067
7.200000000000002,0.9824768748138032,480.15967799126497
7.600000000000002,0.9895542618900692,480.407318568182
8.000000000000002,0.8721287179016931,479.9945999360477
