v_std: 0.00300, layout: hourglass, intruder: nonflocker, stepcount: 2000 
p_std, ratio
0,0.1208033795062441,480.78564757549805
0.4,0.15704868812928133,479.97377871745545
0.8,0.18550581110243802,480.0729967233673
1.2000000000000002,0.20011943496837853,480.12972275104164
1.6,0.22339440974695604,479.912555504896
2.0,0.27178401635925054,480.0729271701877
2.4,0.3192536590396939,479.4609634161788
2.8,0.35180411817940505,479.47650242281594
3.1999999999999997,0.38012418973399204,479.5557110411877
3.5999999999999996,0.48195170879601923,478.7586793767361
3.9999999999999996,0.4563599302670299,479.72644975924226
4.3999999999999995,0.4194676591756749,478.21756678360873
4.8,0.5178202124898851,479.6128558349536
5.2,0.6457737864283631,479.1148575246351
5.6000000000000005,0.5538510237595969,479.3949814177086
6.000000000000001,0.6012178338357091,480.29421030251586
6.400000000000001,0.6763077133355455,480.2352021024841
6.800000000000002,0.7658795868604616,480.37133943510054
7.200000000000002,0.5869719804576281,478.9657950521338
7.600000000000002,0.7658781176516735,479.99622531906425
8.000000000000002,0.8652481027086054,479.91036690271534
