v_std: 0.01500, layout: hourglass, intruder: nonflocker, stepcount: 2000 
p_std, ratio
0,0.574769193968894,480.6785478299891
0.4,0.5645994519000266,479.9867737013215
0.8,0.5647649559797266,479.9632457976999
1.2000000000000002,0.5546931828623004,480.19207380506305
1.6,0.5503028305349018,480.16396584093224
2.0,0.5500706438719,479.9701791860975
2.4,0.5772687847705489,479.4049195208492
2.8,0.5964878702695773,480.2414237116892
3.1999999999999997,0.6591586058215724,479.15609091764145
3.5999999999999996,0.8169246332012466,479.20267349979287
3.9999999999999996,0.6739067877829784,479.7619856143039
4.3999999999999995,0.6277642286789464,479.01657476025275
4.8,0.8280407773823979,479.4927668894967
5.2,0.7465154275101965,479.43488703886266
5.6000000000000005,0.6856036807568533,479.2897871660654
6.000000000000001,0.7229991684699858,479.9613843369111
6.400000000000001,0.8516763077799925,479.9322260288315
6.800000000000002,0.8034755105311682,479.2738918339517
7.200000000000002,0.8622556768132864,479.8760364609431
7.600000000000002,0.8965958345962216,480.4611223223425
8.000000000000002,1.0051132615994705,480.68034591943785
