v_std: 0.02100, layout: hourglass, intruder: nonflocker, stepcount: 2000 
p_std, ratio
0,0.6709780547276609,480.8969164073037
0.4,0.6529619941625278,480.1632672001599
0.8,0.7433255547892931,480.2360400814623
1.2000000000000002,0.693450261085874,480.0720671138117
1.6,0.6854118452618323,479.460572810649
2.0,0.7540896148823216,479.95874221962885
2.4,0.7374642395583584,479.7525497816433
2.8,0.7790682921016792,479.6559235045662
3.1999999999999997,0.7796002237097545,479.5972798365298
3.5999999999999996,0.7891202965192086,480.00903927349157
3.9999999999999996,0.7551504218325429,480.31511565902053
4.3999999999999995,0.7277779856237153,479.300888140067
4.8,0.8244739163748994,479.78752675705186
5.2,0.7501442577526003,479.5777949576347
5.6000000000000005,0.7907978375713498,479.6395278414153
6.000000000000001,0.7605392427226254,479.44249436345166
6.400000000000001,0.8901023347567718,479.39202032766514
6.800000000000002,0.888814595729784,479.2468961376508
7.200000000000002,0.8729355302077938,480.03588742391577
7.600000000000002,0.9264587950996654,479.52854068658235
8.000000000000002,0.9309684387826916,479.7835857837531
