v_std: 0.02550, layout: hourglass, intruder: nonflocker, stepcount: 2000 
p_std, ratio
0,0.7959616095210206,480.7483990228178
0.4,0.7250947538241264,479.87741769690325
0.8,0.7993904779306465,480.2256664268472
1.2000000000000002,0.7433471586134069,479.9942859529544
1.6,0.8020974373348753,480.0128327663439
2.0,0.807286757935017,479.3176846620232
2.4,0.778498885185409,479.71060266569754
2.8,0.762759547691891,479.764705442301
3.1999999999999997,0.7142043370535,479.5714690694815
3.5999999999999996,0.7557489237880844,479.6556728959319
3.9999999999999996,0.7667171291274547,479.24135553651087
4.3999999999999995,0.8385921852058208,478.95451692396716
4.8,0.7598843536736555,479.50707994355116
5.2,0.7779217958368456,480.0938278181204
5.6000000000000005,0.8972611706511572,479.73467087144155
6.000000000000001,0.8117672852711777,480.20532974822714
6.400000000000001,0.8377138663519306,480.31038184949654
6.800000000000002,0.7887833846148257,479.273519612537
7.200000000000002,0.9126590445629906,480.26131134640855
7.600000000000002,0.9099968061124317,479.4001883908736
8.000000000000002,0.9113388184480533,480.55585820526005
