v_std: 0.01050, layout: hourglass, intruder: nonflocker, stepcount: 2000 
p_std, ratio
0,0.4713919625691682,480.90208603599376
0.4,0.46759310893740574,480.2345160324788
0.8,0.42790305751692903,480.2244004962396
1.2000000000000002,0.4880663477895807,479.7439168962063
1.6,0.49179511532499615,478.780963902782
2.0,0.48444728444340146,480.08641453306325
2.4,0.6143660710099522,479.7107929400658
2.8,0.547487131459606,479.35136228999147
3.1999999999999997,0.5648187258018071,478.50439388236987
3.5999999999999996,0.5727266020332596,479.7882455607993
3.9999999999999996,0.5928508687476608,479.2879852990627
4.3999999999999995,0.6420435485594603,478.7673463312327
4.8,0.7554385212385364,479.4828799909348
5.2,0.5850241610053671,479.3869771440913
5.6000000000000005,0.730407106903369,479.5839255584325
6.000000000000001,0.7253697401345703,480.05165038671134
6.400000000000001,0.8444155923801719,479.638974001126
6.800000000000002,0.8315028821128794,479.23072803304524
7.200000000000002,0.7818627890007576,480.0050674901815
7.600000000000002,0.7982753127016179,479.74530453729767
8.000000000000002,0.826066160105951,480.3031351682824
