v_std: 0.02700, layout: hourglass, intruder: nonflocker, stepcount: 2000 
p_std, ratio
0,0.8049719417117016,480.87366311533367
0.4,0.8179393270294592,480.1030365922097
0.8,0.8214087080822368,480.0109135214914
1.2000000000000002,0.6839685050872862,479.62057183856064
1.6,0.7122224330217233,479.4883125251149
2.0,0.833604872362529,479.4548965701456
2.4,0.7415855256125821,479.3374013310937
2.8,0.9052698430370634,479.85348446088227
3.1999999999999997,0.8343187022182134,479.72063178228683
3.5999999999999996,0.7560859058686897,479.820813383471
3.9999999999999996,0.758989058920154,480.08848450198735
4.3999999999999995,0.8614066186601872,479.4919083000787
4.8,0.7482369135526347,480.1925822413419
5.2,0.8504221724151317,479.9467632611668
5.6000000000000005,0.9192538424132225,478.53348688654563
6.000000000000001,0.9425830520328349,480.1452007202075
6.400000000000001,0.9377816506768167,479.44253242504226
6.800000000000002,0.8326027103240075,480.1940220411727
7.200000000000002,0.9016016701225705,480.8685255021962
7.600000000000002,0.8979046626013624,480.30265640035077
8.000000000000002,0.8576944740307152,479.79440894781175
