v_std: 0.00600, layout: hourglass, intruder: nonflocker, stepcount: 2000 
p_std, ratio
0,0.26920770035756075,480.72865265369586
0.4,0.2678946312476,480.2271681912013
0.8,0.23792025571698727,480.44394384757845
1.2000000000000002,0.33775001598383875,480.2277039836894
1.6,0.39164468694256144,480.16212282567955
2.0,0.42370970969689087,479.791269308488
2.4,0.39445106530575347,479.5828716703983
2.8,0.4120766248888445,479.92903833974435
3.1999999999999997,0.4542652230930669,479.2605663456939
3.5999999999999996,0.41095465591844255,480.1030516068787
3.9999999999999996,0.5581360007464258,478.6220046690522
4.3999999999999995,0.5922362848576831,479.56391929343755
4.8,0.556649811358486,478.16497177556715
5.2,0.765038272504572,479.2875271979389
5.6000000000000005,0.6128562736257814,479.89461786850535
6.000000000000001,0.6625663055170403,479.14797847418276
6.400000000000001,0.6731180518494949,480.31176996557764
6.800000000000002,0.6807242835607827,479.9237355632161
7.200000000000002,0.7122340619853672,480.9978883509869
7.600000000000002,0.8173133908580704,479.9992140260389
8.000000000000002,0.7560108613833676,480.80528385267723
