3.780080500080517, 63.82544479279253
0.5844103231330989, 3.838820100437861
0.5715140060321191, 3.4491792186367682
0.5486216858026897, 3.122649292444131
0.5938163652812749, 2.7134397185586
0.5496278753143323, 2.3631268601313304
0.5677561522093305, 2.0374944585212895
0.5828054808852098, 1.8287418142035707
0.5636644299076272, 1.600803294363627
0.557656543746553, 1.4096802533357615
0.5686764835235255, 2.3549339817719916
0.5663930745290638, 2.0854728274995145
0.5662580841807389, 1.8538180543194975
0.5672813548497324, 1.6551428338043794
0.5632963458830724, 1.4922889622340467
0.5642503914247154, 1.375883587254215
0.5641128854590556, 1.2959893761792152
0.5644438851214442, 1.2386631323784614
0.5644317530586342, 1.2150312867578748
0.5666205061037448, 1.2059391641479866
0.566406285949758, 1.2319282374184193
0.5656210328253324, 1.2687167344640897
0.5661999518966676, 1.3051293050455537
0.5653631192571996, 1.3485212815499208
0.5652043291906229, 1.4058647560538478
0.564823106012071, 1.4505831137246752
0.5665927310922596, 1.4979284985769747
0.564382469926251, 1.5275738272633974
0.5646704915408404, 1.558461135019931
0.5612212805127854, 1.5898247541944106
0.5637667408793603, 1.6103574396571154
0.5682309639711818, 1.6302370025417119
0.5650866711061104, 1.645933059785931
0.5668631734423322, 1.6517004495364194
0.5684604759470246, 1.6548869131584005
0.5719403166319555, 1.6539362201278496
0.5667898682510144, 1.6538834902779669
0.5652637883056537, 1.6698168238317308
0.5635645204093815, 1.6752182263354645
0.5660129481561924, 1.696481977449011
0.5652235161146607, 1.7072984645123364
0.5623940850460566, 1.7160905070646624
0.5635749220470624, 1.7357325295740105
0.5629329769736201, 1.763571112747475
0.5625852189013855, 1.7765229266005338
0.557936720126815, 1.8053742752160737
0.56024890400225, 1.8300660426656445
0.5609024488602201, 1.8456289096791956
0.5619562820943671, 1.8655415403768907
0.562077986939862, 1.882653111817795
0.5592476126650094, 1.9081324307710665
0.557615834789119, 1.9291003156602564
0.5593352119592904, 1.944289523950052
0.5599739056674663, 1.9556372025136652
0.5603741352337968, 1.9852779502596873
0.5626873678332588, 2.0036025778253075
0.5608411423203389, 2.015900379544699
0.5612245467610226, 2.035368496268582
0.5607227856816331, 2.0428385828830433
0.5596051654283045, 2.0377613426957644
0.5601076193357285, 2.0291077098104395
0.5606547775910189, 2.0169693156485926
0.561578967714812, 2.0005682331207426
0.5592348246294676, 1.9781183834185483
0.5567575573665924, 1.942895211225101
0.5560641985708042, 1.9102129337079448
0.5576891232586326, 1.8718712099615384
0.5544196356734761, 1.829478766076925
0.5525803133091213, 1.7870931225986095
0.5513829777380802, 1.7522087404117168
0.5524302567370566, 1.7223798117716427
0.5516572677038846, 1.6920364286684468
0.551434272414099, 1.6635247760959977
0.5519162995709606, 1.6354010545580333
0.5519552049772993, 1.6091215545611046
0.5508235583662018, 1.5723902358369548
0.5500792557274237, 1.535755411824353
0.5524762187830031, 1.5041012787397823
0.5522381163736771, 1.4844220613557284
0.5523703675571603, 1.4557221547235837
0.5507254346153447, 1.4208178056148815
0.5514751542092682, 1.3850745796504254
0.5495709846232462, 1.35073599484411
0.5497460957905558, 1.3180133925799447
0.5514102438682269, 1.2863681060860077
0.5522681128281004, 1.2586286872294892
0.5536164954313592, 1.2451236764534643
0.5557314302131857, 1.224774443627767
0.557199277925099, 1.1932244455832821
0.5580241840956798, 1.1688867881956029
0.5626755960838874, 1.1550709772146113
0.5639574698743759, 1.1444237244959963
0.5622219332925316, 1.13590432494302
0.5638284714778385, 1.1393742625696812
0.5623458225168705, 1.1354381684860024
0.5618037885912972, 1.1357314145731954
0.5638141408749132, 1.1355646785630362
0.5624187303048813, 1.1374688932704589
0.5644812842742871, 1.1374325608084677
0.5631309417239767, 1.1426660214392736
0.5597128501360479, 1.1410351118312865
0.5582268269518345, 1.1454624549547314
0.5592127974011789, 1.1487887594828314
0.5566805743222597, 1.1318649952748743
0.5565321293582891, 1.1254390839604287
0.5538819618484171, 1.1110714636487797
0.5505254945195366, 1.1040998948873892
0.5486164351176382, 1.0945410092714953
0.5463254206392614, 1.100459277090574
0.5476364344175572, 1.092892188630316
0.5487274524671508, 1.0936298575432832
0.5485748892617865, 1.0876373052940869
0.5495944735456482, 1.0745034089040435
0.5499579348736192, 1.0758210044426346
0.5532758970087611, 1.0734989016643082
0.5572615136579523, 1.0823563487062346
0.5577040388819685, 1.077583411933548
0.5561328180108045, 1.0809003056935007
0.5569082408235607, 1.074856332894168
0.5591922788704402, 1.0785217485289695
0.5575251872149711, 1.0850665039091518
0.5575517323469716, 1.0974227377933814
0.5540088543817276, 1.11401546845466
0.5527974526338502, 1.1268397275916042
0.5518577982954402, 1.1399130350634896
0.5517592720041695, 1.1411568193742414
0.5519689741699054, 1.146995331134119
0.5548165589979854, 1.1560638340219394
0.5533818374324413, 1.1654805439983655
0.5536347137267577, 1.1715807957248994
0.5540585723209277, 1.1780486667511598
0.554666535150663, 1.18079547674406
0.55709603544649, 1.1937598839639654
0.5580018906288489, 1.1989419799005898
0.5584477274095399, 1.212038498540551
0.5574895488322229, 1.2390143331382864
0.5560418771740465, 1.2623861837185444
0.5554558578510902, 1.2868982905087685
0.5564082530281599, 1.3115552147070413
0.5531080180398644, 1.3241554351295617
0.5518760661162191, 1.3311787893941023
0.54994310562248, 1.331430643192713
0.5502685692382243, 1.3402074166099396
0.5511051668347509, 1.3725584463566762
0.5527704840796381, 1.411072325439233
0.5517647806982666, 1.4491174193642544
0.5541256533007782, 1.4879409528362622
0.5540529660150185, 1.5181402072798869
0.5551231706198456, 1.566501773514917
0.5547327355363356, 1.6231808585158352
0.5534808797499748, 1.6843272719213118
0.5509552629189715, 1.747985534595249
0.5494937248671552, 1.7964831835628445
0.550711116476289, 1.8245059459249213
0.5475486115080346, 1.8390537548136259
0.5465409273252911, 1.848891244425126
0.545934245717771, 1.8539765426137724
0.5464469248801869, 1.866770143718659
0.545550511119408, 1.853049682572507
0.5466997591513508, 1.8411501084536677
0.5464374226607851, 1.8127705230632216
0.5490734827188649, 1.7797036536349555
0.5484319844403485, 1.7409865592149363
0.543584416617019, 1.7064136673142993
0.5434062201132019, 1.6817474738588731
0.5454169399488453, 1.6512580710066724
0.5466677773977963, 1.633934081378042
0.5476064988492292, 1.6128570656478896
0.5483013485139292, 1.6020621784369709
0.546943141130702, 1.5918444682844937
0.5478464211478604, 1.583119843179844
0.5492781525132228, 1.5893138677267762
0.5516033226144332, 1.5921660881844997
0.5531837076873314, 1.6042542345794448
0.555059412104952, 1.5947469856441578
0.5555243538198809, 1.5963389689663543
0.554534291619635, 1.5840100681329243
0.5550560745508584, 1.5786689329143624
0.5551896936412763, 1.5695888168699605
0.5564352654162976, 1.5669672943780935
0.5576128832984194, 1.5712649173144198
0.5569952391910513, 1.5617412449421377
0.5576279883546424, 1.575073396661033
0.559978068900587, 1.5771642426484782
0.5594878935840895, 1.6041706970444012
0.5563962340017986, 1.6263504706434486
0.5550917219947789, 1.6533613292079756
0.5524323848463457, 1.6818083192342441
0.5503769178470088, 1.7035642181357293
0.5507091393303034, 1.7284154976046078
0.5513956728688039, 1.7418177837911184
0.5506041773667313, 1.7591973621216035
0.5530344627196444, 1.7548109973361856
0.5514478727543022, 1.7500334255540149
0.5486094088012747, 1.7314230293852766
0.5492313544236224, 1.7111679048215982
0.5481310193147516, 1.6848481325576052
0.5500910225078919, 1.6299265896440918
0.5514550693371156, 1.595670732675718
0.5530484480023653, 1.5519352753059583
0.5533155297756915, 1.5161692699298437
0.5548644247740983, 1.4889544543184992
0.5500619238187561, 1.4856399682697352
0.5514420127515987, 1.4852843320900178
0.5517449702366397, 1.4717017573023639
0.5531517209523541, 1.452172332774386
0.5531402500045959, 1.4355264875860818
0.5530272527841663, 1.440570297947501
0.5521132768379837, 1.428678676753846
0.5495267580858061, 1.4114239617884698
0.546920325555879, 1.4026476416993674
0.545827802496151, 1.3761839243893408
0.5454655560406703, 1.3405654595787075
0.5454634139997775, 1.30950854043843
0.5469925226529683, 1.2856943865702957
0.5477791562226118, 1.2641278759657535
0.5513649301102909, 1.2486088868024714
0.5493197130153022, 1.2298026510237838
0.5474912621024856, 1.229353902220528
0.547071148398804, 1.2276100642943113
0.548331571852671, 1.2137213437647585
0.5486390751274823, 1.209697728084628
0.5513364439248503, 1.198404697721316
0.5513085897252283, 1.1725734681305926
0.5498551723410648, 1.1533924465039667
0.5477051794468373, 1.1404252399534538
0.5466514546774075, 1.1348198270676322
0.5481106804705431, 1.1311434534605116
0.5522693796927372, 1.1068474466028424
0.5542023695482274, 1.0943676152428972
0.5550506607954941, 1.091289673059465
0.5562123860619745, 1.0945558054909639
0.554700111506656, 1.0921419526583684
0.5557816221103422, 1.1068661509205664
0.555334183440596, 1.1217939302578963
0.5582638070852763, 1.1154642791934628
0.5597386973051361, 1.0973416337515705
0.561435276321818, 1.0831451205484215
0.5613761369875601, 1.0846436643689557
0.5609494114281401, 1.0763628429774412
0.5582578476215347, 1.0797421863222971
0.5553546276705125, 1.1017013271869887
0.5557547480787328, 1.1250172223890897
0.5576854837759495, 1.1399571619388191
0.5595127235722208, 1.1583290070283598
0.5589483251338259, 1.1943752410728177
0.5547979425432267, 1.2449462708768062
0.5525577093624783, 1.3005725185216062
0.5516494779033045, 1.360194672070395
0.5525585081221343, 1.4257668876404175
0.5538287509259331, 1.4819443103153636
0.5566566710400913, 1.5337035030732862
0.5572755321159167, 1.5925098656602958
0.5553544472406198, 1.6520664632904212
0.5542488831982137, 1.7085346307944633
0.5554209348505121, 1.7673633238175817
0.5577636791296383, 1.8161153620812271
0.5574510695785501, 1.850382546687231
0.5575285583241956, 1.8682767289075641
0.5565091026000559, 1.887774458821069
0.5581565715130286, 1.8912436608813696
0.5579128759783866, 1.880093646273562
0.558088235092678, 1.8755799541975886
0.559687693117408, 1.8692770952738595
0.5612986347695232, 1.8618205126459095
0.5593112351620494, 1.8553397285274933
0.5596546216862777, 1.8595312911688098
0.5609167759092476, 1.8756093695605507
0.5645504845867556, 1.898289622422698
0.5643247628147, 1.90631456488962
0.5626694186027121, 1.9194027911518312
0.5630292873931144, 1.929785779938186
0.5622207548369479, 1.9161290116069203
0.5587891189171188, 1.9018096488669751
0.5575630229804337, 1.8862670826641197
0.5594390654029029, 1.869448787175715
0.5585231547423637, 1.8286818724452107
0.559704289260207, 1.7825720421640359
0.5570338528364853, 1.732992961963698
0.5553401462178472, 1.6966507019643395
0.5573569187808513, 1.6724064514592758
0.5575241977496128, 1.6543186610656235
0.5574073875904495, 1.6560131160735587
0.5600210850349832, 1.6565115963963781
0.5592809378956789, 1.6553914878971259
0.5577825401935395, 1.6545067263463509
0.5552616910173753, 1.6643106393560145
0.5542743546656834, 1.6607960401668407
0.554076670669409, 1.676709072251566
0.5549915164142567, 1.6865335478022114
0.5550353801644063, 1.6875854683182332
0.5530510820987662, 1.6803757142398212
0.5548039882772968, 1.6709896627484397
0.5506145413670568, 1.671067669282877
0.5505980879704968, 1.6698771426095766
0.5502364626745097, 1.668134603605801
0.5563175376019575, 1.6411984874169252
0.5553940490505094, 1.636512651623247
0.5551396758643534, 1.6111070043088649
0.5564184647215475, 1.590973667596636
0.5535405430142666, 1.5573490410575528
0.5553607543295187, 1.5261775327190512
0.5536898460304495, 1.4911079092106305
0.5581479170010188, 1.4551044726522486
0.5597757292908706, 1.415628388769032
0.5607660941624137, 1.3793790444291614
0.5582484019425926, 1.367430671656683
0.5588424077424987, 1.3486289165209304
0.5588099298455784, 1.3338247207462863
0.5580837433111531, 1.318463503545278
0.5613064879440264, 1.3158213203830018
0.5584717338900812, 1.3248829655813226
0.5580920052485907, 1.342369930105971
0.5559713942935618, 1.3531269610616565
0.5559281670306666, 1.380463654876152
0.5543119984942934, 1.4100267590503308
0.5541549605989187, 1.4378474424760386
0.5548779657462202, 1.4752217844454967
0.5561582036861141, 1.5039847857465116
0.5576115771355414, 1.527718544706698
0.5549883343626071, 1.5605446020509748
0.5572287014078552, 1.5573501259199896
0.5570528951114075, 1.5529409034207227
0.5569881640362776, 1.5489236764567018
0.558082098569884, 1.5353332274140228
0.5600617682341456, 1.511838954498056
0.5590990184363417, 1.4911920136837906
0.55849906580619, 1.455308260477835
0.555131797205102, 1.4207440452202644
0.5535557781174187, 1.3971970605797952
0.5534925846639551, 1.3656100151243868
0.5515931089331095, 1.3567027904988098
0.5500509009615092, 1.3437118083097839
0.5482098312281234, 1.321454264200905
0.5478511701547921, 1.301723304593708
0.5471122574773294, 1.2781071659312893
0.5462251139728592, 1.2523815620780794
0.5469486429668391, 1.2281738911908806
0.5479374007247493, 1.2175929739560947
0.5475699705835397, 1.194917826660689
0.5490553703310186, 1.1726059170267107
0.5499244697852403, 1.1559200325142474
0.5510791436516147, 1.139773999777976
0.5560723765548414, 1.1256675340855546
0.5537019545489097, 1.1175152093004752
0.5550410047799977, 1.114523760484106
0.5558393710675383, 1.1135722998473088
0.5540742948683763, 1.1196874445507672
0.5548911362756047, 1.1179689174393024
0.5547520223649979, 1.119511261961699
0.5535608016575261, 1.1171606889291543
0.5544034070509658, 1.1222845945899924
0.5540012124779867, 1.122406644136348
0.5517097774478289, 1.1378164882380588
0.5523580194724594, 1.1451720302632853
0.5511954815411719, 1.1636220267919302
0.5515979165688454, 1.1880427155093198
0.5526037631415864, 1.2107437472286127
0.5503131135756949, 1.237298505818626
0.5521052127612999, 1.2702525350411236
0.5542317114847727, 1.3106384711469181
0.5534459354880222, 1.3507915509558606
0.5544017252074884, 1.3926717804988695
0.5562327144478435, 1.4335824902326388
0.5568174958031351, 1.4770090106246436
0.5557170159369368, 1.5148560977879082
0.556844486623761, 1.5368761058959923
0.5554758729701975, 1.5583188570291733
0.5566896362088475, 1.5694863614253243
0.5547669999658325, 1.5789675694143916
0.5527605556180454, 1.5809612617318778
0.5524836764309197, 1.5722246582948367
0.5530560093250395, 1.5657113020675768
0.5489668545358344, 1.5507592207398182
0.5498534108186854, 1.5336350315420644
0.5500200135827515, 1.5223170897275868
0.5495137851847559, 1.5192466233736552
0.5509082755423327, 1.5164444079128905
0.5499880277443476, 1.5192444041663746
0.5521388298159188, 1.5239320003722592
0.5524002091955366, 1.538727784860188
0.5551518795274614, 1.5467690743190097
0.5555567432862382, 1.5434986847676935
0.5566779522789684, 1.5332246836305212
0.5546848965984423, 1.5150848802906158
0.5538505887137205, 1.486940693126205
0.5539348546456007, 1.4600678482878773
0.5567942859078695, 1.422803676393128
0.5605374775024349, 1.3881304082123629
0.5593084927823838, 1.3510624506421662
0.5593261841717847, 1.307228862815508
0.5593090184473193, 1.2759898266544067
0.5590024069157901, 1.2556639037355497
0.5607094192363078, 1.252352844854125
0.5626362907604692, 1.2529390389413426
0.5643672307571704, 1.2659104518761044
0.5627595662245514, 1.2849055228423487
0.5624164346776027, 1.3210410480045465
0.560008150366037, 1.3572581397110361
0.557912753023667, 1.3971859850028279
0.5570154489785962, 1.4280707575119518
0.5534155456489827, 1.4565392397000374
0.5543919956091932, 1.479619789919089
0.5534967682920018, 1.5004302700203882
0.5532705322575913, 1.5239014466081209
0.5507949540205471, 1.543579246632427
0.5524824193776864, 1.5548413107556678
0.5518507845588132, 1.5650345298040578
0.5525122622076633, 1.571550246722313
0.5530952035095873, 1.579456206331759
0.5572912866112361, 1.5975625458134703
0.5624581208629421, 1.6084708586062113
0.5621293222013679, 1.618772008121106
0.5627331065297034, 1.6313925711874049
0.5602328297679581, 1.6482474687260023
0.5627309005761008, 1.6561818122516054
0.5612059209211391, 1.662740255728584
0.5592213574171949, 1.6571457966166228
0.5581899816810117, 1.6420742654528855
0.5619232265185107, 1.6217664997180237
0.5600883744795719, 1.5897902973724216
0.5566829855939823, 1.5623168176194235
0.5570908118029387, 1.5325131210062628
0.5562875872290233, 1.492389581841794
0.5581475549341223, 1.4469588101877753
0.5575965909097143, 1.4037143811349184
0.560092197209465, 1.3708339271170245
0.5606559262809699, 1.3397468602456273
0.5601989713945257, 1.3107529784942051
0.5563290007055832, 1.284151584775164
0.5532394951231463, 1.2597892179891423
0.5506561115169569, 1.2390787966241974
0.551727131812636, 1.2314253803937254
0.5519286305286074, 1.2192647899370255
0.5528202143157979, 1.2112927862274743
0.552822363942879, 1.2063207837952072
0.5511778224030209, 1.1946875386536706
0.5500040348644464, 1.177895596263858
0.5486426744785579, 1.1799377231033326
0.5507187183821216, 1.1820261993697392
0.5512953343653171, 1.1915169925526887
0.5558567042897696, 1.198595034095947
0.5549299919513989, 1.1994397444589435
0.5550059146278203, 1.2080639236336852
0.5537231798717382, 1.219295976537031
0.551455282867901, 1.2320003510743756
0.5504707302104442, 1.2471193253600754
0.5508738358591124, 1.2637819638284231
0.5520446594846619, 1.2668140114163022
0.5514919840560053, 1.2702430956222521
0.5528342698108544, 1.2630397857613684
0.5520625783150194, 1.2452651409586346
0.5497382995624791, 1.230374210195198
0.5488224446980832, 1.2100346133825037
0.5499598759272409, 1.1895384790312724
0.5538205695606344, 1.1609951181150335
0.5570989398258158, 1.128817917905326
0.5573854517771666, 1.1078281527707343
0.5601863620562856, 1.0985531365452388
0.5622545603062058, 1.0869460430280513
0.5615710265478183, 1.089632617682056
0.5605496175302285, 1.0983795558555784
0.5619308648189411, 1.1146086509047337
0.5629285284294597, 1.128510103073065
0.5617485391034188, 1.1379577054029886
0.5592638286907479, 1.147886519399393
0.5577908040478539, 1.150044517608476
0.5578480968959274, 1.1475520935969923
0.5570287326536383, 1.138241499921793
0.5543160073051421, 1.143620001146727
0.5539146544067639, 1.13961080170488
0.5544684824145376, 1.1459169063447778
0.5552307446155117, 1.1356683503704676
0.5558976533603602, 1.140635243137509
0.557049445003314, 1.1528153181973662
0.5599166745480052, 1.1737778350934722
0.5603884936371207, 1.205385404278044
0.5583322224736429, 1.2336628579856321
0.5568571662462508, 1.2712234971123029
0.5581665539868123, 1.2900533399802434
0.560583848790747, 1.3067334931515575
0.5592061138634572, 1.3162475759900483
0.5549939078329705, 1.3190138154792534
0.5539127565577566, 1.3223343226801645
0.5531245552252464, 1.3194416433314804
0.551583036457196, 1.3094129949882807
0.5507034715050956, 1.2977654125336169
0.5515492356974483, 1.29656166005144
0.551999992764939, 1.2861823183058545
0.5533326496957736, 1.2806516885629375
0.552541136420927, 1.2787481490072046
0.5532381101581578, 1.2828038623225078
0.554895345953344, 1.299907902901417
0.5564758835637165, 1.308658427894272
0.5573356075203197, 1.3187903061063517
0.5571391783626455, 1.3433588151970548
0.5549802484817263, 1.3610356161285657
0.5581099337708292, 1.3604819126718524
0.5590699584737244, 1.3560367545195868
0.5573515064546223, 1.3449504449351115
0.558040196151091, 1.3514611200279651
0.5579808033604273, 1.3536430347734925
0.5599071543197047, 1.36074499980058
0.5554351822460787, 1.3833904176399827
0.5527376230905726, 1.4066008684587952
0.5531752907298385, 1.4224781206961712
0.5551672373238079, 1.4525537386542138
0.5543019324950832, 1.4895614364719965
0.5557346165606203, 1.5264773766920485
0.5567514717668944, 1.5778469206247263
0.5556712410124097, 1.6046936968284342
0.5545339376618631, 1.6399346171175306
0.5549158231002196, 1.6613889523232188
0.5570607338567262, 1.6604902459673407
0.5587861596988626, 1.65709477429549
0.5608211117292303, 1.6483600131778033
0.5583719564243562, 1.6247054862282035
0.5556222466137359, 1.6036275551542853
0.5556397097931434, 1.6005301232707716
0.5570656731516985, 1.5767075345491512
0.5582753566078041, 1.5739272966737459
0.5638469640851139, 1.5585751736826423
0.5661849762122169, 1.5492095754853592
0.5677961769153677, 1.5493411144420466
0.569963072744448, 1.553573711521468
0.5677974797885135, 1.5447391742302405
0.5683900828186539, 1.5464713068431328
0.5706753038985217, 1.546169589665744
0.5699476665262767, 1.5271940326182993
0.5677030586377717, 1.5046639711711323
0.5657355332989866, 1.4811046957127105
0.5608164850960775, 1.453763354976162
0.5602350147795143, 1.4329012790974693
0.5575358149665732, 1.40040176991834
0.5553924239343896, 1.370418085054586
0.5519998034518623, 1.3510194806091984
0.5547056333697187, 1.3237602829851567
0.5545685412356621, 1.3034154814851089
0.5539916360244066, 1.2790289228804523
0.5533765073294508, 1.2817099823519942
0.5543835405356244, 1.269934208582182
0.5555781750887526, 1.2694249345645356
0.5528878116921601, 1.267792178584418
0.5556740875261514, 1.2826025263278196
0.5549840561897212, 1.29137662608335
0.5579201246166422, 1.2985072959222084
0.5564689346034992, 1.3113703542305912
0.5560033004630851, 1.324482006378306
0.5566790955766268, 1.3452604752112338
0.557260984388549, 1.3509133108250109
0.5574845941192723, 1.3648033621814029
0.5566490325421464, 1.3685271296564614
0.5559876535157984, 1.369325693655635
0.5551736287643347, 1.360860526790386
0.5555602045249455, 1.355692184641581
0.5578559931616701, 1.346022832773993
0.5592828658818787, 1.3336221996554976
0.5604087575713199, 1.3231829999220164
0.5574087582661399, 1.313166848641759
0.5561927126623075, 1.3116839597715473
0.5583133949751413, 1.30375390460391
0.5571677381542837, 1.301912671578201
0.5568361984358082, 1.2861410411235588
0.5571900446931568, 1.2775321917938363
0.5570425454705081, 1.2705072525869363
0.5529644560803367, 1.2765994439561035
0.5523586126946463, 1.2769641482814906
0.5504720898480161, 1.2760471624865368
0.5496837021401649, 1.2832850599744785
0.5530927275632138, 1.283016068717711
0.5525447767719137, 1.2959580697172854
0.5556666114343354, 1.3100000122655362
0.5591851075196147, 1.3292433740828435
0.5591205631893049, 1.3534970143083391
0.5600144581329158, 1.3779105728418493
0.5599861968138995, 1.3976523113108716
0.5607065947566795, 1.427128680975901
0.5640501712054588, 1.4420520834993735
0.5654116643959675, 1.4401529308765995
0.561767425848969, 1.4452034289123987
0.5592603268614331, 1.4421735009406782
0.5595006314783364, 1.4362403573927165
0.5564584533719266, 1.4392784475725136
0.5559453442322952, 1.43575354832791
0.5543129168484994, 1.4251950153109092
0.5545115836104476, 1.4134414873357593
0.5544326837988953, 1.4055536009032712
0.5517694003869191, 1.4068034365660502
0.5528182647544231, 1.406367290167307
0.5552298718360053, 1.4199379744479288
0.5554515894726595, 1.427107051260333
0.5539947260151421, 1.444056574985624
0.5554048960294619, 1.4697277669270752
0.5533821720244638, 1.49110106955735
0.5533469584364843, 1.5023062688596074
0.5548206352414105, 1.5181542140311222
0.5535325311923965, 1.5205777982329949
0.5536463098612762, 1.5153827713460635
0.5507870043494756, 1.5379139494390468
0.5489762920674535, 1.531840369749664
0.5491677224999192, 1.5343829404668385
0.5468726342072792, 1.5208606428951796
0.5454235463584655, 1.5150206626383151
0.5482142191488427, 1.5088154534585985
0.5487327768718397, 1.5221726125249502
0.54817428024236, 1.5314477352183733
0.5473836170796434, 1.5512618239568619
0.5463338554951964, 1.5752081738345454
0.5494919493324245, 1.5856453116208968
0.5490153047869992, 1.6159418454646963
0.547472982215303, 1.643552252113056
0.5491034700392486, 1.6681065196442297
0.5502484817471348, 1.6799120263979173
0.5517749119825045, 1.6891961717555422
0.5521822915743563, 1.6967832959453706
0.5550141503321783, 1.7055521070108277
0.5576147362415688, 1.7113670118299478
0.5582728002853059, 1.7186543176453983
0.5587035938235922, 1.7259011831050124
0.5597532776797813, 1.7200696882788507
0.5619887432702706, 1.7117419040979016
0.5608842028192242, 1.7125447206344613
0.5605641365262002, 1.7086248421143413
0.5599729890322961, 1.718493818251573
0.5605912585273147, 1.7135238614089896
0.5575138093145307, 1.717835115070812
0.5559557496933362, 1.71602481777644
0.5570731415697521, 1.7040594415596124
0.5554684737538309, 1.6879028901745443
0.5539848366355649, 1.670049362242984
0.5519395863573093, 1.6541769199563003
0.5503519209097355, 1.6434949640740584
0.5492710191737699, 1.6367320966538845
0.5483587165664829, 1.6119977078133725
0.5491013324923204, 1.601886778147454
0.5504814910864747, 1.5796096981759535
0.5519956258271028, 1.5635665944355803
0.5533479165112107, 1.5562051669036758
0.5556825465585022, 1.5579461060214832
0.5565542700477215, 1.5554934384286088
0.5570215234256203, 1.560903485596648
0.5593320612362566, 1.5620649497288213
0.5598168952771301, 1.5610861169949817
0.5578530814306266, 1.558418179517362
0.5535496091646905, 1.5498161030093511
0.552388118123808, 1.5489355455579292
0.5515023588736262, 1.5428726740688763
0.549533609856588, 1.527973627684472
0.54726632172459, 1.508954872804987
0.5477211901218848, 1.4894278132219985
0.5461463030873658, 1.468262137250846
0.5479127315092274, 1.4437269083748403
0.5473056178001292, 1.4228556268966253
0.5513778878795138, 1.4161579621025988
0.5539263024621084, 1.4038580424411562
0.5539630462904113, 1.390780642365763
0.5540145921708457, 1.3815965753685897
0.5534368545381138, 1.3807673272967063
0.5543481810835269, 1.3917351571818908
0.5540916257598878, 1.40406236636462
0.5561863866770685, 1.4048606467051215
0.5533470293564167, 1.4080859059925774
0.5534287430224825, 1.4007112465861478
0.5502563200544828, 1.3909513236289395
0.5506567546084666, 1.3848607347655124
0.5523881277080346, 1.3767629157345116
0.5506752840149425, 1.3738259841663987
0.552154615387616, 1.3709999384666998
0.5528216464223105, 1.3574868505819169
0.5506364655186433, 1.3450503294964526
0.5517537384439672, 1.3423750496984699
0.5559970744339326, 1.3411275689208515
0.5553812839850104, 1.3478497265975928
0.5569658537169493, 1.3500093332634797
0.5571891257203326, 1.3548816247709252
0.558447653738152, 1.3550017225861004
0.5584755028369954, 1.347791880229328
0.556831546355285, 1.344835835554764
0.5564400967999777, 1.3288830133098908
0.5590083196915986, 1.3186760398110753
0.5590717247446333, 1.2996933894083347
0.5581318492312758, 1.288432587780523
0.5607629545311715, 1.2816771158396736
0.5576141749868951, 1.2694335432201371
0.5602157581772116, 1.258815763842184
0.5571866893359039, 1.2481963452828488
0.5569752441310134, 1.2482546340281613
0.557699638951988, 1.2540344575218305
0.5557083209692578, 1.2665213731961749
0.5542816498496099, 1.2778715459178551
0.5540661327926573, 1.3048094531424754
0.5530232889256573, 1.308219812949005
0.5516102430788034, 1.3072218054738363
0.5530440547087128, 1.2955020589972561
0.5516592667173124, 1.2946580729477497
0.5528775006936435, 1.2991758285898607
0.5519927069560204, 1.2920047892986382
0.5506763435055377, 1.2794152178060954
0.550567090879613, 1.2807850867744401
0.5519432468739914, 1.2905599896999829
0.5488270541214773, 1.2821847737310808
0.5484072171036345, 1.299231380667051
0.5475985567680323, 1.3249491479916977
0.5475064744029983, 1.3684590128129785
0.5463502924854151, 1.407672379833602
0.5441250280116136, 1.442493136187537
0.5478139671325009, 1.4791869585887671
0.5503041925948119, 1.5234116302655698
0.5511160168849962, 1.5506762847727122
0.5520028650968127, 1.583469687690252
0.5555511475124029, 1.6270743761460544
0.5566290312784643, 1.662174583905157
0.5587461929857873, 1.6938232476395558
0.5589857400739681, 1.7314218272275177
0.5601833988943711, 1.762808186177109
0.5608136224324161, 1.8002852077814329
0.5612595576617256, 1.8463932678753874
0.5597678626271992, 1.8848181311092165
0.5613170877555406, 1.9200110725742232
0.5591773557287438, 1.956610791288972
0.5607716678271225, 1.9886424461485461
0.5589073724065546, 2.027820898014346
0.5586354882150621, 2.06303704791229
0.5596389109661485, 2.097056908466331
0.5597300986661228, 2.1179752719256104
0.5618930642652826, 2.1171028879180898
0.5609039062812691, 2.0951648287232723
0.5604648196706998, 2.0779706034775236
0.5601600588497097, 2.068027798227848
0.5621239074615266, 2.041401768202161
0.5584551948999941, 2.0163756622127194
0.5601296068360593, 1.9791680876686613
0.5584203907677658, 1.9478781513593684
0.5553836539565347, 1.905755661850423
0.5527231351890785, 1.8693757392186214
0.5492564324637104, 1.860345245894162
0.5488046623471102, 1.8687257692737826
0.5496645143240506, 1.8664237789082603
0.5483721918332971, 1.855848119050861
0.5491127148122199, 1.849994507124649
0.5502756722701655, 1.8460937226342864
0.5479563580364937, 1.840804980369062
0.5494618604656291, 1.8199458186342017
0.5531840476833658, 1.8053882867471724
0.5527355440790707, 1.7958759558003259
0.5540883972656759, 1.7831628609015229
0.5533582225921941, 1.76147190810815
0.5522432314646512, 1.742210791743873
0.5520088809745521, 1.7268011063712094
0.5497908410930973, 1.716621499575335
0.5513440056465133, 1.7049951208337681
0.5515595394813035, 1.697313431941603
0.5507876732975487, 1.6954542975850644
0.5494218821864246, 1.6953663704311484
0.5507711508471758, 1.6921961996167887
0.5526411547703134, 1.6897090161825652
0.5530935848684353, 1.6876956330250714
0.5524440959254014, 1.6714806457553166
0.5544309846317267, 1.6531026984467871
0.5544840735753677, 1.6226803907632958
0.5547931892206635, 1.584324403466109
0.5545561764650027, 1.55041998944108
0.5542101722602161, 1.5219155700178915
0.553403908994943, 1.4894516996973417
0.553699496377057, 1.4580507686328033
0.5509772536532456, 1.419731768002452
0.5495042238849214, 1.3962204659382578
0.5515320436041915, 1.3843149313557852
0.5501682491956453, 1.380476250250166
0.5502925553853152, 1.3889744413484582
0.5469386300140544, 1.4080694167193748
0.5474890455339947, 1.4275456817277952
0.5475187849071596, 1.444665731337747
0.5493520777336339, 1.4619593552006125
0.5479191189448575, 1.4728137956006533
0.5486540952063625, 1.479183083103911
0.5497020178034759, 1.4675526935009775
0.5509475644071306, 1.458932556350618
0.550721826284372, 1.442265699903398
0.5514422869565003, 1.41924083294696
0.5531345126984603, 1.40296580593014
0.5550861445695585, 1.383612660534972
0.5537292938877938, 1.35864570991184
0.5541839129786986, 1.341128085207559
0.5561967555898226, 1.3272345364964782
0.5585931511308798, 1.3167877856500625
0.5580930382928411, 1.3259057665877814
0.5552540588778903, 1.3331455513649684
0.5571867597980997, 1.3600264054881468
0.5558930360259887, 1.3690447190582842
0.5559406949144495, 1.362732770889991
0.554292631717366, 1.3612372963178634
0.556489115972665, 1.3522347144023554
0.5543605010328532, 1.3471422763682797
0.554630673155026, 1.3392945741873226
0.5530086134732295, 1.328995296658142
0.5540927171356869, 1.3090152815570717
0.5545559606945909, 1.2934477754770295
0.5529651421819379, 1.2642784202016828
0.5523843310319541, 1.2443406751030595
0.5496544275245704, 1.2387495075195107
0.5510780596544101, 1.2239258426693278
0.5518698805256758, 1.2189833763954496
0.5520137573257953, 1.2177323568998717
0.5530033962611827, 1.2177289732353156
0.553510555128973, 1.2221160417204497
0.5546414631342457, 1.2204061882816273
0.5516215087534013, 1.2183466358567518
0.5545699072933539, 1.224186846603292
0.5577412277895271, 1.2397495293067582
0.5588858179461368, 1.2527262102521433
0.555993329387414, 1.276760351872877
0.5574718112765434, 1.3131343121830221
0.5585524464619602, 1.332838656102029
0.5565301052421321, 1.3786179729668364
0.5584382898411652, 1.4211012471752487
0.5574619167581029, 1.4749208472932076
0.5615921538517965, 1.5352564194206155
0.559275273132624, 1.5897837853053618
0.5582004047652427, 1.6610607893632274
0.5570015377147637, 1.7268884313323891
0.5596418896112452, 1.796352869900327
0.5591078898795871, 1.8491548542896319
0.5586296093573926, 1.9012225377672123
0.5598912193528749, 1.9290428076559056
0.5570255331436065, 1.9569302532714308
0.5559795857214838, 1.9754626028903182
0.5579417988285547, 1.9769287690866115
0.5572115065568295, 1.980654446639265
0.5572674511699509, 1.95522444592165
0.5586135207120223, 1.9310757886426413
0.5600936240156946, 1.88597071082798
0.5554866882107922, 1.847645371708446
0.554701672741053, 1.818251247917285
0.5561123140570835, 1.8037302614136776
0.554354849424634, 1.7844529225175312
0.5550057471890016, 1.773073610087632
0.550639914040917, 1.7741085601976962
0.5488998219790397, 1.7688523581302202
0.5495312104345628, 1.7670334972751776
0.5504689977450713, 1.7650287974637853
0.5491228846044625, 1.7660433297227294
0.5506117293996521, 1.7696022431822975
0.5516667380752093, 1.7716266541612504
0.5515093690559814, 1.7591760235773386
0.5549949592729567, 1.761118947240605
0.5559114662161551, 1.7593774653944312
0.5575939206059923, 1.7571257197384196
0.5615061621471625, 1.7552052344499338
0.5601657320217379, 1.7632544724576402
0.5599664525729704, 1.774597924653147
0.5573837923654474, 1.7941499422057354
0.5575445756538185, 1.8041183000102108
0.5540754625193562, 1.821705686647806
0.5532241232479811, 1.828388336798063
0.5531818783436842, 1.8305138514403698
0.5514991938657341, 1.8227239131788706
0.5539320102007388, 1.8206435648561061
0.5511283797603659, 1.8111869223751984
0.5527809498292188, 1.7902164870819344
0.5518505568636737, 1.7722769615195393
0.5539679250144627, 1.7542539166666906
0.5548322739108393, 1.7486226398118334
0.5568470624513828, 1.7299326178975627
0.5552474218841145, 1.7239500681632947
0.5557939988914045, 1.70765418817883
0.5553621552527392, 1.6986228032578203
0.5492765022659332, 1.6956192298704988
0.5500735798527849, 1.69640068403772
0.5480718185103461, 1.7160171231637846
0.548180354724801, 1.7175570432893081
0.5460136861556616, 1.7241903940387737
0.5441937765899627, 1.7212399467756192
0.5455188454859659, 1.700385922621479
0.5480148822358897, 1.6824529189834323
0.5490220967990438, 1.6789155212296578
0.550573648767853, 1.6683730431986263
0.5533053713409171, 1.643184750150682
0.5556350721002162, 1.6255642819773128
0.5566148422866204, 1.5824580194911393
0.560011512148449, 1.5627038953765315
0.561322026278219, 1.5395705449291686
0.5626366937226388, 1.5134625245959512
0.5625419467378145, 1.5054676011369699
0.5605890661238494, 1.4946483171960607
0.5574866567623823, 1.4789857224623708
0.5563840013650899, 1.4769468936327188
0.5592124821686146, 1.4814205941945766
0.5541890405375196, 1.4667040305030201
0.553009212551563, 1.465284599871811
0.5507143523192543, 1.4508367867410443
0.5492836379709438, 1.431082818220045
0.548335789626187, 1.4078265455678498
0.5478963805061869, 1.3917851973876108
0.5486406963714884, 1.3653886677489238
0.5497646825626548, 1.3475489455902878
0.549164293297081, 1.3168221981420292
0.5473251064467723, 1.2814132706944206
0.5511704650077912, 1.262442641472608
0.5511165224494439, 1.2512738882671182
0.5516584595715031, 1.2457760466066135
0.5534894518642289, 1.2390630076472162
0.5543372495565853, 1.2333174486505305
0.5543266475087443, 1.2253066365691156
0.5532600327172323, 1.2174815026250263
0.553366787209404, 1.2024271735833987
0.554848962472543, 1.2054066853533432
0.5538542533226397, 1.2000285880135946
0.553447543517134, 1.187074785937267
0.5556425536678652, 1.1738849222118586
0.5562454451474478, 1.145636860337637
0.5573715949750101, 1.1309163049408377
0.5554882321680451, 1.1325984299714362
0.5550994309907341, 1.1342459636414959
0.5539155974060984, 1.1454154733591972
0.5546454622243423, 1.1520053904365937
0.5556698378817578, 1.1507605872135218
0.5589573616901473, 1.1554383834398387
0.5591165891822055, 1.1784321846072572
0.5573279232779839, 1.1882035342898924
0.5552142332869687, 1.2185689444428223
0.5543124342688598, 1.2405023649170006
0.559925790282896, 1.2630226735303
0.5592795297345325, 1.2911550045120175
0.5602845203437672, 1.3166687541923767
0.557218928744079, 1.3489284405882853
0.554681200779899, 1.374886456309983
0.554169377795033, 1.415402793401166
0.5535803506273829, 1.4441040615742087
0.5547105523032684, 1.486033786719933
0.5560728904580235, 1.5186333343682392
0.5555000120573333, 1.5543311368798904
0.553332251006864, 1.5928757374563767
0.5536456231732936, 1.6243159766372208
0.5543610166853656, 1.6682791110707065
0.5582165478587354, 1.704404175761478
0.5586895074538404, 1.7378823265428949
0.5571820797338785, 1.7519254807419373
0.5579427856750454, 1.7599378514107609
0.5565081473462936, 1.755988637468139
0.5547090146982544, 1.756570630020405
0.5545761476765401, 1.7556889399227387
0.5536503400983388, 1.7415239369241668
0.5552956504220756, 1.7306914115459198
0.5527384669376172, 1.7141831912582064
0.5513385891595208, 1.700252753381043
0.5528088004691591, 1.6899498606176788
0.5558753180869375, 1.6989472222477435
0.5548300268519896, 1.7070178157575242
0.5547557552729102, 1.7375821452753375
0.5547331305539612, 1.7671493798917353
0.5531718332671594, 1.7845852225936618
0.5515296639577265, 1.8058778561617879
0.5505489957120784, 1.802479144105775
0.55183663422319, 1.7976559072500902
0.5502641986355661, 1.786578236477014
0.5507484825900965, 1.7784436045606178
0.548679687566286, 1.754248245066941
0.5522233852871722, 1.7500952417795763
0.5528181048277786, 1.7205496472471005
0.553233024124557, 1.6862356538642467
0.5573089856640154, 1.6758719158958442
0.5604866333249994, 1.6557967508452773
0.5618031670043782, 1.665473384190598
0.5623377898528719, 1.6676315395340322
0.5617866915007674, 1.691714330686598
0.5588969729622286, 1.7036054827721994
0.5599654579067926, 1.72878202401655
0.5575275826254498, 1.729783741313042
0.5573736084132807, 1.7473604429716758
0.5604935569517899, 1.7603455712766887
0.5583087013579332, 1.746095005361288
0.5566609718221971, 1.7492272250894545
0.5558410073997104, 1.7448289464548867
0.557084370122542, 1.7427899746397455
0.5592204250888387, 1.7298009835678343
0.5590124358172118, 1.724881508743995
0.5561604655241235, 1.7041635808217883
0.5526137034510397, 1.6982352540457577
0.5550636463549994, 1.6862876866952465
0.5533983565923717, 1.6721108000308043
0.5535135950069353, 1.6684831272512937
0.5549336832756121, 1.6587456919747947
0.5545632824399619, 1.6447852245742265
0.5532465248223156, 1.6267770257206837
0.5513953050351557, 1.6068896250064975
0.5517075273957597, 1.5861177928438577
0.552382184051585, 1.5770254726558615
0.5550007435463137, 1.557918717998693
0.5527252924189919, 1.5362844519523244
0.5525883138486823, 1.5279819685896376
0.5497644036766468, 1.5177955230914735
0.5475116268572549, 1.501190562544888
0.5461066839238609, 1.4795435892225905
0.5474614615914618, 1.4678359416054767
0.5500348668482131, 1.4476788352114
0.5528672484512811, 1.443693686247736
0.5548928867854315, 1.4258085800732854
0.5552018455042552, 1.4251499087670092
0.5549599091735039, 1.41911719358947
0.5532026239989465, 1.409215643637682
0.5570540735661328, 1.3983960796068735
0.5577937184939259, 1.38301754562707
0.5591209937552658, 1.3644957917835518
0.5573410330331118, 1.3408326669982586
0.5555991995377483, 1.3174083383756352
0.5538586026394585, 1.2864620825229924
0.5513525582488378, 1.2657994473681324
0.5522391036622656, 1.2313860816214262
0.5541332117199822, 1.2037254745214805
0.5553646195883196, 1.174191905574718
0.5528902855208223, 1.146269621305256
0.5545236344017357, 1.1264095921170127
0.5547530864842815, 1.119218980133447
0.5553705307209105, 1.116913921261149
0.5564283819033495, 1.1201705415291634
0.5580900168244203, 1.1252065318613063
0.5582934253525267, 1.1233261027086325
0.5567231968467465, 1.1214713528975315
0.5535509754377961, 1.1183873666914959
0.5562895745708604, 1.1204092901087812
0.556695371679605, 1.1222793237965338
0.5563229698098928, 1.1354503502147808
0.5541545329164689, 1.1393261456019113
0.5522912159457481, 1.1612505060929077
0.5514344350447435, 1.1827898280990052
0.549183836776079, 1.1838237597848666
0.5495305986749869, 1.2042043466337602
0.5502000400776095, 1.2340913396351536
0.5518367571381916, 1.2681346025152378
0.5523818950169195, 1.298459302840292
0.5520722209427147, 1.3317770863839338
0.552358640141008, 1.3572513003400326
0.5552746637300411, 1.3827777247557655
0.5569889700862655, 1.3879609509513668
0.5581158188392911, 1.388194933502636
0.5587231279891808, 1.3997325351508865
0.5574369601266255, 1.4044949149936319
0.5582793689605168, 1.41158463293791
0.5567653757959491, 1.4155525169853458
0.5528848894192693, 1.4173678416120825
0.5553017553410415, 1.4297701192025185
0.5529775920929751, 1.4390858596832368
0.5532768921591071, 1.4672329799505959
0.5543662426394945, 1.50310948216687
0.5528494827850701, 1.543885541297198
0.5542245740503239, 1.6001494200297361
0.553934988820204, 1.6593057856352318
0.5524399863654439, 1.7109141736619873
0.5540060415032586, 1.7635017619031426
0.5560901961532199, 1.807854692086083
0.5564294618479861, 1.8430639601942267
0.557996721035214, 1.8716026698751747
0.5547709205864007, 1.8885532797720574
0.5546463958699144, 1.9066205347796608
0.5561902868063727, 1.92012198332571
0.5544683684439697, 1.927112593368338
0.5554396870321441, 1.9222079194746786
0.5550087529332629, 1.9112530638775513
0.5541073602312219, 1.897466711961973
0.5542958311708049, 1.9072280017838672
0.5513104774555101, 1.9179276355739234
0.5503223245764459, 1.9260095347546478
0.5546303337445389, 1.9383395728171127
0.5545269948426824, 1.9433651280011162
0.5526185182280972, 1.9558094380861406
0.5546583244778562, 1.9555004316143516
0.5565199023678455, 1.9551103965146492
0.5555383545455739, 1.9583585873814198
0.5566307125038242, 1.9590369724258263
0.5536337748652946, 1.9404792802414472
0.557543180024393, 1.9233417392468204
0.5565972030743568, 1.9117225144643109
0.553851091560843, 1.888479462249336
0.5529609065880342, 1.8767100059950685
0.5530874247250461, 1.862187231532777
0.5517548879112797, 1.8601395798711806
0.5492542847611432, 1.8609483829636442
0.5486130895080434, 1.8629604622517413
0.5470387019541598, 1.8684333193602918
0.5486992035562144, 1.886155556007226
0.5451251699511754, 1.9042963708815175
0.5446206076730642, 1.915274622831341
0.5451958358829255, 1.9280740482577063
0.5461368579387658, 1.924532249913037
0.5476376593965919, 1.9160690060065666
0.5498952176737528, 1.8935944582157898
0.5534229767350309, 1.8769728582706715
0.554816030127614, 1.8576870640738394
0.5567472204126979, 1.8340486695337344
0.556163274247591, 1.795301661401112
0.5549398001382707, 1.7616941497228449
0.5552055031110866, 1.738768715930087
0.5548386138242687, 1.7193266054201417
0.5532954245285105, 1.6999060554759713
0.5508482421955864, 1.6872516449206851
0.5485982728435819, 1.6918151173237501
0.5451953569462351, 1.6855907223296327
0.5445292309239494, 1.6776307663389143
0.5443824406360087, 1.673932541080962
0.5437536826757041, 1.6697866708467377
0.5460794662879822, 1.662581203710717
0.5477661166743675, 1.6453568632508297
0.54901677228108, 1.630893549709154
0.5529001601740944, 1.6184464567165047
0.5581514178808868, 1.6038482257497098
0.5591161462168575, 1.575911711595353
0.5604942823364004, 1.55939195232271
0.5622976310114647, 1.534058426379888
0.5617720768819373, 1.508050706103439
0.5638481502753625, 1.4937312128874534
0.561683237197235, 1.4706982130261734
0.5615318125534915, 1.4566781290677742
0.5618722988518818, 1.4389422615429965
0.5603555782442174, 1.4282847638899594
0.5550474752557879, 1.4175322670293506
0.5551802805576258, 1.4064220745148632
0.5561069120908139, 1.3823664348300315
0.5548872734917778, 1.3702955903253555
0.5543638657369167, 1.3691662424526547
0.5531779632531653, 1.3596441882096195
0.5548385629073046, 1.3516049420058145
0.5548534475523892, 1.342707956873333
0.553568819866668, 1.3319290840521567
0.552305888652606, 1.3183076004112675
0.5554036783299171, 1.305387643859095
0.5509689600363931, 1.2982982258298512
0.5489963897305499, 1.2920826970983477
0.5505971895592572, 1.2930760514859827
0.5510806545896213, 1.2832314117918842
0.552321689050335, 1.2811751738715218
0.5520972779786579, 1.2788702006099657
0.5502657706163224, 1.2751308094393559
0.5507768386562681, 1.2742424136640018
0.5507202339800441, 1.2781037980915424
0.5508384661530467, 1.277032536863652
0.5529872583620475, 1.2720880264039798
0.5527732549727652, 1.280878521513131
0.5505470968088491, 1.2861384762969554
0.5515076783223567, 1.2935721941254015
0.548493934418841, 1.2942074243287207
0.5485815079907433, 1.2996005290289263
0.5515620092882565, 1.3099298424504469
0.551402944021821, 1.319234305331848
0.5491957641497762, 1.3262131346861565
0.5472103924328854, 1.3447031473972229
0.5495528268098349, 1.3634423233391513
0.5501145331458475, 1.3735904993497026
0.5509310680666298, 1.3835438006049379
0.5496249261860635, 1.3974064633020844
0.5529096273268178, 1.419374127184947
0.5522354931784499, 1.438833242753042
0.5519661878711247, 1.4544755472851028
0.5522944635634517, 1.4870802372098537
0.5545717325665155, 1.5146043334102604
0.554183940855553, 1.5458830911081325
0.5538260324758613, 1.5922968532314277
0.5566145387907108, 1.6389957960814296
0.5568787777609203, 1.6925329274155125
0.5578799566164205, 1.7370731404745854
0.5562030023915615, 1.7891940758849731
0.5570091895913571, 1.8386206989880258
0.5557029947441174, 1.8981333519020787
0.5569910751675639, 1.9463630673742116
0.5571532613611649, 1.981877839607921
0.5581924449980826, 2.001607191535059
0.5556676051694055, 2.0018439035277487
0.5532900468216818, 2.0042597132406472
0.5538398856226551, 1.9963278917083276
0.5531896027959342, 1.9884305285667636
0.5508146501427339, 1.9771243542440256
0.5506519811607397, 1.971589816714276
0.5512917690927566, 1.966201323970639
0.5515412454114841, 1.9650174112286343
0.5511938356537189, 1.9752891708937241
0.5514827757808749, 1.9956941964608226
0.5535916030112101, 2.0184715748532485
0.5541424622330169, 2.0462030386438395
0.5532765777211122, 2.0847871426620346
0.5537720194162334, 2.137522513750598
0.5559194748117491, 2.162972619287927
0.5572855434971714, 2.182313625334893
0.5566759363926312, 2.1776895590458225
0.5554864812989523, 2.163321440553447
0.5576848590781365, 2.144168363350817
0.5564452496447665, 2.124215028052549
0.5574640250394991, 2.1015777344779876
0.5580806508706935, 2.0748441881159074
0.5597077480744315, 2.049388991842936
0.5585187269173744, 2.012292718101045
0.5588200391435554, 2.0041255037808474
0.5586043781302653, 1.9860388925418309
0.5564962952535002, 1.9877986443418814
0.5534338357340715, 1.9905559042390337
0.5509310573015556, 2.0023570085660896
0.5517120439468124, 2.0137098730672705
0.5513962276747736, 2.0217399507158618
0.5507730689726296, 2.0269580038474304
0.5504293519820789, 2.0216986544648883
0.5503783858490097, 2.0081021988116325
0.5499929785030903, 1.9769530874770254
0.5501045224432135, 1.9446838970987907
0.5529465085935727, 1.9092691631915202
0.5567961702352007, 1.879530969288043
0.5551267493685261, 1.852835001908526
0.5547467907659392, 1.8140694154919832
0.5556361160083276, 1.7762222397540346
0.5535474236945589, 1.7419285807112534
0.5554633127144747, 1.7108788786950675
0.5567654706105263, 1.702860761277332
0.5548148223005134, 1.6991023058138606
0.5560446838110814, 1.7081641475838876
0.5555946947739587, 1.7142416621938985
0.5546659415805844, 1.7060167157250117
0.5549109877427745, 1.6917897396527208
0.5571191670818638, 1.6795128358977975
0.5563263775378706, 1.6784519391614487
0.5578179214746156, 1.6671165623238455
0.5535617972275171, 1.6497392980987855
0.5528365600841741, 1.6171665780646838
0.5560856452707108, 1.5918590341988212
0.5533763187241459, 1.5578541124398204
0.551927263560304, 1.524230487956653
0.5531125268281839, 1.497822170935788
0.5533741714540255, 1.4728818035592814
0.5508286732019478, 1.4521509456139496
0.5492846070938502, 1.424853415555751
0.5469563754201142, 1.403652475601616
0.5484905638085943, 1.3892574178464956
0.5480480650359264, 1.374852824629087
0.5482988473378898, 1.3588786861364954
0.5495987699382457, 1.347440778286337
0.5522022343185865, 1.3282255926401745
0.5497162102376875, 1.3169877205468663
0.5529415421316755, 1.3042074361131708
0.5529757773323496, 1.2907547353056734
0.5536820894942296, 1.283815526051944
0.5555994067828068, 1.283690772252592
0.5580647975403645, 1.2865693004539116
0.5565843208585062, 1.2818788100917577
0.5551845096778923, 1.277251965801187
0.5540253051985468, 1.286060641026913
0.5529441216281187, 1.304167257132067
0.5535494638196016, 1.3202522304284643
0.551228590117177, 1.3357915801260876
0.5527418952097252, 1.3496684025540415
0.5525123309062503, 1.3479547794611257
0.5568549246381836, 1.34398642172288
0.5576807324577884, 1.3288866792276017
0.5588211880811708, 1.3297227041206983
0.5613390840032433, 1.3215929482521829
0.5608750218414935, 1.301663706959045
0.5607934789228229, 1.2853482853322544
0.5634684743071026, 1.2689446043047943
0.5644024344884023, 1.2553851402257947
0.5628062817481503, 1.2524746857215692
0.5645595152536959, 1.2609900512355334
0.5632576454778777, 1.2651867030045043
0.5579525956075542, 1.2797766136216069
0.5612697482870359, 1.2871865869880719
0.5576505862326468, 1.300065204612595
0.5587306014309517, 1.310609124515007
0.5593983446497307, 1.3158576278987806
0.558344434648204, 1.3314192049987932
0.5565736415085902, 1.3363537989230911
0.5572796888213725, 1.3439068004499275
0.5582456131049738, 1.3544152053305225
0.5566156267143623, 1.364636672902756
0.5596510840041408, 1.3708034258937083
0.556080688064956, 1.3780653123188857
0.5596590538063794, 1.38385277388381
0.5592482625832506, 1.4118655335430963
0.5566573178278864, 1.4391291896303675
0.5557015759327667, 1.4623851579347675
0.5570364246296265, 1.5076198525880808
0.5573262386673992, 1.5382576793251583
0.5552394402708071, 1.585283746036234
0.5564994040387928, 1.636085733401568
0.5574204745540947, 1.6805719809660489
0.5607927598082318, 1.7191296983016424
0.5588084615299242, 1.7597753319848881
0.5575947219305244, 1.7828717374177614
0.5584205885901066, 1.8087335369282613
0.5596505679192493, 1.8372834484132359
0.5617683448033575, 1.8468422324423581
0.5622372183631892, 1.8596006382575418
0.5597566257928734, 1.8611134442333515
0.559409728857218, 1.8691337657178575
0.5592090859838552, 1.8743150779796778
0.5557285833718522, 1.894750399323551
0.5556579049947652, 1.9227322982277375
0.5579694370390397, 1.9538076493899155
0.5609177733174664, 1.9867138858448592
0.5596568769961718, 2.0030444375986063
0.5582852193160722, 2.0332859065387976
0.5554628219884927, 2.0475668581733593
0.5575312118358273, 2.0440684752178395
0.5550756711028401, 2.03237188584047
0.5530184758670449, 2.031735773895333
0.55626899311169, 2.0177521582691083
0.556224029256666, 1.9979431646062356
0.5557933125562109, 1.9707546414533819
0.5534583790585073, 1.9418580924777467
0.5518047717983875, 1.9242877109276129
0.551657297755647, 1.900168043049345
0.5540822312692518, 1.89676093700349
0.5566767801687409, 1.9126549894699694
0.5567135743505643, 1.930986009673153
0.5556069508107725, 1.941910973657548
0.5540493873858324, 1.9608254311029936
0.5538071468499621, 1.9791221399802814
0.5545740073978166, 1.9944425904929133
0.5538113387074423, 2.007003824508124
0.555582434236596, 2.018955673390376
0.5535258554724114, 2.0285015707814895
0.5534841717627704, 2.0450333848223345
0.5500980462148239, 2.0445410797309713
0.5500492283628897, 2.0370570894634445
0.5506343966927965, 2.0216554394244817
0.5493743311781124, 1.9975539975276924
0.5474390215665411, 1.9745741117217466
0.5475938237392866, 1.9573798929331214
0.5479169179449265, 1.9425690886472409
0.5460675299682959, 1.9249781410343618
0.5454727840039495, 1.9066481795414334
0.5457652678265846, 1.8832874761402898
0.5482667616900818, 1.856168027286138
0.5508961435952314, 1.8257663641933966
0.5514976657840489, 1.8045215218637634
0.5527761675819705, 1.7884619614563149
0.5549392842423401, 1.7611180503930146
0.5551048922821935, 1.7374382200485647
0.5574817333236723, 1.713614434532423
0.5571640342460815, 1.6819314024647951
0.5597247323319972, 1.6549963629380813
0.5595317225988354, 1.6233573257003182
0.5556625955921117, 1.6085329665678674
0.5495850461162037, 1.5944800919600495
0.5495965639477337, 1.577746649687108
0.5495089666307076, 1.5715431922927388
0.5494504549504012, 1.567423131327446
0.5476104525310549, 1.5649483243900542
0.5455595775353177, 1.5581341401736997
0.546676579606262, 1.5589207429343057
0.5470700469761665, 1.5448780917580538
0.5464965702643227, 1.5294044161044282
0.5480827982528497, 1.5129812867661916
0.5535867464300743, 1.4902038234251886
0.5529911077339122, 1.4691579003340454
0.552471140329111, 1.4390261401158697
0.554475012239037, 1.4187282991831414
0.5573899334136179, 1.3938867002378814
0.5590478739606336, 1.3721443687715844
0.5595144488634115, 1.3553102769714427
0.5592910624787517, 1.350365213413887
0.5600314756469598, 1.3337335928362957
0.5596003878501111, 1.3267865175551523
0.5593828454410243, 1.3249892028272057
0.5591632822895489, 1.329684080530313
0.5594445280552927, 1.3342207172416825
0.5589234350582923, 1.3338428781390863
0.5563992880684678, 1.3324604854802613
0.5556657271961994, 1.3306804139261446
0.5537783627332181, 1.323132980110693
0.5524354359468655, 1.3152957007026536
0.5507914836929808, 1.323987280751345
0.5524892733713214, 1.3241949820796353
0.5528741164516969, 1.3285064212838082
0.5554499922794325, 1.328849488671993
0.5564294226685585, 1.332370499545322
0.5530699614828674, 1.3329897442030896
0.5525872159333114, 1.3404092225529871
0.5535517448233181, 1.3467845395532492
0.5564389806381362, 1.3535338889127244
0.5579962171949967, 1.3651458321326708
0.559064021009069, 1.3688402122890841
0.5595911785954969, 1.375033038895065
0.5583642530915234, 1.382949989964373
0.5575097808120885, 1.3921932463372584
0.5567946096271534, 1.4087389485073607
0.5582851430063291, 1.4327283261811337
0.5578493739818863, 1.4549988412170662
0.5572431174224043, 1.487819308249909
0.5532512927290398, 1.5229782343649432
0.5521198086897188, 1.560451826006482
0.552389222873411, 1.6116345038102537
0.5496769117464353, 1.6538040692663614
0.5522590071059695, 1.7002235266453785
0.5519499416018205, 1.7513803827504197
0.5530221572400478, 1.8037574287130247
0.5523471473057249, 1.8536066943145766
0.5531092834278122, 1.8972370801301
0.5556130172512412, 1.9284410432571288
0.5563571528801322, 1.9427418727528054
0.5556538162150588, 1.9580423825286832
0.5572315572823863, 1.9592601100004348
0.5602104032016694, 1.970878464394665
0.5589475176493015, 1.9697889285856722
0.561320295205418, 1.9736033234162682
0.5594049959606068, 1.9753917641594243
0.5605774226907709, 1.9683329699642047
0.5616868817321446, 1.9632343844864342
0.5588252616206313, 1.9641921621687044
0.5621268672514979, 1.9866663227169195
0.5623380810527164, 1.9976818117277504
0.5580778358197473, 2.0077075200681884
0.5576696976280732, 2.014547846867264
0.5582747945886802, 2.0336117037678383
0.5563215910364763, 2.0408461704505116
0.5570292737212077, 2.0208904135891377
0.555501712796907, 2.012563338470627
0.5553338670707005, 2.008279968877348
0.5540186853559163, 1.9987186762884364
0.5532478863768149, 1.975286280500584
0.556505752942557, 1.9572287776136448
0.5593633410734894, 1.9413459803707749
0.5580173242647393, 1.9222739773991222
0.5532974580960073, 1.9068848930018905
0.5543774047488188, 1.8961848062957636
0.5532241244978616, 1.9033847367235992
0.555179389524374, 1.9079582498071712
0.5563173875432634, 1.9131227988138932
0.5603081335235884, 1.9210618306361062
0.5591641494558315, 1.9356178410651974
0.5570559803858478, 1.9382173272948606
0.5585438511764915, 1.9418120056202326
0.5589066583150097, 1.9434185521729996
0.5593536005707964, 1.9322182113016484
0.5600014973802157, 1.911921809168195
0.5610574647817426, 1.8860581407222277
0.5594836925460313, 1.8582282959506748
0.5571417837393693, 1.8288601229883366
0.5539068961921619, 1.7912508736817405
0.5549133666143433, 1.7500104823069684
0.55448139580962, 1.714942672897537
0.5538160657698948, 1.6864129031516604
0.5541002880288083, 1.6590713051065815
0.5556336324722665, 1.6373092696592013
0.5540115126635203, 1.6285341417288155
0.5548892330846847, 1.6245299276230356
0.5553709577875197, 1.6218883918130604
0.5546161605613704, 1.606300288044757
0.5534790389617348, 1.6036803838626195
0.5529587771587032, 1.6038892858902263
0.5542227358102266, 1.5982395475801892
0.5537600524439465, 1.583583960248438
0.5537989954031767, 1.5694402186238903
0.5547196645474344, 1.5606707449630046
0.5550623077697298, 1.5424695688230554
0.5529726519226627, 1.5214163437424857
0.5552527600526335, 1.5005788779888491
0.5557448732889337, 1.4976432037616771
0.5566947346310708, 1.4837618028134778
0.5575199765237995, 1.4599257377632067
0.5573322262991527, 1.4515397410672357
0.5561742576371841, 1.4533577882237083
0.5533529214516396, 1.4512833631041746
0.5517951105490264, 1.434781483503818
0.5513003388819268, 1.4218458038928135
0.5529736297626588, 1.4158211746611429
0.5493625574263045, 1.402488941929519
0.5505065629096291, 1.3806728993715687
0.5518723707772104, 1.3672992390792111
0.548458823873082, 1.369973591373277
0.5475880046131218, 1.363076198035793
0.5501453929980393, 1.3481092937161834
0.5515796101601422, 1.3479955463805242
0.552279162127465, 1.3539351600160714
0.5524833803449705, 1.361836408018298
0.5508546214173268, 1.359913810836668
0.5517392472851917, 1.36687234854007
0.5518111027120242, 1.3813080484311564
0.5495052384392178, 1.3906450855665582
0.5527362264618263, 1.391351316859181
0.5511636657344473, 1.3925397210518335
0.5517520983407189, 1.3930926018406256
0.5548323313428183, 1.3742459342055022
0.5578339412697237, 1.3601173516970568
0.5587066330584874, 1.3423377177143043
0.5604377643896399, 1.330100977648147
0.564590167511682, 1.3198414264799596
0.5648389381279781, 1.3061643176901967
0.566394497427069, 1.2956322619334473
0.567183015147001, 1.2813666195339535
0.5693130762511871, 1.28317249168548
0.5666711273365724, 1.2824415630126846
0.5633118455515015, 1.2911230552969406
0.5614030884424709, 1.2990869933205305
0.5615531819541264, 1.3114649172685753
0.5597786420912718, 1.3266125922835754
0.5582980864470806, 1.3421666347315704
0.556773641161073, 1.3506174223150245
0.5552410802435397, 1.3586684163060154
0.554631291541041, 1.374497170003784
0.5537832468928423, 1.3875360318356207
0.5545635493233041, 1.4070554819011907
0.557500908860973, 1.4379084325940854
0.5581197694182868, 1.4702895979698465
0.5576489531525914, 1.499093974787959
0.5594502038591608, 1.540514478745202
0.5576366868969461, 1.580288584370367
0.5599295214145747, 1.638165470604147
0.563018821244779, 1.6962396642450823
0.562178505035481, 1.7613115548838394
0.5622042770067334, 1.8201031413577755
0.5615221188222235, 1.885237897757435
0.5613664406311305, 1.9300195589292373
0.5619723045502945, 1.9634749124878763
0.5592187528170577, 1.9880963103051428
0.559322704056232, 1.9993991154984994
0.5628147840721294, 2.0025589916880238
0.5632116047798733, 1.9906403454855295
0.5612909634144551, 1.981396633752609
0.5621186432689798, 1.9658871431504672
0.5638863393209611, 1.9478185514404558
0.5648059544460287, 1.9189263665083711
0.5612708576955778, 1.9065131429161675
0.5618547775662704, 1.9205704849649152
0.5641546505259675, 1.9394260645830788
0.563527762596637, 1.9554655906221963
0.5625354192853129, 1.9739232200183285
0.5623029625603098, 2.0071183331439726
0.5650044106542602, 2.0338943605475737
0.5669255564131724, 2.046993184261745
0.565660953408463, 2.0530747186481
0.5649645693902258, 2.043747132687384
0.5651884803056699, 2.033935273700095
0.564004106138529, 2.00041356589619
0.5615631774961265, 1.9678616229190766
0.5604291885687799, 1.9466106328355228
0.5604618543709057, 1.9350570907984763
0.5583843192743652, 1.897165120466753
0.5577161446875353, 1.8679552757949343
0.5544378219773332, 1.8438755858274134
0.5542780280954935, 1.8292878956023404
0.5521714622001042, 1.83917380787523
0.556502633141511, 1.8456349129513812
0.554860710923474, 1.8554092685987755
0.5570008455786006, 1.854480197775424
0.558863661805046, 1.8416294521671628
0.5565107701246176, 1.825011182957277
0.5575672200409599, 1.8265820356835014
0.557097930931798, 1.816767486507329
0.5569418971318536, 1.8117334651164048
0.5570504634802481, 1.799218104579652
0.56130494293952, 1.791233793877625
0.5617805999046107, 1.7769476284098613
0.5604831935649897, 1.7576083390730557
0.5595264807892828, 1.7589517899402647
0.5593046551842618, 1.7535382009278284
0.5599590425152713, 1.754570247989515
0.56069087195151, 1.7542135204947455
0.5575299283923526, 1.7515300604632258
0.5605565352126808, 1.7628501541786104
0.559342468528871, 1.7748617340403186
0.5562326236998046, 1.7721431389703977
0.5521178535838299, 1.7665024300386534
0.5521421613343834, 1.766247985220056
0.5518691189671536, 1.7524789776363197
0.5492214887130038, 1.7516499320610612
0.5472588449771126, 1.735606790191334
0.5483579645387869, 1.7238837555563133
0.550844433682117, 1.7154681440962605
0.5484935387008554, 1.6993393165568818
0.5489085150780657, 1.6750025465561087
0.5501838191507933, 1.6629890277688315
0.5508556265353881, 1.6555181830247405
0.5532320718632739, 1.645679896484411
0.5537642970623798, 1.6533990921996398
0.556978740984846, 1.6551246156048247
0.5578799206736734, 1.6606618465859604
0.5579261072499706, 1.6584530485472613
0.5582667966343223, 1.656788817331209
0.5608665392681991, 1.6502900100086424
0.5622905523841311, 1.6529366804651542
0.5640551535322461, 1.6356000683381453
0.5651956962081968, 1.6181269129862712
0.565189102212899, 1.607394153984373
0.5663442042127789, 1.5810112408930745
0.5664853531451561, 1.5554045626012694
0.566233435129555, 1.5346810981666985
0.5656634070403774, 1.511501939829135
0.5653418671901806, 1.4889389605789032
0.56257975531978, 1.4679549426042402
0.5629953642881446, 1.4508807088572877
0.5593283216463063, 1.452880073437343
0.5580553599229134, 1.4495034913031515
0.555790895206771, 1.4415273830723279
0.5554398867982933, 1.426029358276669
0.5562777096070375, 1.415895437263373
0.5587453915376119, 1.4052984436337737
0.5571079105178794, 1.3869075046766268
0.5554339859987578, 1.3716946935989276
0.5564318866474282, 1.3694024294241425
0.5542470032372444, 1.354529417204945
0.5571735428496434, 1.3402797686940355
0.5591963129545509, 1.3282594797969673
0.5585222424464215, 1.3208263470513093
0.5567210104998292, 1.3266336253247901
0.554979487765816, 1.321882082972297
0.5539617342032276, 1.3228460734742344
0.557600799692979, 1.3275954455668515
0.5595395753140264, 1.3404456668121227
0.5593942727987551, 1.3397884661048836
0.5574194935384492, 1.3516417986300817
0.5544155475684664, 1.3594282320122426
0.5524692787719858, 1.3821356595772676
0.5554424497443697, 1.4053840725632152
0.5581905811778765, 1.4289118376548056
0.557541687180364, 1.456119788440263
0.5587392450420696, 1.492241445327131
0.5552518788775771, 1.5383692154941804
0.5550965270309469, 1.5764822803260952
0.55699168134817, 1.6191930028824981
0.5620410697814064, 1.6795984828344512
0.563449552645578, 1.735949814805582
0.5642448649363343, 1.787317866084963
0.5630480024172095, 1.8447623589879618
0.562948330456929, 1.9048655373531034
0.562693949426766, 1.9615525395282092
0.561902590585219, 1.9972620365688685
0.5618749428070472, 2.0227722300134148
0.5605551759712739, 2.0438415144337903
0.5590133494099482, 2.055255187257638
0.5571538139357616, 2.051761342301668
0.5595286607746341, 2.0518023028079546
0.5577509498508804, 2.038549465838253
0.5581233295033706, 2.02274111805093
0.5568255496811523, 2.007753882119104
0.5573012627441875, 2.0055687900010284
0.5565840458410393, 2.005492672101606
0.5569972603379203, 2.0166560475222455
0.5581237483486867, 2.0378525935653955
0.5578964114948931, 2.0608653500164027
0.5580708219390915, 2.088955069597082
0.5552877397886045, 2.1120033014187407
0.5585996268642701, 2.128162257504914
0.5599577934205151, 2.1338687702718726
0.5583526694562199, 2.1218724828346627
0.5587357434994942, 2.111827108591062
0.5578947743102939, 2.1015615968838772
0.5564139138224984, 2.0772518650650436
0.5559120654790293, 2.046281158395997
0.5550790629126701, 2.0210855573407276
0.5538821776225574, 1.9897421821805534
0.5539397281231004, 1.9609063139315883
0.5524986081588252, 1.9469531551280865
0.5497245385537937, 1.9432242701681397
0.5508914804860661, 1.956082097431312
0.550304376936594, 1.9562210087987677
0.5513014588343083, 1.966536994644119
0.5524645506539057, 1.9887495272206959
0.5530671512837083, 2.0079999363752092
0.5551362876816185, 2.0152381088467797
0.5580643288361841, 2.018951066419307
0.5597706556833637, 2.0113345395581748
0.5574828701374168, 2.0048254513186334
0.5576711731735553, 1.9875216056150857
0.5554859414941368, 1.9639750555181887
0.5552351234777348, 1.946399598195141
0.5569684087995148, 1.9194468459110852
0.5563188050481576, 1.8969694115744868
0.5563571593904648, 1.8798486480374657
0.5525946252432272, 1.874539414209358
0.5513078006372361, 1.8700640390422882
0.5474971414368415, 1.8798513976796323
0.5495204967752985, 1.893416361061704
0.5509422690689465, 1.904581099280654
0.5531749399789831, 1.9156306253359987
0.5563601402876729, 1.9090998840838167
0.5499756260685731, 1.900682960735247
0.549868913631258, 1.8761429618632772
0.5470725005644922, 1.8493739809457743
0.54768817276086, 1.8133559130432304
0.5446168271339114, 1.7723748049250296
0.5473039485685127, 1.7234538302660358
0.5457677833242379, 1.6793876925245843
0.5451248848830916, 1.6376268275444836
0.5472288381462753, 1.6045124058403721
0.5447811764374092, 1.5754669442604592
0.5482521345578044, 1.5487451539025
0.5509314650057965, 1.5269555025878572
0.5543002260216411, 1.5074396825808487
0.5555136906454635, 1.4943418529774046
0.5556098227197285, 1.4836973408117513
0.55904839617097, 1.4785669389437464
0.5605760738186174, 1.4519674456515053
0.5599010400401467, 1.4332950567985163
0.5560401723458626, 1.4111198786243717
0.5567117450686275, 1.3998248394581951
0.5588825590082995, 1.3902182029798058
0.5568641125193551, 1.3836579786734806
0.5576890465399046, 1.3786325576301266
0.5573361659009146, 1.3740658948491276
0.5602335314323196, 1.3693623419902787
0.5559119590355266, 1.364645999003129
0.5574796756818934, 1.3709056958685735
0.5597289143601726, 1.3838518386984513
0.5645207410352895, 1.3819724557975077
0.561987364570535, 1.3873593044651356
0.5584586411247049, 1.401908090061605
0.5595586016340534, 1.4042513012603295
0.5580585590908074, 1.4102484408361526
0.5590595459257913, 1.4054610653980864
0.5594346184027008, 1.3928855969338279
0.5592099615367288, 1.3854180372217493
0.5570820287867695, 1.382447854358991
0.5561990936935545, 1.3740880809273874
0.5520416326062978, 1.3788108586278711
0.5536331570053789, 1.3752615779830153
0.5549460761083849, 1.366953533218479
0.554593990945858, 1.3683464456811663
0.5547159215985039, 1.372263520835156
0.5545669473513029, 1.386731791341711
0.5520604273083766, 1.408693191178661
0.5508465196308823, 1.431399781782571
0.5505159753841365, 1.439043971679316
0.5484498252227513, 1.450398495267466
0.5484259946174859, 1.462789670008071
0.545991480201238, 1.4695597028416734
0.5475078570165037, 1.4819064490878704
0.5488989159919211, 1.493716898427538
0.5492150831812187, 1.5015692364382922
0.5515041848332286, 1.5070390638612
0.5528882591178705, 1.5259235838377188
0.5543761674689899, 1.5353491239826143
0.5568242424987007, 1.5611846915252747
0.5610517732963989, 1.5827616950604095
0.562549391151278, 1.6030901690198476
0.5637997508721123, 1.6351228505846254
0.5631620470418106, 1.6662081080128008
0.5613148543395472, 1.7011461300043067
0.5594339916316426, 1.7512454435250118
0.555858202340813, 1.800876107178882
0.5583370867304961, 1.8313979822797535
0.5584792007633256, 1.8705468719527034
0.5556819933951098, 1.8979323612979684
0.5545922002157202, 1.9212348864168916
0.5551989119133768, 1.931298133714397
0.5552377806982902, 1.9416240500697022
0.5538008277500175, 1.9370874244269767
0.5532033980171345, 1.9322176150289068
0.5534728473279229, 1.9082116322110334
0.5538330770351286, 1.8894328596349066
0.5543024067732922, 1.8711795054430609
0.5552743032649932, 1.8559213959273084
0.5562505735914893, 1.8464944883504963
0.5555324942137738, 1.8185116917579922
0.5573300138436681, 1.8193439088793741
0.5574949487296041, 1.8103531394996082
0.5584987563750077, 1.8070527988911251
0.5585518661068456, 1.7951703223026207
0.5572136338028477, 1.7928487527996921
0.5579772529767291, 1.7795371602483248
0.5541287393449513, 1.7815917247167259
0.5535440445579278, 1.775998494844633
0.5509900844132872, 1.7764962258253465
0.5505887901847574, 1.8047783739668337
0.5464538874308426, 1.8106218247348593
0.5486719748525064, 1.8224929226464994
0.5496181783652558, 1.8344431445124687
0.5497770772573356, 1.8522501176815573
0.5496798684833919, 1.8622749709501047
0.547516861767024, 1.8743341479291828
0.5475890022843635, 1.8905143680574867
0.5494458852714279, 1.899583671934467
0.55069066004573, 1.9010675556254957
0.5512088249868204, 1.890326516658043
0.5524439891189594, 1.8775158760232364
0.5522775527685108, 1.8590428837299746
0.5507930261221882, 1.8434709646484895
0.5493077593978744, 1.830026871108133
0.5511444794478002, 1.8193477937152434
0.5542495466213226, 1.8129032628889064
0.5536405310072997, 1.7886986747181262
0.5516150808154106, 1.77868190482769
0.5542418792622343, 1.7702361014280605
0.5533331763648702, 1.7643292208113348
0.5527344065996649, 1.7701968270423365
0.5541037660687834, 1.7754972556985162
0.555495273615322, 1.787078567715413
0.5557530861651917, 1.783946537144438
0.554773997493424, 1.7739753506982094
0.5515766158379817, 1.7649048159725393
0.5540752775311417, 1.7537475759229255
0.5560280181468406, 1.7347074066730745
0.5554356623280893, 1.7211438290959635
0.5542312858228475, 1.7071556380047526
0.5565760166764373, 1.684175187195472
0.5544491226038675, 1.6611169802594925
0.5565969027252304, 1.6297401727910905
0.5564566223938603, 1.6156780162945534
0.5605630416726742, 1.6047316492658283
0.5631317016903433, 1.5891688446635395
0.5605719768942008, 1.5909047972125197
0.5579373444860949, 1.5880815746245056
0.5567308598877787, 1.5796911085230452
0.5584662110807864, 1.5730313941707443
0.558594692579251, 1.5796917835359616
0.5579728368369484, 1.5912662827934678
0.555146967181968, 1.5945597677191476
0.5553863666875654, 1.5902865702520392
0.5527100270239909, 1.579321491079136
0.5529951537559119, 1.5742325838840017
0.5541098790288507, 1.559899222112311
0.5565728149421212, 1.5479214231077427
0.5562108726664113, 1.5305325382782669
0.5550499210675269, 1.5096045109679568
0.5534403174669996, 1.488312149925141
0.554120549767476, 1.4639136450703476
0.5559382381526875, 1.4428888709427388
0.5587004791920165, 1.4313164756092827
0.5579019957935073, 1.42224780510378
0.5579907927229898, 1.4145292243802348
0.5562468899130227, 1.4067081566669484
0.554537835012387, 1.4029737173270416
0.5559397916577414, 1.4005373213899759
0.5566680816038683, 1.397019634770786
0.5590583522370574, 1.3919339977397611
0.5594118921284027, 1.386515460628198
0.5558501788894488, 1.3888728683308273
0.5531825485505986, 1.3864887067795364
0.5542752131245253, 1.3850219549132414
0.5522326295557463, 1.3866639159634837
0.5552117971309817, 1.3843833724507786
0.5552777759182363, 1.3847282612737686
0.5582106987687996, 1.3931422289577116
0.5585577167760165, 1.4140928276978042
0.5577563789380987, 1.4206967047147718
0.5581566975959633, 1.4334908966734594
0.5606046306287749, 1.4460518170487426
0.5606521299558196, 1.4574179380899817
0.5615400445630911, 1.4625869576113832
0.5645865638812333, 1.4747218225124432
0.5628592302020099, 1.4876714493106313
0.56340917351401, 1.4949065865603826
0.5611363949429558, 1.5039575130294465
0.5606387074945827, 1.502576803017912
0.5592267526714206, 1.5073431181735435
0.558411164168829, 1.5141967950105932
0.5599468268032386, 1.5176252412533404
0.5644649251187832, 1.5292346188472903
0.5624195084020946, 1.5414143444071045
0.5599399634918958, 1.558590679005611
0.5618910118383214, 1.5856522910499984
0.5636492211841814, 1.6198272524415802
0.5630727575302416, 1.641576313059213
0.5621257861303445, 1.6635270691268453
0.5626927272663799, 1.6860243420319847
0.5641371721729227, 1.6949082667716655
0.5633164769051457, 1.7164846026087042
0.5577301020378654, 1.7204169328103862
0.5569519492640174, 1.7480043885630092
0.5564428826342096, 1.7476868347482202
0.5554034169547097, 1.7611393224446275
0.5517052347079201, 1.7747597777195456
0.551512372799374, 1.7981318812566687
0.5538101499061685, 1.8261069560401135
0.5544087938823674, 1.8614880985874251
0.5542422233576827, 1.9027075772540747
0.5531717620169726, 1.9377800211100638
0.5552153190071862, 1.9930970994558859
0.5566855013096678, 2.0287426274515776
0.560724664065398, 2.0855263386920293
0.5601595487840696, 2.117597650183666
0.5590793222653823, 2.1467697455419854
0.5591060867454913, 2.1637354634784134
0.5585879745405997, 2.1667429194480836
0.5566213795579558, 2.1634343204890523
0.5542608199594048, 2.1525300891133208
0.552781655047725, 2.144474047324958
0.5528482059224988, 2.129357694096398
0.5525276354775338, 2.1201354927732057
0.5503376173880483, 2.103824031684165
0.5513440886032697, 2.0909641725893375
0.5527889932252935, 2.072673122218742
0.5519372536686041, 2.0682462592214526
0.5507840797197192, 2.0767274753612366
0.5535842985046698, 2.088992845328827
0.5546353352559243, 2.1167048584779287
0.5590766597607253, 2.1181710234353424
0.5580473694789743, 2.1147922041674936
0.5591111428376346, 2.112706006728326
0.5573629597277144, 2.0938585709190614
0.5563718833933182, 2.0800777113544355
0.557889556607555, 2.072661540194404
0.5575596796305952, 2.055234858723047
0.5568140309722747, 2.028041635081402
0.5546319675329284, 1.9967736452284175
0.5541749566794649, 1.9561235108645036
0.5520192960647933, 1.9326743242753857
0.5542372103241766, 1.9195880694111245
0.5533058116822482, 1.9001875040379506
0.5539151131608703, 1.8894029843939273
0.5543557052583451, 1.8821678062040814
0.554818958221101, 1.8643389586028267
0.5551597501957415, 1.8472091984964016
0.5556654230115842, 1.8277249785802225
0.5572994696400018, 1.8082493226495182
0.5566335914387793, 1.7943692950384116
0.5564959687854117, 1.7796052823853572
0.5548521153289613, 1.7611551531027303
0.5550511583950837, 1.738555000861206
0.5549848877234215, 1.7185742000648336
0.555961596368884, 1.6880432349396883
0.5563797293387317, 1.6653512673118414
0.5559392320137968, 1.6479111772667416
0.557404046130437, 1.6456873178570093
0.5547764367997494, 1.633573257023103
0.5558293649598818, 1.623790558907828
0.5553046977277292, 1.616925465046234
0.5581176000948321, 1.59755168109795
0.5573640084683772, 1.5897130979560763
0.5585910971373974, 1.5845442980331081
0.5573365702642797, 1.5743740367581334
0.5570967560987405, 1.5549636642471032
0.5578213835210456, 1.53781234863357
0.5563115079130239, 1.5205126582119497
0.5571259020413649, 1.5096410952452355
0.5588752495977667, 1.4941738698966114
0.5600007523472884, 1.481610203982882
0.5566298231669073, 1.4702268783159582
0.5573579673770281, 1.4568964710233554
0.5577150259213275, 1.4430282274473902
0.5574827131758961, 1.4398375586910563
0.5555906841575944, 1.4425136752395278
0.5560669185453074, 1.4464947791463525
0.5581789133081493, 1.4439033011788767
0.5585967014334579, 1.4462598047967545
0.5563413262184385, 1.4452392478571399
0.5549876467061019, 1.443125051871613
0.5581694720113128, 1.4440657707198048
0.5586983487903794, 1.4340360992365861
0.5556617023323761, 1.4227249128605441
0.557072500185128, 1.4152627970821003
0.5597747207838524, 1.4138766115180654
0.5577469108829906, 1.4034948328365455
0.5562688364746987, 1.3934128860057169
0.5562067806905044, 1.3820840135706147
0.5541221597804263, 1.378322826402775
0.5557479008610876, 1.3677009256097876
0.5525313142460745, 1.3619895371373247
0.5477002044547973, 1.3722739945435545
0.5520009776095689, 1.387492708051252
0.5525240788281639, 1.3974080935392652
0.5512352887178743, 1.404806895321797
0.552541389014058, 1.408109138258702
0.5523918828262742, 1.415920160229494
0.5515961179808399, 1.4264112378233198
0.5521640651156126, 1.4231832317140285
0.5515584477064108, 1.4324575387468113
0.5510686904554498, 1.4454601245155114
0.5546254593631458, 1.4473128863988072
0.5514621968090889, 1.4541469984745645
0.550793018587009, 1.4626410268893073
0.550880400898466, 1.4728685581449752
0.5509135577091738, 1.4938869689212944
0.5505333940831811, 1.508791571788214
0.5506737975094428, 1.5324816469587208
0.5525874809895082, 1.5680561941679614
0.5515087944920197, 1.587923474871882
0.5541414654191501, 1.6111125253288356
0.555063618574292, 1.637398947920002
0.5578919346544083, 1.6508769937685996
0.5558760285775917, 1.6631539887899933
0.5572186995128651, 1.6741139050604303
0.5593333614133968, 1.692396831964129
0.5602731791208319, 1.7148564074129375
0.5589180755277205, 1.734686439921512
0.5605417547579133, 1.7473771308991293
0.5637561367582087, 1.7732924604319258
0.5632330521728841, 1.8058161257849719
0.5605890881752639, 1.8400916839587076
0.5583022827263104, 1.8871673947625294
0.5588364501475788, 1.9336503204787459
0.5584554335241789, 1.9898080522749666
0.559284433216678, 2.0388991944295674
0.5588093937065493, 2.0926786521740977
0.5598854753508318, 2.132877933591595
0.5586644707210995, 2.165869655069721
0.5548823176862002, 2.1890782649290688
0.5535017397639285, 2.196583424234049
0.5582321344332668, 2.2010771276866334
0.5580955366482445, 2.1915469868487643
0.5576101962683699, 2.1912196353239173
0.556527422396758, 2.1799193152914937
0.5542784927910775, 2.176081889044144
0.5554865039530852, 2.1714021171593942
0.5561998954164313, 2.1735709655433597
0.5538464926961735, 2.1818621810200414
0.5526059487166478, 2.1900837013493755
0.5525746046897806, 2.211726317548354
0.5519875398279991, 2.230657690941487
0.5517466523525382, 2.2635130332629174
0.554399834038078, 2.2907365873249974
0.5533842945870663, 2.308087601071345
0.5562929408064711, 2.3169030778691537
0.5564555737103796, 2.314847128688339
0.5573820437897129, 2.3154251443024365
0.5598969018176627, 2.314670216552229
p_std: 5.00, v_std: 5.00