p_std: 5.00, v_std: 5.00
bad:
1, 43.007793858080205
2, 5.8799559395625405
3, 5.842796828570683
4, 5.7726470117976865
5, 5.767004698362629
6, 5.727104318429165
7, 5.557378372895377
8, 5.531674662750119
9, 5.401483872194312
10, 5.37304819346716
11, 5.224912700063946
12, 4.991298555054539
13, 5.160520415959119
14, 5.158687223806854
15, 5.240077414131716
16, 5.214565312777317
17, 5.3482323293853655
18, 5.294563720279854
19, 5.190083716518936
20, 5.0070940504222055
21, 5.017389881967159
22, 4.869778899251332
23, 4.859783051164928
24, 4.863469160887393
25, 4.775092994673019
26, 4.821406228792216
27, 4.696445481192812
28, 4.692558517052883
29, 4.5834429677653645
30, 4.49517805632702
31, 4.388533883178799
32, 4.31535779984497
33, 4.315702781915429
34, 4.176059526936646
35, 4.061530468969899
36, 3.9585980950280044
37, 3.849699095619536
38, 3.7463995925044715
39, 3.5960996150569144
40, 3.518931732851818
41, 3.437383703274717
42, 3.3690362960358864
43, 3.274146242529286
44, 3.2290536178731717
45, 3.089341339643421
46, 3.0074854265382585
47, 2.9969087966892403
48, 2.9233988457324984
49, 2.829707568324253
50, 2.833318855886697
51, 2.8244964785553734
52, 2.841921677446527
53, 2.7894365705948463
54, 2.7478040441814557
55, 2.76356466490648
56, 2.7184781334381096
57, 2.686707081644551
58, 2.615463545163826
59, 2.5648843508995003
60, 2.5199910189011856
61, 2.4636985994348315
62, 2.398376865182329
63, 2.398200394261326
64, 2.325719319137968
65, 2.3208812677304453
66, 2.3103257972563025
67, 2.3555220597782447
68, 2.3039867532411495
69, 2.2808172105616307
70, 2.23459559360564
71, 2.1725921961586514
72, 2.1654115831279306
73, 2.1164536244921375
74, 2.0763819594138044
75, 2.0822285779625456
76, 2.055192971019369
77, 2.0160695138389846
78, 2.0237987362313947
79, 2.0208823720524594
80, 2.1246730878647555
81, 2.0979716987188066
82, 2.0182702827916357
83, 2.0134495059784854
84, 2.004039870475568
85, 2.01987065608031
86, 2.02148043228401
0, 1.8765941959696053
87, 2.0094615512097067
88, 2.0422572121355187
89, 1.977621379956498
90, 1.959573935473686
91, 1.9447269152283422
92, 1.9512817663553774
93, 1.9070481074250925
94, 1.866054194467786
95, 1.768844542745964
96, 1.7269524140007073
97, 1.716947492720917
98, 1.7281921489434762
99, 1.7751918116456435
100, 2.1211754990237264
101, 2.0824646255826207
102, 2.1232887853020324
103, 2.104972441313007
104, 2.0079721352616087
105, 2.038919551539475
106, 1.9796826906610894
107, 1.870592122424184
108, 1.9176395487191678
109, 1.9353638838867435
110, 1.7850508366794666
111, 1.9000370663283728
112, 1.9418574031517193
113, 1.9222586368167527
114, 1.8708743557148486
115, 1.8682687289025735
116, 1.7867350826634265
117, 1.7870787299334385
118, 1.774701109590849
119, 1.6610194860088314
120, 1.6697753211322077
121, 1.583657900635162
122, 1.4730826356449442
123, 1.4544143792725372
124, 1.475833954101206
125, 1.4850295490432153
126, 1.4247027231735638
127, 1.4654254531915183
128, 1.5059631307756816
129, 1.4651961765231722
130, 1.536445267927818
131, 1.3832546820571094
132, 1.4351570524292945
133, 1.4413825214897404
134, 1.4394193800704413
135, 1.3996502912873385
136, 1.3560215271439413
137, 1.3644341773820767
138, 1.4357077772329443
139, 1.4329849376284438
140, 1.4538769616061755
141, 1.4647073574298668
142, 1.466140571835783
143, 1.5698580010329484
144, 1.55187660099706
145, 1.5066841641576108
146, 1.548233982452572
147, 1.6049977506362476
148, 1.603566455335845
149, 1.6226006367926114
150, 1.6104794855211289
151, 1.6026986665186869
152, 1.6675867593855256
153, 1.6752753417853892
154, 1.605655607784841
155, 1.6688398179070763
156, 1.521565687657681
157, 1.5060770404858055
158, 1.5567130359254022
159, 1.558627453950483
160, 1.52432116821187
161, 1.5111905184850345
162, 1.5103049390085443
163, 1.5496135324650506
164, 1.4416357944947384
165, 1.33914954884328
166, 1.33128417396261
167, 1.3836559454815205
168, 1.385746921503206
169, 1.3419929726901014
170, 1.3588306485736426
171, 1.3512408606879482
172, 1.4215993461543637
173, 1.3770828229979033
174, 1.3503432933481985
175, 1.2851058203872416
176, 1.3054627451878416
177, 1.1274746114840388
178, 1.137929576277849
179, 1.0877549636764556
180, 1.0579569492303695
181, 1.0246822514235343
182, 1.0066770667017084
183, 0.9968424865149045
184, 1.0435158861312879
185, 1.0038124994905144
186, 0.9715871477840817
187, 1.0079489451368504
188, 0.9768569799617697
189, 0.79206329164605
190, 0.7207651155252488
191, 0.7468054172255618
192, 0.7568302594696534
193, 0.7795788038152368
194, 0.727955107736127
195, 0.7953514073323317
196, 0.7444452876478809
197, 0.7148324406598615
198, 0.7887793074276803
199, 0.799412678085029
200, 0.8128889475733742
201, 0.7466691376954384
202, 0.7552648304957879
203, 0.7763805414909144
204, 0.7846626372026267
205, 0.814910825050297
206, 0.7713577847585708
207, 0.8327924345620472
208, 0.7854937934449194
209, 0.8588440064690483
210, 0.79297158389459
211, 0.8472623983631817
212, 0.8305081260773486
213, 0.7438216147623019
214, 0.8057222777525981
215, 0.7876087243026672
216, 0.7657236784724302
217, 0.7978272635299628
218, 0.7901310121770672
219, 0.828927400795363
220, 0.8318474682551303
221, 0.8066555365059281
222, 0.7926124295559525
223, 0.7403676365386695
224, 0.7728700086892754
225, 0.8078541991245557
226, 0.8329617837038984
227, 0.8441687306844308
228, 0.8070618714759324
229, 0.8460316350794252
230, 0.8055690640138923
231, 0.7614416266044064
232, 0.7803900529759524
233, 0.8241282394348042
234, 0.7624255932481261
235, 0.7592001736560217
236, 0.8202200974547553
237, 0.7883760777170459
238, 0.7381494286234984
239, 0.7941685839758169
240, 0.7631202139864641
241, 0.8220369155688334
242, 0.7952445999719652
243, 0.7911305142836913
244, 0.7629933967745128
245, 0.7835659876061019
246, 0.785849405292533
247, 0.8098941639890955
248, 0.8305383214144308
249, 0.8026186993191373
250, 0.8076424389268521
251, 0.8211132258129529
252, 0.8046467396515621
253, 0.8697195421022819
254, 0.8119613865349307
255, 0.7963333707192235
256, 0.8152161340581777
257, 0.7529363191266429
258, 0.7823494301809224
259, 0.83103123629643
260, 0.7897833322073456
261, 0.7968549232736276
262, 0.8033785423476505
263, 0.809181266323736
264, 0.8337198257999409
265, 0.8066218970387105
266, 0.8567198900319711
267, 0.8424070889655028
268, 0.8362519375635344
269, 0.8066254730950905
270, 0.9094285434001819
271, 0.7701908832421559
272, 0.8129751056010233
273, 0.8845035410593042
274, 0.7836096172905994
275, 0.8608527444493339
276, 0.8548808299039564
277, 0.8179030916098193
278, 0.8342958621418946
279, 0.8295046223332967
280, 0.8817289536525731
281, 0.7973124543694504
282, 0.8475781496926076
283, 0.8609712815842961
284, 0.8202064230343166
285, 0.801265592020851
286, 0.8592494711951372
287, 0.8017855799920209
288, 0.8404009658707673
289, 0.8636520697086775
290, 0.8522170488353717
291, 0.8432952781191151
292, 0.8639703140830441
293, 0.8378153865313784
294, 0.863131969704433
295, 0.8523144453406414
296, 0.817924333213721
297, 0.8460436019042601
298, 0.8642438367749656
299, 0.8534660925123074
300, 0.8217185048634034
301, 0.928695400973941
302, 0.8394000293204763
303, 0.8739361879275789
304, 0.8108674974957881
305, 0.8526251847533994
306, 0.8748188464443785
307, 0.8356044539938244
308, 0.8376617349357559
309, 0.837903001610386
310, 0.8522149039615493
311, 0.8020195130167579
312, 0.8819721785758801
313, 0.8429099958553049
314, 0.8136049665609798
315, 0.8523969596604001
316, 0.8691709749479973
317, 0.8643688595052599
318, 0.8074370209532806
319, 0.7846411328965246
320, 0.8891558235791854
321, 0.8862935634712622
322, 0.8601925588366862
323, 0.8531585522296061
324, 0.8549573031150993
325, 0.8660908770698438
326, 0.9029039721253079
327, 0.8203982846930437
328, 0.8672053687144321
329, 0.8585815704501586
330, 0.8870243161983851
331, 0.8995778577653312
332, 0.8034015309598053
333, 0.9030556862563348
334, 0.8208210986836966
335, 0.8805656716655335
336, 0.8546773860571474
337, 0.7968803483862306
338, 0.8616785273411688
339, 0.8590018005065114
340, 0.8738127637603071
341, 0.8517136962457806
342, 0.9281882630055821
343, 0.875587984539625
344, 0.7938121687004476
345, 0.8268582230900029
346, 0.8133256407393011
347, 0.818126219070263
348, 0.8785212207307869
349, 0.8802813117501685
350, 0.8929475243182778
351, 0.9007699583022116
352, 0.8543340036465524
353, 0.8260452180979659
354, 0.8956688118719185
355, 0.8946016942299225
356, 0.8395605347501024
357, 0.8483550779246944
358, 0.8878729374489699
359, 0.8562313401422803
360, 0.8477968669916891
361, 0.8293522970576086
362, 0.840052010811729
363, 0.8716013322705707
364, 0.9157354553499525
365, 0.8007491930629036
366, 0.8585244703337247
367, 0.8845876311205264
368, 0.9113642614153078
369, 0.8148082430176775
370, 0.8241434296706933
371, 0.8995897686826468
372, 0.9569715461303211
373, 0.8438381211281246
374, 0.887193189017068
375, 0.839978359180472
376, 0.8442676752431987
377, 0.8276645039507288
378, 0.8603925486874044
379, 0.8593067019647467
380, 0.8604128570399703
381, 0.8070944974562018
382, 0.8450530644985321
383, 0.8257803144481339
384, 0.8917368403349174
385, 0.869942727392354
386, 0.9104606465271593
387, 0.8095142721235296
388, 0.8636305170020347
389, 0.8380704810285258
390, 0.9203712210706773
391, 0.8299885393350681
392, 0.8437067142212051
393, 0.8896858431168311
394, 0.872970828943069
395, 0.8419650797197451
396, 0.8955945782175501
397, 0.8706937474864327
398, 0.8407192256092125
399, 0.8808087462401646
400, 0.8676481597782901
401, 0.8441498693112822
402, 0.8700795100952776
403, 0.878016432321919
404, 0.8598433997651895
405, 0.8531655583558637
406, 0.9032842942964701
407, 0.8384336018620747
408, 0.8500565657198804
409, 0.8267795227602147
410, 0.829414800361069
411, 0.8396884805160557
412, 0.8500378014965517
413, 0.8083252457795591
414, 0.8337614182253611
415, 0.8609148068352509
416, 0.9025930815867068
417, 0.805663726585022
418, 0.883771991991443
419, 0.8199509657357343
420, 0.8326878140441042
421, 0.871304139687527
422, 0.8864485159883735
423, 0.8454621867354034
424, 0.8561640740999081
425, 0.8200927115623164
426, 0.8018598586045828
427, 0.8867909020657606
428, 0.8591228072017167
429, 0.853991357413507
430, 0.862706002970715
431, 0.8085541892350111
432, 0.7909251771357071
433, 0.870026304726833
434, 0.82313534258031
435, 0.8331348117798592
436, 0.8860290242765915
437, 0.8245101807073251
438, 0.8291704074290115
439, 0.8243087706522684
440, 0.8453408387635151
441, 0.8367488113223497
442, 0.8793122042711806
443, 0.8186972490081551
444, 0.8875788521986486
445, 0.8449222198382584
446, 0.8396010075849317
447, 0.8130953338478948
448, 0.8271409603561912
449, 0.86810841075669
450, 0.865824180036747
451, 0.843108772335187
452, 0.8019745485928707
453, 0.8924915901802716
454, 0.8375488610609311
455, 0.8438023069277101
456, 0.857687651819088
457, 0.7954435312241062
458, 0.8443988505462834
459, 0.8234323996554468
460, 0.8838521631554762
461, 0.7942995724377626
462, 0.8271870530741474
463, 0.8490410691362524
464, 0.7920393466056166
465, 0.86752100483995
466, 0.8798513959914949
467, 0.9037992599224125
468, 0.9027343128873972
469, 0.8473396640373676
470, 0.8159601141607916
471, 0.8651569250265198
472, 0.8335777223732747
473, 0.8549301222362342
474, 0.8380698104525593
475, 0.8914411834290068
476, 0.9406573937599009
477, 0.892479087556034
478, 0.8385555012285026
479, 0.8375478431170562
480, 0.857180974481306
481, 0.8697731393209622
482, 0.874020766255493
483, 0.880219764347298
484, 0.8219275418105865
485, 0.8094075896902008
486, 0.8880553371250197
487, 0.852357249594154
488, 0.8797116081709585
489, 0.8506068080959721
490, 0.8682530492181051
491, 0.8366228584016666
492, 0.8687585462210053
493, 0.7660300336249712
494, 0.8981786221248638
495, 0.820566449116198
496, 0.8588517537817943
497, 0.8813907164467304
498, 0.835129606362978
499, 0.8624076438631243
500, 0.8816960673349437
501, 0.8311593888594757
502, 0.8723245290716367
503, 0.8709261619256113
504, 0.807132633683648
505, 0.8494510474427088
506, 0.8142922875696657
507, 0.7975357262413355
508, 0.8203035414880813
509, 0.8319030750395255
510, 0.792830825660305
511, 0.8447134771540533
512, 0.8091756943497492
513, 0.8353316053286849
514, 0.8711739945286853
515, 0.8827808753730056
516, 0.7953212105991798
517, 0.855775216824642
518, 0.8224017236754234
519, 0.805300186470216
520, 0.8392669836188502
521, 0.8437779516033056
522, 0.8582210474102329
523, 0.8456112498428354
524, 0.8654955887997093
525, 0.8345448786708225
526, 0.875446002062553
527, 0.8399674186367878
528, 0.9069470772619098
529, 0.7950288567610317
530, 0.812225593267665
531, 0.8141645501070157
532, 0.8632327974670093
533, 0.8792144636068655
534, 0.8715534568912021
535, 0.8191495768974114
536, 0.7961591906586949
537, 0.8367832355479873
538, 0.813470611008085
539, 0.8263269909963143
540, 0.8878604833153412
541, 0.8205783347067259
542, 0.7968736235419465
543, 0.876391298311015
544, 0.8076905324147252
545, 0.8692533557635646
546, 0.8199731677558962
547, 0.7973607377726077
548, 0.8169721356046593
549, 0.8271602774579246
550, 0.7799717005594345
551, 0.8120857339231045
552, 0.863673030451868
553, 0.8471406456708643
554, 0.8707343184718951
555, 0.8213821752768747
556, 0.860522939205644
557, 0.7823306307663725
558, 0.802180632022306
559, 0.8252360871996861
560, 0.8573454325450808
561, 0.8330952953147575
562, 0.8456929136884993
563, 0.9067469441888559
564, 0.8469386004908178
565, 0.8990646909089678
566, 0.9014557510419646
567, 0.8252819853480947
568, 0.8301492754187101
569, 0.8179762299991329
570, 0.8284909006060096
571, 0.8932539054458101
572, 0.8151583287212951
573, 0.8875534585405588
574, 0.8557480428162978
575, 0.8626305357466295
576, 0.8691754914006747
577, 0.8828919552008984
578, 0.8010561842623636
579, 0.8066331824884811
580, 0.9017114828107562
581, 0.8234445122111943
582, 0.848518087400342
583, 0.8190850021264774
584, 0.8343146754394126
585, 0.8768729185255421
586, 0.8117712081322214
587, 0.8366379474709801
588, 0.7040613108378344
589, 0.8222490248030151
590, 0.8566519258067169
591, 0.7989626999844546
592, 0.839097926630156
593, 0.8600208578445612
594, 0.8127827652710066
595, 0.842494485867522
596, 0.8899036530219623
597, 0.8399617400388444
598, 0.8620339174837032
599, 0.8374617404459365
600, 0.8235923641925563
601, 0.8239195357110105
602, 0.8613488591253978
603, 0.8679012216911687
604, 0.8377446683426706
605, 0.8309121782139983
606, 0.8787294166123436
607, 0.7884975792647763
608, 0.8549505148096783
609, 0.9144100499404709
610, 0.8168778837398762
611, 0.878003497707065
612, 0.8751252325771111
613, 0.8652902456297719
614, 0.8441921307884794
615, 0.8007308500604579
616, 0.8333785174501781
617, 0.834168752413798
618, 0.8120792855872366
619, 0.8370268518928189
620, 0.794426882443407
621, 0.9038170597123195
622, 0.8475646168190653
623, 0.8809004553295463
624, 0.7770646252434739
625, 0.893704470136216
626, 0.8921418532709421
627, 0.8634508809786177
628, 0.8227589201061326
629, 0.868003786393353
630, 0.8717985965730357
631, 0.8698755734802226
632, 0.8484730952407281
633, 0.8365417697750912
634, 0.8567248488270747
635, 0.8266660363994737
636, 0.8112153484313892
637, 0.7542232317566824
638, 0.7900260499041986
639, 0.8706471092074513
640, 0.8568907840503098
641, 0.8631916152863198
642, 0.8496522673552349
643, 0.8885722370288552
644, 0.8260362468153645
645, 0.8893899063232112
646, 0.8666819542786277
647, 0.855805515271336
648, 0.861468853846995
649, 0.8420542344500918
650, 0.9222741639318296
651, 0.9048887705730358
652, 0.8233347283609747
653, 0.8597738233676941
654, 0.8675576860575416
655, 0.8257516227306353
656, 0.8998684846888619
657, 0.8274075098870138
658, 0.8579804734201827
659, 0.8899428770141679
660, 0.8971746057558123
661, 0.8016766223576005
662, 0.8618019683021981
663, 0.83449323503596
664, 0.8394413657266193
665, 0.7950856877334124
666, 0.783942754358572
667, 0.9230075928396392
668, 0.8570468183078837
669, 0.797650344548102
670, 0.899588577433878
671, 0.894717146084081
672, 0.8629139180842256
673, 0.8366078768877557
674, 0.8975035300864327
675, 0.7779109988808477
676, 0.8764111227053363
677, 0.8214809616227768
678, 0.8308547803070868
679, 0.8328561524815946
680, 0.7981476990643634
681, 0.8477952862705922
682, 0.8648953762418964
683, 0.8406969376567934
684, 0.8769521846434981
685, 0.869738473243126
686, 0.8639623322377626
687, 0.868219445152439
688, 0.8441677153437577
689, 0.8439343137880065
690, 0.8362954524266791
691, 0.8271673613804975
692, 0.8873200579222013
693, 0.8575853043123284
694, 0.846859323978867
695, 0.830590607660151
696, 0.8661161465847447
697, 0.8470211095475803
698, 0.9624565931335449
699, 0.8283077926393347
700, 0.906859698645168
701, 0.7544097956268786
702, 0.8979703460656993
703, 0.8860520770738374
704, 0.8127653693997214
705, 0.8780589164410817
706, 0.8872911665001978
707, 0.8835631440122671
708, 0.836891253443018
709, 0.8489195353788389
710, 0.8234915005003312
711, 0.8933451452404136
712, 0.8312360202181391
713, 0.8287490644877447
714, 0.8241835694803001
715, 0.834592646587835
716, 0.8936311906572669
717, 0.8973515162936546
718, 0.8825474619183639
719, 0.8899690727323148
720, 0.8691535125736186
721, 0.8777281065317106
722, 0.8401313367784223
723, 0.9022605538796156
724, 0.8392100407241863
725, 0.8730800875908394
726, 0.870689573755341
727, 0.8255535727446639
728, 0.8753673797220474
729, 0.8653348708407187
730, 0.8533623341976804
731, 0.8316236513457317
732, 0.8624338682736682
733, 0.8414016839181835
734, 0.8377694677915422
735, 0.8108419803153961
736, 0.8865858602496342
737, 0.8561443192996694
738, 0.888127281042279
739, 0.7964055321352838
740, 0.9116102938640913
741, 0.8332590919020804
742, 0.8557761417141593
743, 0.829544965796476
744, 0.8109125074715429
745, 0.8957056081630177
746, 0.8444803310365064
747, 0.8977478838623345
748, 0.8367670915884398
749, 0.8977423160140582
750, 0.7890795030622821
751, 0.7994322520032631
752, 0.881261290063909
753, 0.9036434465582992
754, 0.7812098194712591
755, 0.8560034598315159
756, 0.8666644835313388
757, 0.8972487605384124
758, 0.8449350010863723
759, 0.8030056280311106
760, 0.8183169847420126
761, 0.7783502216266096
762, 0.8105171447925988
763, 0.8259745072761578
764, 0.8998835609942788
765, 0.8912148539685907
766, 0.8372578669926027
767, 0.8026856578357201
768, 0.8912214186598935
769, 0.8510868503610693
770, 0.8271509589049877
771, 0.7676719730456142
772, 0.8623641781386782
773, 0.9284571225382966
774, 0.8548080466688058
775, 0.8522674209946779
776, 0.8994536076476757
777, 0.8633883405018562
778, 0.8139333060723609
779, 0.7962415049756798
780, 0.804188936457044
781, 0.8337006458063165
782, 0.8247570322111605
783, 0.8576774240566373
784, 0.8698111063513053
785, 0.8453194261191936
786, 0.8358064125181364
787, 0.877275541378767
788, 0.8809133426441662
789, 0.8397786240994201
790, 0.8207212102550295
791, 0.8808753988227656
792, 0.8124581596967033
793, 0.8723865933997565
794, 0.7498335895516945
795, 0.8717992298883442
796, 0.8477180926422305
797, 0.7970277318320066
798, 0.841753011842355
799, 0.8009290078351622
800, 0.8502079706388429
801, 0.8331493874479016
802, 0.8422941536543678
803, 0.815003083658973
804, 0.859028331342175
805, 0.9078730486591181
806, 0.8889662236364231
807, 0.8552110316134819
808, 0.8874072647924229
809, 0.8221672697538538
810, 0.8559188673244462
811, 0.8855483000970569
812, 0.8009400619415118
813, 0.8803326197694957
814, 0.8839868474939147
815, 0.8617712962014629
816, 0.8620993243380775
817, 0.860040702399707
818, 0.8861233476391785
819, 0.9078330767095975
820, 0.8413992148563652
821, 0.8452123907401863
822, 0.8725622513654322
823, 0.8665095269689023
824, 0.9136522557477845
825, 0.9406179678945772
826, 0.893496973215601
827, 0.8699739662703323
828, 0.8858276148501276
829, 0.8331692783489402
830, 0.8302082377833095
831, 0.853915138946852
832, 0.8690422479055835
833, 0.9294455396149851
834, 0.8164617664412387
835, 0.8484042094313469
836, 0.8315009206663979
837, 0.779328844765251
838, 0.8473264804966374
839, 0.9066117658127836
840, 0.8354709030498304
841, 0.9130849212184482
842, 0.8699157988430026
843, 0.8438859477881613
844, 0.8592537677739961
845, 0.9325404635091641
846, 0.8508957938859552
847, 0.8131605648684583
848, 0.883003526179132
849, 0.8069055292084484
850, 0.8426389159536771
851, 0.8118419005538119
852, 0.8287088161507346
853, 0.8394311981204073
854, 0.8529090237213882
855, 0.8465341767529811
856, 0.8663620085128977
857, 0.8332286610941603
858, 0.8708988011161592
859, 0.9045864706619925
860, 0.8994515237401884
861, 0.8858961924504708
862, 0.8784471520741889
863, 0.8465633260794233
864, 0.9264110776862465
865, 0.8617056321317652
866, 0.8999710345596403
867, 0.9279232852893551
868, 0.8309667283092443
869, 0.8251835735031143
870, 0.7991624831579184
871, 0.8695119433887532
872, 0.9236968480192341
873, 0.8485651062018711
874, 0.8457645699566713
875, 0.8575155513224526
876, 0.8195726152006247
877, 0.8651314408434361
878, 0.8723589365981437
879, 0.8612550683539935
880, 0.8478743050531253
881, 0.8047916173697459
882, 0.8066149538928719
883, 0.8721399305336972
884, 0.8716328097680706
885, 0.8690170179523053
886, 0.8582336499591239
887, 0.8844470268213597
888, 0.8455905167709302
889, 0.889430850266753
890, 0.900272464795566
891, 0.8946061096010444
892, 0.8178663134662947
893, 0.8375229013100878
894, 0.8539648251262248
895, 0.8830654682874856
896, 0.8144297764549365
897, 0.8136285738069442
898, 0.8551791783916783
899, 0.8605004316544005
900, 0.8676549883586878
901, 0.7999065499361332
902, 0.889058030967617
903, 0.8485772708507436
904, 0.8382920606960371
905, 0.8411106104729801
906, 0.8275146749669485
907, 0.7610318897514611
908, 0.8880249833983984
909, 0.8796751325116863
910, 0.8649740531035897
911, 0.8947512984869184
912, 0.8215135661207779
913, 0.8317816134707527
914, 0.8681593184826707
915, 0.8842616561881504
916, 0.8303489940294534
917, 0.8427025909258846
918, 0.8735404617705247
919, 0.8767499300446648
920, 0.8420534745876502
921, 0.920738519936597
922, 0.84453992641244
923, 0.8105132416740656
924, 0.8633430744239243
925, 0.8784456350748657
926, 0.9159948124490821
927, 0.804010200056892
928, 0.8493570081439547
929, 0.8251414356964527
930, 0.869809011653017
931, 0.8330405099431062
932, 0.8731084518647524
933, 0.8975654805502135
934, 0.8254841254861452
935, 0.8455950265168084
936, 0.8683561215742447
937, 0.8782979640786425
938, 0.8994816659573702
939, 0.8954223320065896
940, 0.8300821231415586
941, 0.8257698032305595
942, 0.8559992196773857
943, 0.830663900533367
944, 0.8628447970728977
945, 0.8410316218452837
946, 0.8959864465601122
947, 0.8797026523330601
948, 0.8693555505284594
949, 0.8221614922795392
950, 0.8892182464458098
951, 0.8279808167144275
952, 0.8510880890010994
953, 0.8667467101534696
954, 0.8334826132205179
955, 0.8103419706899786
956, 0.8972919745072736
957, 0.9088239601433902
958, 0.8103508504440267
959, 0.8804191444367165
960, 0.8296093581731214
961, 0.8041538009201483
962, 0.8888586076251442
963, 0.8538859021147739
964, 0.8195736189952888
965, 0.889317570103469
966, 0.8121772131228728
967, 0.8682945788999972
968, 0.8767800951120428
969, 0.8246625239871337
970, 0.8964320688898603
971, 0.9087747568508405
972, 0.8620710551449027
973, 0.8811663463494509
974, 0.8480362272474896
975, 0.8123373229642212
976, 0.878258263371663
977, 0.8317913838802972
978, 0.857678289317046
979, 0.9154022036495264
980, 0.8636940830736335
981, 0.9007246575119605
982, 0.8210544883054273
983, 0.9262927999970451
984, 0.8327279536777228
985, 0.8030738051056342
986, 0.8560513260104152
987, 0.8836520317315264
988, 0.8974491521625321
989, 0.9292072354521319
990, 0.9065131974073136
991, 0.9493888136203853
992, 0.8838251020673721
993, 0.8668234373646082
994, 0.9026425496869755
995, 0.907470130476174
996, 0.8530102449686151
997, 0.8970616274664911
998, 0.8458787550928393
999, 0.8885357573937633
1000, 0.8238789112783259
1001, 0.868649970999708
1002, 0.873431841645964
1003, 0.8653250319295457
1004, 0.8575887967651706
1005, 0.8708481266864028
1006, 0.8780644041413477
1007, 0.8236513693023387
1008, 0.8487293625718906
1009, 0.9041637710266451
1010, 0.8095231524444176
1011, 0.8717430421950462
1012, 0.8165060256473654
1013, 0.8820847727983862
1014, 0.8500238683564967
1015, 0.8576248645225577
1016, 0.8082532052741659
1017, 0.8630748501177528
1018, 0.8235673014255801
1019, 0.8187510575210669
1020, 0.9335712163041445
1021, 0.8961737787509513
1022, 0.825624281842348
1023, 0.882077311573081
1024, 0.8682697146848649
1025, 0.8930021617661228
1026, 0.9269875992426031
1027, 0.8069518407962214
1028, 0.8124862279888743
1029, 0.8692180670564459
1030, 0.8474877823010891
1031, 0.8039563067182821
1032, 0.8837100816174451
1033, 0.8500869313468236
1034, 0.8399099625375861
1035, 0.8671311538582355
1036, 0.8495737131587364
1037, 0.904772995925141
1038, 0.9043130438925027
1039, 0.9287007498975751
1040, 0.8658596134325941
1041, 0.8950389694937186
1042, 0.898632308570393
1043, 0.8321513025175059
1044, 0.861436267519099
1045, 0.8870083824616166
1046, 0.9565157762234152
1047, 0.8563272052756987
1048, 0.8969053663927355
1049, 0.8793833323271492
1050, 0.9223432539149199
1051, 0.8632389082545977
1052, 0.856848064463506
1053, 0.9040566484972341
1054, 0.9017703294036603
1055, 0.8991702883077705
1056, 0.8810256028194752
1057, 0.8543102906090126
1058, 0.8829373526743948
1059, 0.8311345428899606
1060, 0.839240344226091
1061, 0.8161208924688449
1062, 0.8438211661858928
1063, 0.8412848672027937
1064, 0.9015420523777009
1065, 0.9557456874501417
1066, 0.8920009730925749
1067, 0.8777020375103008
1068, 0.8969052431474748
1069, 0.8127283131289563
1070, 0.9322229006875559
1071, 0.8640205174919977
1072, 0.8330013462196577
1073, 0.7979323395956182
1074, 0.8363009927792797
1075, 0.7964000059166132
1076, 0.8334218679803606
1077, 0.8530642922705677
1078, 0.8553500961702061
1079, 0.8444238523365254
1080, 0.7994917558038316
1081, 0.9212242280362147
1082, 0.8256071994750037
1083, 0.8160310787682735
1084, 0.8418101059072302
1085, 0.8968574661073783
1086, 0.8586004286199906
1087, 0.8402529908109968
1088, 0.9045722295344492
1089, 0.8256543022470605
1090, 0.8533152187297733
1091, 0.875000664024808
1092, 0.7813940565094274
1093, 0.8375936841819593
1094, 0.8325808212430402
1095, 0.8256902230288077
1096, 0.8577894665812796
1097, 0.9067652594330474
1098, 0.8347409290398704
1099, 0.8702967059788967
1100, 0.87989024349775
1101, 0.9311988813263367
1102, 0.8747458024254109
1103, 0.858861390995998
1104, 0.8869349947929294
1105, 0.8399425393689406
1106, 0.8659870412296489
1107, 0.8591419617224034
1108, 0.9245358500935121
1109, 0.8794973948937789
1110, 0.8800980807120387
1111, 0.8719826977598771
1112, 0.8507048922823225
1113, 0.8554849897268596
1114, 0.8864170935783234
1115, 0.8436729336327532
1116, 0.7880164834222728
1117, 0.8657841110490908
1118, 0.8720233484728808
1119, 0.850142104681558
1120, 0.8085767992919102
1121, 0.8517806992529197
1122, 0.8534777860790078
1123, 0.8760304284151634
1124, 0.7498886796873103
1125, 0.9065506020334544
1126, 0.8686766555578979
1127, 0.8239345125971422
1128, 0.8721484365064168
1129, 0.9238137097072157
1130, 0.8109218044824245
1131, 0.8300563784696571
1132, 0.8876957013466595
1133, 0.8671664064286579
1134, 0.8400296090815241
1135, 0.8389872597416592
1136, 0.8424613558134126
1137, 0.8077321460951475
1138, 0.8367081096039657
1139, 0.8388579894029516
1140, 0.8553460027535007
1141, 0.8360723892561418
1142, 0.799325886891441
1143, 0.8183273511680652
1144, 0.8584626972635659
1145, 0.781401523057083
1146, 0.8125521189474452
1147, 0.8497949266709008
1148, 0.9174987543114399
1149, 0.8434900871795713
1150, 0.8965376305293999
1151, 0.8436192469070792
1152, 0.8574916858810421
1153, 0.8551646349923105
1154, 0.8137449410015658
1155, 0.8983051841750364
1156, 0.8043703452917024
1157, 0.8945921448032658
1158, 0.8625061713463927
1159, 0.851630704916468
1160, 0.8470525346949798
1161, 0.8123403080473451
1162, 0.8403755229577382
1163, 0.8845389310480053
1164, 0.8828682537218981
1165, 0.8459038777790941
1166, 0.8314902692058196
1167, 0.7961362118277725
1168, 0.830895278097558
1169, 0.8144701458179097
1170, 0.8117460618398193
1171, 0.8364784331942555
1172, 0.8581973378731277
1173, 0.8213993348061338
1174, 0.7800628809316759
1175, 0.7904123175446105
1176, 0.7650483182293594
1177, 0.8532237809683426
1178, 0.8485974755969253
1179, 0.7589517504479835
1180, 0.8105168191576577
1181, 0.80080027846362
1182, 0.8041511041188592
1183, 0.8340969755442964
1184, 0.8688626311940498
1185, 0.819154648537619
1186, 0.8622951401495262
1187, 0.8003059030150959
1188, 0.804926234667971
1189, 0.8423931015217931
1190, 0.9009220118565939
1191, 0.8691661414280589
1192, 0.7763277211059492
1193, 0.8494117766729786
1194, 0.778700807159086
1195, 0.8498117318146207
1196, 0.862119018832918
1197, 0.8085059716544555
1198, 0.8556080937050368
1199, 0.8362245830769938
1200, 0.7685449344959343
1201, 0.8699688929452174
1202, 0.8355112534117842
1203, 0.8352232854387619
1204, 0.8336580669404252
1205, 0.812333433421222
1206, 0.8318588246384897
1207, 0.8363195037170449
1208, 0.7760468520331345
1209, 0.8767232546433624
1210, 0.7988276629337796
1211, 0.8086201372013235
1212, 0.8909719116018852
1213, 0.7654189466206952
1214, 0.8683605270663932
1215, 0.817938905054543
1216, 0.8421251801480634
1217, 0.870834385349751
1218, 0.7421673267920912
1219, 0.8426632931532433
1220, 0.833137933219492
1221, 0.8722921483295485
1222, 0.8556557737053929
1223, 0.831033483740292
1224, 0.8075032732689913
1225, 0.8795207176114794
1226, 0.8224693040719809
1227, 0.7916717723274335
1228, 0.8379488893766185
1229, 0.8571092525579721
1230, 0.8445991090520851
1231, 0.8669478852663333
1232, 0.8415947663993448
1233, 0.8075207291902767
1234, 0.8530338677992862
1235, 0.7895281877515256
1236, 0.8264016052332813
1237, 0.8657325800764235
1238, 0.774221192254493
1239, 0.840092930011794
1240, 0.7844449731004084
1241, 0.8017917827900649
1242, 0.8376686903945385
1243, 0.793928905983423
1244, 0.8108120940950433
1245, 0.7660406255552564
1246, 0.8257929279111336
1247, 0.8456983750148457
1248, 0.8622062248471546
1249, 0.796631048880746
1250, 0.8374414916372668
1251, 0.8325858650395372
1252, 0.8013922413544907
1253, 0.8165081745149579
1254, 0.833629796062564
1255, 0.864729642385526
1256, 0.8139921207555177
1257, 0.7912441862286974
1258, 0.8222524299962308
1259, 0.7131033361865561
1260, 0.7861523135919259
1261, 0.8128547887593502
1262, 0.7875183674255506
1263, 0.8001579422021169
1264, 0.9467923221198886
1265, 0.8222578223646723
1266, 0.8217121172628998
1267, 0.8013250831152122
1268, 0.8411725065414594
1269, 0.8028749844467327
1270, 0.8508371779753102
1271, 0.8315060406704495
1272, 0.824187532528081
1273, 0.7884668606051949
1274, 0.8540438705621005
1275, 0.8380699707080013
1276, 0.7779519873464554
1277, 0.7915794410365369
1278, 0.855553586229481
1279, 0.8203080594303026
1280, 0.892226702288491
1281, 0.8439222979492311
1282, 0.8433620000545301
1283, 0.786810434807484
1284, 0.8281546483391184
1285, 0.8514358401171306
1286, 0.8397475031887188
1287, 0.8312966229822969
1288, 0.805124650383457
1289, 0.9135048709630483
1290, 0.8297232781335304
1291, 0.8458843636809202
1292, 0.8398811694205464
1293, 0.8088354013369262
1294, 0.8172960875553495
1295, 0.8504503790658556
1296, 0.8014280371808138
1297, 0.8165512287231697
1298, 0.8610239812339838
1299, 0.8921344250409401
1300, 0.9090565383830321
1301, 0.8712798622097503
1302, 0.8631979540422883
1303, 0.8529808617212581
1304, 0.791334226226075
1305, 0.8254438738330235
1306, 0.8268277195220929
1307, 0.8319089705104371
1308, 0.8208637873833114
1309, 0.8083950016146524
1310, 0.8760689964024191
1311, 0.8659334996239108
1312, 0.7888420956184929
1313, 0.802673309830766
1314, 0.8863586459648986
1315, 0.8561341851481836
1316, 0.8412255750289762
1317, 0.8433077705121508
1318, 0.8490521658867273
1319, 0.8380638916324821
1320, 0.8791793115017257
1321, 0.7904618393782502
1322, 0.8554375414060417
1323, 0.8022896212585109
1324, 0.8925290334306208
1325, 0.8381686125644241
1326, 0.7984143816295496
1327, 0.8636760474831828
1328, 0.8449054181698997
1329, 0.8310448194615832
1330, 0.9071877104148531
1331, 0.8217626860589539
1332, 0.8481712919355376
1333, 0.8520823400987476
1334, 0.8487735554211262
1335, 0.75588921483401
1336, 0.8614388912100253
1337, 0.7913288412473136
1338, 0.8569319905452404
1339, 0.8131992167873378
1340, 0.8647907607355816
1341, 0.9476679871269499
1342, 0.831577628632508
1343, 0.8268711287838687
1344, 0.8808178431006914
1345, 0.9057781745180641
1346, 0.7896480783623757
1347, 0.8262630747860733
1348, 0.8016820917352198
1349, 0.8616109617444004
1350, 0.8421204206068862
1351, 0.8160729355006118
1352, 0.8306894667371924
1353, 0.7599024472178662
1354, 0.7814529490716383
1355, 0.8866793262809571
1356, 0.8284378875025541
1357, 0.8055212635978622
1358, 0.8668042648808933
1359, 0.8182667993454743
1360, 0.8350253046015649
1361, 0.8386112162676688
1362, 0.9010403843322815
1363, 0.8144019700282814
1364, 0.8220287933936008
1365, 0.8525555544165045
1366, 0.9236050524536253
1367, 0.7521555467129954
1368, 0.8612913764612955
1369, 0.7971525532530793
1370, 0.8001380691226418
1371, 0.8373476176884671
1372, 0.8394581196352823
1373, 0.8094368622643586
1374, 0.8134319861195728
1375, 0.8144578067209326
1376, 0.8775753735762993
1377, 0.8634204886905533
1378, 0.8022265613609422
1379, 0.874026821927562
1380, 0.8452766548585945
1381, 0.8250377268593126
1382, 0.9042322486571156
1383, 0.8815656072252761
1384, 0.8013531726420644
1385, 0.8423541831762867
1386, 0.8369372351196013
1387, 0.8508967657104766
1388, 0.8107104747721638
1389, 0.8248689358428976
1390, 0.8667564479928734
1391, 0.7669079375363566
1392, 0.8621874402648253
1393, 0.8760797571157078
1394, 0.8440507180181868
1395, 0.8132623930158306
1396, 0.7907701308747292
1397, 0.8171331736666491
1398, 0.766826132429438
1399, 0.8391143365445686
1400, 0.882183256184381
1401, 0.8442132089595549
1402, 0.849603738539215
1403, 0.8676002472465737
1404, 0.8886033600124721
1405, 0.819369339927576
1406, 0.8283445685121218
1407, 0.9037739798898885
1408, 0.773209589872274
1409, 0.8930657920527818
1410, 0.8147055804865027
1411, 0.8281181166358038
1412, 0.7719479578240102
1413, 0.8251676066906731
1414, 0.825695584097107
1415, 0.8400129568148083
1416, 0.8716446895608603
1417, 0.8490273029117682
1418, 0.8234907531657079
1419, 0.840405167374483
1420, 0.805717765853018
1421, 0.7946549030283948
1422, 0.84865894138223
1423, 0.8423676788431158
1424, 0.863672649696397
1425, 0.8134191697154572
1426, 0.8835642833938872
1427, 0.860171561110905
1428, 0.8556382913682379
1429, 0.8675839818591907
1430, 0.8239116547079628
1431, 0.7985550289547122
1432, 0.8260036985859549
1433, 0.856799755957876
1434, 0.9191456414184139
1435, 0.8556622157844916
1436, 0.8997692456426307
1437, 0.8582903845663497
1438, 0.8864452479727304
1439, 0.8538496211800728
1440, 0.8404097239663904
1441, 0.9038114835822847
1442, 0.7938431808139561
1443, 0.8327287038502718
1444, 0.8055721887679311
1445, 0.8396719027867269
1446, 0.8813037343705656
1447, 0.8002285112081668
1448, 0.8309007297788878
1449, 0.7971484574224887
1450, 0.8065614374411253
1451, 0.8222562882355363
1452, 0.8028494116648591
1453, 0.8437601606314793
1454, 0.8362932137155439
1455, 0.8810460716470581
1456, 0.8731299659392024
1457, 0.8354284739274201
1458, 0.8130078241946919
1459, 0.8458871690546051
1460, 0.7899431454933316
1461, 0.8419405911446585
1462, 0.9101171350729979
1463, 0.8937304922991756
1464, 0.8803191621793863
1465, 0.8372373652905365
1466, 0.7923070420662394
1467, 0.7877039822215202
1468, 0.8504176085551437
1469, 0.8314641762439277
1470, 0.7509570876821466
1471, 0.8194666912829172
1472, 0.846016863254109
1473, 0.7707251747498499
1474, 0.8247445912546358
1475, 0.8316089437950684
1476, 0.8147702252122635
1477, 0.8785025577405957
1478, 0.9043578808609116
1479, 0.8703930377730725
1480, 0.8558195596813171
1481, 0.8273401586659087
1482, 0.8144299263530425
1483, 0.8184807066741017
1484, 0.8670889389127671
1485, 0.861659242376335
1486, 0.794288978124518
1487, 0.8052267346721781
1488, 0.7826897056555598
1489, 0.9330912757599633
1490, 0.8929173884015811
1491, 0.7773856685048266
1492, 0.7740420593077404
1493, 0.8273783530273904
1494, 0.8298109267127508
1495, 0.8334209913875179
1496, 0.9098800959014103
1497, 0.8267547105597041
1498, 0.7726452166331012
1499, 0.9058413196648556
1500, 0.8495772155671653
1501, 0.7766081827477691
1502, 0.7920054887334225
1503, 0.8354032074684765
1504, 0.7909618879295559
1505, 0.8277673806619826
1506, 0.8281661622518333
1507, 0.8027585406858697
1508, 0.8610684125633974
1509, 0.8351459143984602
1510, 0.7993387561003165
1511, 0.8319106013666405
1512, 0.799121727207602
1513, 0.8046091649030849
1514, 0.7824663347804808
1515, 0.8059471533829385
1516, 0.8111607724010714
1517, 0.8458541392594983
1518, 0.8517690618368547
1519, 0.8190183449284661
1520, 0.8360008438023989
1521, 0.8082408506121216
1522, 0.799239664888805
1523, 0.7982642606239939
1524, 0.7865529747953848
1525, 0.8078858700642781
1526, 0.8402661448426284
1527, 0.7852203291256875
1528, 0.7936027651382658
1529, 0.8047974793028918
1530, 0.8374351945190983
1531, 0.8389096576510005
1532, 0.8039519174596303
1533, 0.7920543799872752
1534, 0.790025844205199
1535, 0.841319595360373
1536, 0.7976781046657241
1537, 0.7868755380917161
1538, 0.8131462389891895
1539, 0.8084752754026266
1540, 0.8366786151468792
1541, 0.8188614697540043
1542, 0.8520862591664222
1543, 0.8184675339042192
1544, 0.7969126422133874
1545, 0.8881071488855884
1546, 0.8222872548525129
1547, 0.7693886005405888
1548, 0.7664886723207647
1549, 0.8378321635113747
1550, 0.8030851633411018
1551, 0.8207010756843274
1552, 0.7993677323842462
1553, 0.7596574036887392
1554, 0.8140383077230839
1555, 0.8216623828863745
1556, 0.7566834064466336
1557, 0.8294817634247944
1558, 0.8219852977978302
1559, 0.8281784386205815
1560, 0.7769079013124567
1561, 0.7732221118650697
1562, 0.8637434325726673
1563, 0.8540234810772422
1564, 0.7629670885806641
1565, 0.8495204759816644
1566, 0.8343741781922053
1567, 0.7829204418130109
1568, 0.8770530721101777
1569, 0.7986092385430819
1570, 0.860377930988608
1571, 0.8096619920601666
1572, 0.7970881493404515
1573, 0.8048361852125854
1574, 0.7894352298565963
1575, 0.7461413238195987
1576, 0.7938922019190169
1577, 0.8528753531305086
1578, 0.8223970010788649
1579, 0.8035977773331243
1580, 0.8085963454040798
1581, 0.8213488380981828
1582, 0.7748950766734362
1583, 0.8191128748069059
1584, 0.8487671390978339
1585, 0.8016704066469618
1586, 0.7355917347461169
1587, 0.7836691389540508
1588, 0.7530781557573711
1589, 0.7567284322463026
1590, 0.8145068914393567
1591, 0.7322307132669665
1592, 0.7857985467538748
1593, 0.775899029321701
1594, 0.782862443996223
1595, 0.8299595859031577
1596, 0.8225923003225047
1597, 0.8112288969192872
1598, 0.8139103740981688
1599, 0.7999735966159497
1600, 0.7782376036660963
1601, 0.7941116575142833
1602, 0.8210337798133556
1603, 0.7654252708459695
1604, 0.7820693511348081
1605, 0.755635110819746
1606, 0.7661579836876367
1607, 0.7653119045012547
1608, 0.8357700206911634
1609, 0.8215222968379234
1610, 0.8371848425616766
1611, 0.7807528514162856
1612, 0.8318325147970046
1613, 0.7791302526094277
1614, 0.7926469503941191
1615, 0.8217076906927322
1616, 0.7936344130609855
1617, 0.8925569357244204
1618, 0.8600877559844362
1619, 0.7895613465604744
1620, 0.7873715662822246
1621, 0.7355838738895415
1622, 0.7995597923428865
1623, 0.7610784576065667
1624, 0.7588200129028211
1625, 0.8190395462816723
1626, 0.7517847441054575
1627, 0.816861796221479
1628, 0.8191998438043264
1629, 0.9019661915298333
1630, 0.7756685687425643
1631, 0.8069677736130727
1632, 0.8702994341920955
1633, 0.8327542468319546
1634, 0.846108416477224
1635, 0.8572074109795214
1636, 0.7786312167919018
1637, 0.8502341820003796
1638, 0.9580776496289477
1639, 0.746429857145065
1640, 0.8440727971823813
1641, 0.7764071544502947
1642, 0.823927358638027
1643, 0.7054348497844808
1644, 0.815278365438159
1645, 0.897595549188616
1646, 0.7495155010065767
1647, 0.824039861057545
1648, 0.8471049529478444
1649, 0.786265242820497
1650, 0.7768927805725964
1651, 0.8168534141520016
1652, 0.8100149894259198
1653, 0.7901737724561286
1654, 0.8867368037938501
1655, 0.8007267643695667
1656, 0.77325694324302
1657, 0.7871532196776484
1658, 0.8236546143395952
1659, 0.736636903880515
1660, 0.823304660540797
1661, 0.6765105451976723
1662, 0.7248132149602812
1663, 0.6928107729957101
1664, 0.765527664587988
1665, 0.7159471549071559
1666, 0.7422592447365304
1667, 0.7930990046394903
1668, 0.7005177283793403
1669, 0.7263450571609933
1670, 0.7696062984602292
1671, 0.9276271437301022
1672, 0.8447231318599903
1673, 0.7688705168475402
1674, 0.8226249577413964
1675, 0.846147659091806
1676, 0.8720016551671259
1677, 0.8175935620354974
1678, 0.7471059199232869
1679, 0.809604959684612
1680, 0.8418432046174761
1681, 0.8222520911504112
1682, 0.802894145826038
1683, 0.6858489309058838
1684, 0.6505887691564015
1685, 0.777645163896559
1686, 0.6691893907637622
1687, 0.6683603570615995
1688, 0.6744167573998878
1689, 0.7445796850805776
1690, 0.7553396512237075
1691, 0.6789778271126693
1692, 0.7574509962959062
1693, 0.7766968517552016
1694, 0.7690974827483015
1695, 0.6199193219022664
1696, 0.7401621824623421
1697, 0.724386830861986
1698, 0.815695069282671
1699, 0.7946046789962261
1700, 0.9148120015416359
1701, 0.6500850664280964
1702, 0.5504758975569228
1703, 0.544053545104269
1704, 0.6994159821564833
1705, 0.5483079500786676
1706, 0.6607912879457518
1707, 0.5646232094038977
1708, 0.72635390887005
1709, 0.5719528800905552
1710, 0.5021021706378314
1711, 0.790730786353963
1712, 0.4844915810399072
1713, 0.6375965887753446
1714, 0.6212711826817146
1715, 0.4876286623936933
1716, 0.5932010173993194
good:
1, 1.252499734090358
2, 0.5511083091866883
3, 0.5534610510551229
4, 0.5523595350023212
5, 0.5439188713166109
6, 0.5534167693375205
7, 0.5486140645285799
8, 0.545166414831536
9, 0.5511757873511042
10, 0.5515715399807212
11, 0.5447957322199
12, 0.5591767141437951
13, 0.5465622943625817
14, 0.5599101468761873
15, 0.5466393058311969
16, 0.5501065785750434
17, 0.5338038381305361
18, 0.547594167839446
19, 0.5495164307842019
20, 0.5469739504767753
21, 0.5563881535570749
22, 0.5520176942051861
23, 0.554037008166571
24, 0.5500966504441923
25, 0.5525993226242154
26, 0.5535907445214046
27, 0.545239835514424
28, 0.5423021641271297
29, 0.5510016906884133
30, 0.5501273706832572
31, 0.5569047910569526
32, 0.5544938393083185
33, 0.5478262395608332
34, 0.5593699802790177
35, 0.5498073779775954
36, 0.5496331992534645
37, 0.5628914583173324
38, 0.5495691667359773
39, 0.566673530861051
40, 0.5576471669283695
41, 0.5565043902687136
42, 0.5428951469385667
43, 0.5422302580662862
44, 0.5442080536260957
45, 0.543504548210124
46, 0.5569728449156741
47, 0.552703213740276
48, 0.5480466317740277
49, 0.542454396514154
50, 0.5629793317505453
51, 0.5422648061558415
52, 0.5558944876263661
53, 0.5457037423443771
54, 0.5464058424595688
55, 0.5513413680702656
56, 0.5498881888105679
57, 0.5458035281639678
58, 0.5464818961740292
59, 0.5452021295292825
60, 0.5429334353997839
61, 0.546572320673578
62, 0.5474306617273672
63, 0.5558388437125892
64, 0.5521899976067105
65, 0.5418933170311492
66, 0.5437060580913363
67, 0.5517008669755008
68, 0.5511156541912607
69, 0.5478930778238453
0, 0.5464454018771041
70, 0.5485283950184867
71, 0.5495751603654632
72, 0.5522125597630271
73, 0.5443100483400042
74, 0.5607046670940581
75, 0.5485880260460605
76, 0.5450863580725671
77, 0.5577387139762733
78, 0.5469364443875316
79, 0.5421940475641559
80, 0.5572814766260382
81, 0.5570336318856497
82, 0.5495239739721977
83, 0.5549822558609224
84, 0.5480343319502167
85, 0.5487744408969615
86, 0.5384559399719436
87, 0.5479471136947752
88, 0.5496652032388927
89, 0.5656388685673726
90, 0.5503056004208956
91, 0.5553666837028776
92, 0.5510717680210409
93, 0.5368823018881183
94, 0.5491959180276739
95, 0.5443878999329389
96, 0.5557031607141477
97, 0.5576306967289106
98, 0.5509772023169301
99, 0.5709919493268937
100, 0.540720067759584
101, 0.5675704586856023
102, 0.5612222067730589
103, 0.5555521262336974
104, 0.5740911666596727
105, 0.5617511924385492
106, 0.5547821101802158
107, 0.55403151019606
108, 0.5824284734562921
109, 0.5482070456758866
110, 0.5532754283317325
111, 0.558150984110322
112, 0.5572280682076067
113, 0.550772671710543
114, 0.5497595718332874
115, 0.5575100075362691
116, 0.5540104026872041
117, 0.5421636608785337
118, 0.5689246326902252
119, 0.5557164228744877
120, 0.5741794349433199
121, 0.5617469554416697
122, 0.5784206725843257
123, 0.5557629064428711
124, 0.5594350255101201
125, 0.5653248240812716
126, 0.5552727264783466
127, 0.5750325951337774
128, 0.5385375832023089
129, 0.5698514034900978
130, 0.5644376080199972
131, 0.5755659652956232
132, 0.5528615838368729
133, 0.5470000702001969
134, 0.5720479406463361
135, 0.5579513033473024
136, 0.5431117587098894
137, 0.5600912781516608
138, 0.5654300774571833
139, 0.5576935162341199
140, 0.5535818055604075
141, 0.5614607547980319
142, 0.558672563023409
143, 0.5637522627389883
144, 0.5637673773206505
145, 0.5537158609493571
146, 0.5627565085714734
147, 0.5573252281299494
148, 0.5549059853049655
149, 0.5564221216030265
150, 0.5453291234026649
151, 0.5544194053927106
152, 0.5538465587140903
153, 0.5512592658048265
154, 0.5412108010312405
155, 0.5536570389107776
156, 0.5725857569727083
157, 0.5720733884770202
158, 0.5664286174449876
159, 0.5530102457853917
160, 0.550456343117849
161, 0.5633046779971138
162, 0.55875901385769
163, 0.550174728878706
164, 0.5580205184016849
165, 0.5784467146308119
166, 0.557380033889737
167, 0.554578858457615
168, 0.55168818535797
169, 0.5476349221998058
170, 0.5540159674920855
171, 0.5663185805325548
172, 0.5538764642481048
173, 0.55508980524985
174, 0.5686200574292316
175, 0.5647073024903103
176, 0.5570402696405148
177, 0.5530435349629099
178, 0.5559712351063898
179, 0.5366962263263784
180, 0.5703253699023286
181, 0.5587925674552634
182, 0.5628813668962861
183, 0.5502994180956076
184, 0.5605512881913078
185, 0.5900612173805195
186, 0.5588654447393939
187, 0.5672949827662287
188, 0.5618856076699709
189, 0.5575565562094396
190, 0.5573888716482397
191, 0.5296060059580655
192, 0.541049387665574
193, 0.5706196033696171
194, 0.5349468217185093
195, 0.5682762515234016
196, 0.5589941885013171
197, 0.5601007206975686
198, 0.5763986554551859
199, 0.5747905651108588
200, 0.5693097129514045
201, 0.553269796462
202, 0.5700482699739383
203, 0.5562978613419141
204, 0.5727248368939899
205, 0.5416310375435821
206, 0.5671603943420558
207, 0.5557103257071883
208, 0.5651354088711847
209, 0.5512338900806374
210, 0.5411124648556457
211, 0.5535307954480156
212, 0.560662803051544
213, 0.5573224882514125
214, 0.5740192305201125
215, 0.5657115478657349
216, 0.5549901043441133
217, 0.5823608303357656
218, 0.5433602706965338
219, 0.5624506064741643
220, 0.5500226414894063
221, 0.566068516925653
222, 0.5532783640968666
223, 0.5436644027069938
224, 0.5637134094756804
225, 0.5499414547721349
226, 0.5522364227064064
227, 0.5490525509098807
228, 0.5499282477138357
229, 0.5787232972704205
230, 0.5676557870476285
231, 0.5438191872465336
232, 0.5618522605288644
233, 0.5389707731312602
234, 0.5659699485159417
235, 0.5503245677191299
236, 0.5639479323006229
237, 0.5599255773285455
238, 0.5652500576830536
239, 0.5604226472656361
240, 0.5753397979650592
241, 0.5540257560234993
242, 0.5651659128005929
243, 0.5510154885367438
244, 0.5333291797979449
245, 0.5504085338143968
246, 0.5498387835447452
247, 0.5467945478148336
248, 0.5511884557980977
249, 0.5559462345406813
250, 0.5720866147847723
251, 0.5606297140361426
252, 0.5520528044088538
253, 0.5700800106346715
254, 0.5472117839796201
255, 0.5336905094226431
256, 0.5593939511460493
257, 0.546133762369589
258, 0.5555094877951345
259, 0.5750754200852991
260, 0.5666949492704434
261, 0.5615584310352977
262, 0.5585887896550967
263, 0.5485440204959772
264, 0.5602902646086418
265, 0.5529812133399468
266, 0.5673132744189027
267, 0.5603637797196337
268, 0.569608806500789
269, 0.582881734889413
270, 0.5624406008556254
271, 0.5553997561859969
272, 0.5553493726241628
273, 0.5586724351942283
274, 0.5417969244368697
275, 0.55455319044635
276, 0.5449038127214553
277, 0.55377522290399
278, 0.5860067145408041
279, 0.5512801478780546
280, 0.5534680923629395
281, 0.5693990562750305
282, 0.5464757149713876
283, 0.5678966511453774
284, 0.5601438494466869
285, 0.5776752320291748
286, 0.5517055438315
287, 0.5461140908274377
288, 0.537698973041271
289, 0.546301956153408
290, 0.5599615782909229
291, 0.5340194453479906
292, 0.5640113755720809
293, 0.5464190176623032
294, 0.5541100543172146
295, 0.5905841164428346
296, 0.5702976034872472
297, 0.5343232646387114
298, 0.5570839128766699
299, 0.5617782293358223
300, 0.5241706216266532
301, 0.5455689012524131
302, 0.5590891800302662
303, 0.5928316170961843
304, 0.5468617450890189
305, 0.5489537837561399
306, 0.5546977807694868
307, 0.5545368346445502
308, 0.581533089978203
309, 0.5585822263116414
310, 0.5534814171270153
311, 0.5828506733041638
312, 0.550457407786464
313, 0.5471391425790672
314, 0.551838519798763
315, 0.5351377073290002
316, 0.5654388699696424
317, 0.5710356236733616
318, 0.5358999681290382
319, 0.5482379105574905
320, 0.5594896896871899
321, 0.5627545775838064
322, 0.5666211553484148
323, 0.5763055787439548
324, 0.5688481887397023
325, 0.5436523581918463
326, 0.5631223275963326
327, 0.5621663823648024
328, 0.5778087765090364
329, 0.55276134303317
330, 0.5587716812955925
331, 0.5601936014840827
332, 0.5628954007472228
333, 0.5410204010775017
334, 0.5565704581976008
335, 0.5400032305098634
336, 0.5637138817386556
337, 0.5516310400175358
338, 0.5425200138398073
339, 0.5350326650652679
340, 0.5448640893245644
341, 0.5660189805122199
342, 0.5477938315948643
343, 0.5603378493884388
344, 0.5434665927378656
345, 0.5707251571921426
346, 0.5628236762506956
347, 0.5583896074666421
348, 0.5581575941093488
349, 0.5538517457275461
350, 0.5443994928099268
351, 0.5626751893312886
352, 0.5690208018721065
353, 0.5719812484316154
354, 0.5526857403419583
355, 0.5588317126004912
356, 0.5386371813639842
357, 0.5783737837838885
358, 0.5560661946511674
359, 0.5577508772391232
360, 0.5503759929204438
361, 0.5560275235611647
362, 0.5718643793302748
363, 0.5833712598564632
364, 0.5760276736052736
365, 0.5603098700469633
366, 0.5494366849363012
367, 0.5555911351651094
368, 0.5677512115835726
369, 0.5265727979825541
370, 0.55974031956933
371, 0.5596423086051723
372, 0.5657078105043338
373, 0.5565337316296292
374, 0.5546947130841458
375, 0.5533313006884587
376, 0.5463784862814137
377, 0.5336731679228586
378, 0.5528601218712645
379, 0.5606536922258808
380, 0.5716118522586388
381, 0.5681763325386338
382, 0.5626896338717361
383, 0.543771243562254
384, 0.5710978909640531
385, 0.5413274226436373
386, 0.542963840848832
387, 0.565914212157481
388, 0.5774131669735165
389, 0.550156652137363
390, 0.5583195909466956
391, 0.5551163906003361
392, 0.5656418329788226
393, 0.5648084083523678
394, 0.5530986858998146
395, 0.5847021371956816
396, 0.5534704990661451
397, 0.5418230206379626
398, 0.5522590301678519
399, 0.5681116907274216
400, 0.58969359577041
401, 0.5744418838605823
402, 0.5702160874591006
403, 0.5563035941710751
404, 0.5623716226307881
405, 0.5555140347161256
406, 0.5553917113613929
407, 0.5596693525053894
408, 0.545481303041645
409, 0.5587782640203498
410, 0.5482303652160525
411, 0.5618180087838085
412, 0.5513273353135589
413, 0.5335514683171796
414, 0.5642947296795058
415, 0.5511320513591668
416, 0.5512269585654511
417, 0.5855741482060544
418, 0.5670377830740031
419, 0.5443819857101512
420, 0.5684602472411204
421, 0.5861668748924075
422, 0.5542610071334623
423, 0.5696808413471391
424, 0.5860962012636993
425, 0.5669299018053137
426, 0.5751432143768425
427, 0.5305462968762235
428, 0.5402345139654936
429, 0.551281124753233
430, 0.5505159657269943
431, 0.5956747612207276
432, 0.5678131754668668
433, 0.5699885237479965
434, 0.5493511908799804
435, 0.5624044525727941
436, 0.5478692512348743
437, 0.5533886915851262
438, 0.5712796270036299
439, 0.5757582437110824
440, 0.5765475847962895
441, 0.5604545521956779
442, 0.5644388802455517
443, 0.5723726164684952
444, 0.5421250262646943
445, 0.552573640608713
446, 0.554306719881376
447, 0.547855622646097
448, 0.5479260181322617
449, 0.5655031181686467
450, 0.5644906808059011
451, 0.5606265643598136
452, 0.5660643143736968
453, 0.5302868176130394
454, 0.552426110643387
455, 0.5639947765571812
456, 0.5555753385346492
457, 0.5581227698363104
458, 0.5697407641877398
459, 0.5463406086029754
460, 0.5610558349273008
461, 0.5787855715571708
462, 0.5567356822190306
463, 0.5533363474058706
464, 0.5432673262131544
465, 0.5229376675437847
466, 0.5684901324786514
467, 0.5637788132849496
468, 0.55402677149581
469, 0.5701844398888789
470, 0.5665678266796009
471, 0.5497469941982065
472, 0.5727321451034234
473, 0.5483835701179707
474, 0.5605248597697422
475, 0.5476665672967764
476, 0.562462364671413
477, 0.5652312632434525
478, 0.5727494566810873
479, 0.5734174018201789
480, 0.5598890508047393
481, 0.5676866593456432
482, 0.5359285336529459
483, 0.5515536001632507
484, 0.5676879739381713
485, 0.5412815452079285
486, 0.5401600204893203
487, 0.5510345982949006
488, 0.5655745220367109
489, 0.5734359480586328
490, 0.5588568855354776
491, 0.5601108192016443
492, 0.5573782439474128
493, 0.5623826487947235
494, 0.5619999138579707
495, 0.5521044258659965
496, 0.5780874515331743
497, 0.5325099216633253
498, 0.5623458741229059
499, 0.5438242598719248
500, 0.5583162688492491
501, 0.5586989197893971
502, 0.5646608403949069
503, 0.5561926843779579
504, 0.5480788589812503
505, 0.561900036736615
506, 0.5526620074972854
507, 0.5695616035729074
508, 0.5547230220032602
509, 0.5333213799373063
510, 0.53004530554593
511, 0.541009050831378
512, 0.5255292730973885
513, 0.5405897126011727
514, 0.5498079680340073
515, 0.558906547375678
516, 0.5475324456036168
517, 0.5571998962544229
518, 0.5622299880904014
519, 0.5364408764095696
520, 0.5450684901769512
521, 0.5947129827747463
522, 0.5603511825791918
523, 0.5463629350028681
524, 0.5464203558892999
525, 0.5613264960008276
526, 0.5358897697195633
527, 0.5456423087964559
528, 0.5504597744719338
529, 0.564949395072644
530, 0.591420331384572
531, 0.5772038578535728
532, 0.5579674733167228
533, 0.5762444423678289
534, 0.5581844922900967
535, 0.564998461726536
536, 0.5607970568879479
537, 0.5599628301690428
538, 0.5690121781168743
539, 0.5563176601689113
540, 0.5855161045895283
541, 0.5573268070548402
542, 0.5671713961935628
543, 0.5382499327013515
544, 0.5806630443281281
545, 0.5476886138119481
546, 0.5725449433228386
547, 0.530674767328174
548, 0.5496851253844721
549, 0.5689326185313014
550, 0.5809314680424721
551, 0.5567259381051894
552, 0.5446474289232874
553, 0.5792793595195371
554, 0.5401538235840723
555, 0.5460592340722215
556, 0.5564880278963952
557, 0.5692904445941577
558, 0.5341541887192511
559, 0.5446159530955776
560, 0.5667506084574317
561, 0.5353314965105334
562, 0.5623493750884245
563, 0.5575227889613897
564, 0.549764854053201
565, 0.5704341101582202
566, 0.5690795640703894
567, 0.5529332170876252
568, 0.5494681686982654
569, 0.5427636687968002
570, 0.5417518800842112
571, 0.5606533575036314
572, 0.554687986813599
573, 0.5571352376321542
574, 0.5353125533182675
575, 0.5776229768992339
576, 0.5514463641818897
577, 0.5479331533204235
578, 0.5680921355877436
579, 0.5515089814640808
580, 0.5585469629769114
581, 0.5637272797106042
582, 0.5589924493750514
583, 0.561459232590762
584, 0.5605573428164398
585, 0.5405023173834581
586, 0.5748726230648994
587, 0.5544667774490656
588, 0.5581234661734804
589, 0.5500165880172843
590, 0.5503445854845114
591, 0.5533636959307792
592, 0.5475134885938403
593, 0.5327318938733383
594, 0.529262180878435
595, 0.568120523686259
596, 0.5606463489288643
597, 0.558153222308131
598, 0.5648825711858633
599, 0.5443746826384865
600, 0.5644234184718292
601, 0.5645184865501157
602, 0.5464595481454066
603, 0.582040693195167
604, 0.5600166487201654
605, 0.548954842549509
606, 0.57399056480539
607, 0.5664231985708563
608, 0.5521141519143472
609, 0.5575566404576097
610, 0.5559690289406144
611, 0.5254936125986839
612, 0.5563020772412274
613, 0.5509689032918228
614, 0.5600875268027533
615, 0.5479743344020556
616, 0.5689958778764206
617, 0.554691735300494
618, 0.561873430600701
619, 0.5572096985988401
620, 0.5524306336521025
621, 0.5548959430449036
622, 0.5529693096481912
623, 0.5410038316905886
624, 0.554850452686054
625, 0.5607336929324963
626, 0.5794921507436028
627, 0.5592292410223089
628, 0.5596962478588998
629, 0.5685638169877967
630, 0.5534083974165644
631, 0.570074485008587
632, 0.5732609522112675
633, 0.5775833948624838
634, 0.5374993675090973
635, 0.5519118737322591
636, 0.5524414871895916
637, 0.5519819446065108
638, 0.562879819432162
639, 0.573268286903516
640, 0.543683031009246
641, 0.5493888740025703
642, 0.5467151449398517
643, 0.5390890559142052
644, 0.5304539088474017
645, 0.5475403935720321
646, 0.572605403365058
647, 0.5336284168431261
648, 0.5494773051465015
649, 0.5722690615593268
650, 0.5646149270466538
651, 0.5499960246515976
652, 0.5743733931614409
653, 0.5827075593200878
654, 0.5304305489056065
655, 0.5562233186366032
656, 0.5574123675737378
657, 0.5597660764239435
658, 0.556040553191248
659, 0.5487340786562074
660, 0.5846019672472254
661, 0.549547549877518
662, 0.5693892971372005
663, 0.5619990945815815
664, 0.5779080111129054
665, 0.5403759036516966
666, 0.5670726824633459
667, 0.5581330496875458
668, 0.542044105705333
669, 0.5439680575252411
670, 0.5541075752057436
671, 0.5655934997164027
672, 0.5558399304205667
673, 0.5528613192430106
674, 0.5949936505862858
675, 0.5604083271914283
676, 0.5532939327204803
677, 0.5685883632529347
678, 0.5777501531665505
679, 0.5459224782728658
680, 0.5523615017194455
681, 0.5513470772849545
682, 0.5475556465491976
683, 0.5764708627532262
684, 0.5646042396738553
685, 0.5584513334059844
686, 0.557425936424495
687, 0.5285024489339406
688, 0.5579194054542667
689, 0.5597342494913752
690, 0.587706458341627
691, 0.5515737924077456
692, 0.5669648076489389
693, 0.5758311788366945
694, 0.5674389662631565
695, 0.5936383413904699
696, 0.5526768464783967
697, 0.5612270162629033
698, 0.563503316011453
699, 0.5774383501394031
700, 0.5611812906754845
701, 0.5479558477966665
702, 0.5744615515892671
703, 0.5660160290029768
704, 0.541745181944502
705, 0.542627690169886
706, 0.5328537580401809
707, 0.5659030183912941
708, 0.5333549398640494
709, 0.5522762630710271
710, 0.5613596006214833
711, 0.5673170786699953
712, 0.5471068031543403
713, 0.5410981894634769
714, 0.5607393266169891
715, 0.5685277334184602
716, 0.5664067865505108
717, 0.5625964939303192
718, 0.5660068003601135
719, 0.558167468063821
720, 0.5389146779494552
721, 0.5521642721785672
722, 0.5426109262644698
723, 0.5589223779781913
724, 0.5678423574366778
725, 0.5733443966056361
726, 0.5396724187633767
727, 0.5586218459708072
728, 0.5410581517653985
729, 0.5261239623889181
730, 0.5508123228572996
731, 0.5604896455788079
732, 0.5499093728866165
733, 0.5824523406520642
734, 0.5498536896155748
735, 0.546714509382996
736, 0.5245902142228949
737, 0.5741624819981065
738, 0.5515072678371721
739, 0.5552594757949676
740, 0.5673450978789879
741, 0.5672224283022876
742, 0.5688843120658446
743, 0.5696107558951892
744, 0.5283496440691239
745, 0.5210848628144367
746, 0.5492767918267428
747, 0.5408185651747641
748, 0.5691690663215699
749, 0.5530561314191672
750, 0.5687998441863046
751, 0.5392736118927435
752, 0.5553097176293199
753, 0.5551648457031131
754, 0.5721018424131636
755, 0.5635807547855858
756, 0.5585968762834609
757, 0.5792643654078591
758, 0.5250361087073397
759, 0.5625048297261248
760, 0.5622042785889939
761, 0.5669592510975769
762, 0.5568695965864001
763, 0.5676980535256992
764, 0.5637981121474742
765, 0.5347513248614665
766, 0.5478508986698046
767, 0.576046550617797
768, 0.5628696396867615
769, 0.5653862969402504
770, 0.5647554604017391
771, 0.5509166412232739
772, 0.5603618440612527
773, 0.5564740952751598
774, 0.539558356066963
775, 0.5548124964710267
776, 0.5666881681942724
777, 0.5757239266815166
778, 0.5502416375680933
779, 0.559839924200843
780, 0.5560537365162906
781, 0.5518428090803332
782, 0.5466974584851589
783, 0.5632770281334141
784, 0.5549921033015293
785, 0.567235696060809
786, 0.5443681323944023
787, 0.5541957354139722
788, 0.5576269805128508
789, 0.557293233843604
790, 0.524242711697375
791, 0.5863641483596265
792, 0.5577500815014631
793, 0.5437700675082427
794, 0.5755136641311762
795, 0.564947733287167
796, 0.5791847274659332
797, 0.5649756912514079
798, 0.5652936729962108
799, 0.5520896244740754
800, 0.5448787555724004
801, 0.5405130603548315
802, 0.5608570121330784
803, 0.5515937420581525
804, 0.5560776122063817
805, 0.5531992257979214
806, 0.540745890929715
807, 0.5557658607073989
808, 0.5483476407784891
809, 0.5451625490546891
810, 0.553025232446302
811, 0.5596984128547882
812, 0.5464942919820198
813, 0.5723795497682278
814, 0.5523689351946236
815, 0.5742074370235801
816, 0.5492752551185601
817, 0.5580877193945631
818, 0.5388326050980721
819, 0.5698501819486276
820, 0.5696957939862038
821, 0.5568315577495573
822, 0.5652349344467686
823, 0.5323247312507228
824, 0.5456595622768853
825, 0.5945434580639488
826, 0.5380521192689353
827, 0.5610837334802187
828, 0.5250896094413315
829, 0.5626756348563512
830, 0.5528599687120873
831, 0.5577296400069275
832, 0.5772745827529426
833, 0.5463433096479764
834, 0.5763900532772064
835, 0.5501233255260843
836, 0.5550094947331073
837, 0.5627773976256464
838, 0.5690243315432473
839, 0.5461444149976774
840, 0.5420719408062477
841, 0.5521865496007899
842, 0.5677442881550224
843, 0.5639539900853214
844, 0.5597491653227691
845, 0.556808019809962
846, 0.5368282335720496
847, 0.5545359067686024
848, 0.5698201638596773
849, 0.5634357116724407
850, 0.5490627489325381
851, 0.5533797133336376
852, 0.5938702199636244
853, 0.5646567467251539
854, 0.541564299825607
855, 0.5518788209301005
856, 0.5640369550835596
857, 0.567883661016597
858, 0.5510684298030823
859, 0.5533269363021698
860, 0.5484052142901887
861, 0.5484432075790084
862, 0.5756620902224041
863, 0.563947361430122
864, 0.5583451638230322
865, 0.5526817756642219
866, 0.569175571422301
867, 0.5916117224941485
868, 0.5518229692003005
869, 0.5599800436657203
870, 0.5553691747808928
871, 0.6017626181027095
872, 0.5655859287149397
873, 0.5319158079654236
874, 0.5374549734283213
875, 0.5772831501177487
876, 0.5520510817272279
877, 0.5745871033338162
878, 0.5447667767738363
879, 0.5702364665561435
880, 0.555901936856286
881, 0.5641277207455001
882, 0.5572081443291925
883, 0.5594021017012091
884, 0.5419738053890044
885, 0.5603207742372508
886, 0.5646459577626365
887, 0.5588512413513301
888, 0.5318095669821038
889, 0.5623877440873287
890, 0.5428893187044175
891, 0.5693793705521827
892, 0.5441738090904104
893, 0.558539710025487
894, 0.5649705240614894
895, 0.538640184294457
896, 0.5426406425648225
897, 0.5522886518732559
898, 0.5761081180388821
899, 0.5674644459323347
900, 0.5228780822461144
901, 0.5682929925440899
902, 0.5690759239207903
903, 0.561225781755537
904, 0.5584400509146996
905, 0.5364853643372205
906, 0.5586433251362247
907, 0.5489522325599739
908, 0.5685599649683255
909, 0.5744375447434951
910, 0.5533401817355095
911, 0.5546518819592051
912, 0.5506506421017002
913, 0.5710124191053022
914, 0.5669577525188327
915, 0.5772288307043554
916, 0.5563132277439371
917, 0.5305527053425535
918, 0.5303757369716159
919, 0.5510879846475031
920, 0.5697636817639387
921, 0.5604701297202016
922, 0.5802128923576165
923, 0.5528586334509883
924, 0.562728647851045
925, 0.5664170982092327
926, 0.5412148179040156
927, 0.5390891870599787
928, 0.5692279968465352
929, 0.5617891092855275
930, 0.5358263640614842
931, 0.5360633756469992
932, 0.5541664841429969
933, 0.5681803311308207
934, 0.5510592361959971
935, 0.5731362620916703
936, 0.5636234870859391
937, 0.5747363814901777
938, 0.5620843008999644
939, 0.556206260303783
940, 0.5554619116718196
941, 0.5552357303418587
942, 0.5291330289446089
943, 0.5659326583958979
944, 0.5549820451854937
945, 0.5594494383122581
946, 0.5627473079214141
947, 0.5454768970331888
948, 0.5508538530158552
949, 0.5543614382528955
950, 0.5746801617624983
951, 0.5658358033691829
952, 0.5625620767509897
953, 0.563019457465842
954, 0.5712674464231081
955, 0.5699573379067824
956, 0.5682507632955955
957, 0.5388623001211119
958, 0.5716635226084403
959, 0.5502483072146104
960, 0.5585097588590396
961, 0.528959459767892
962, 0.5637973919905891
963, 0.5479064951192288
964, 0.5507611081246879
965, 0.588356533000595
966, 0.5507053192181165
967, 0.5406762464634539
968, 0.5721723166916918
969, 0.5743304340004041
970, 0.57333598878932
971, 0.5658439172249997
972, 0.5504681205314916
973, 0.5642545371330102
974, 0.5632274516671476
975, 0.5633775843524432
976, 0.5737594864847725
977, 0.576751843003365
978, 0.5588191354801705
979, 0.542773131811747
980, 0.5553604953577338
981, 0.5556423744905176
982, 0.5355375362786837
983, 0.54603979542732
984, 0.5554297998521034
985, 0.5526667645384172
986, 0.5819323184240495
987, 0.5708159819773901
988, 0.5554262662891071
989, 0.5730402274421418
990, 0.5505238757519714
991, 0.5812733014043118
992, 0.5701905782555458
993, 0.5532661744471876
994, 0.54501968124378
995, 0.5515206472867459
996, 0.5628926364820106
997, 0.5728645833236375
998, 0.5696779363818265
999, 0.5266603334558327
1000, 0.5575714255381076
1001, 0.5603508794749221
1002, 0.5432463917054429
1003, 0.5812922432985174
1004, 0.5373709225871096
1005, 0.5785161278448114
1006, 0.5522820441460959
1007, 0.5517960036959453
1008, 0.549817718365784
1009, 0.575110968486175
1010, 0.5687786292317286
1011, 0.5618740916742615
1012, 0.5701851377309459
1013, 0.5559727342573761
1014, 0.5590439166559217
1015, 0.5349279993137486
1016, 0.5657036040890419
1017, 0.5670607951642495
1018, 0.5520846443417148
1019, 0.5419712232099099
1020, 0.5486817627614321
1021, 0.5748062559985477
1022, 0.5528234206274045
1023, 0.5356615110833784
1024, 0.5480384484090131
1025, 0.5686654829657297
1026, 0.5375582663832568
1027, 0.5479805732746563
1028, 0.5564112666474113
1029, 0.5663565303522143
1030, 0.5617993820232104
1031, 0.5530177001964777
1032, 0.5601012829548901
1033, 0.5425177727077717
1034, 0.5497910981242201
1035, 0.5714209250360726
1036, 0.5505144493019113
1037, 0.5785145532620249
1038, 0.5581064309838003
1039, 0.5712482330394788
1040, 0.5536596382152598
1041, 0.5742862834181217
1042, 0.5696224704764409
1043, 0.553291316479748
1044, 0.5407056512560254
1045, 0.534219723330489
1046, 0.5717513065854454
1047, 0.541565979898556
1048, 0.5583525347265146
1049, 0.5490178057608202
1050, 0.5748715099480882
1051, 0.5519537990717068
1052, 0.5517874600227215
1053, 0.5427866138434333
1054, 0.5466302370774772
1055, 0.5533364248488568
1056, 0.544342299806591
1057, 0.5517436023476289
1058, 0.5614192072147082
1059, 0.5642976425806991
1060, 0.5754035563322859
1061, 0.5466346408285987
1062, 0.5551857174167779
1063, 0.5531813177234863
1064, 0.547566546600941
1065, 0.5802528739602508
1066, 0.574347579658388
1067, 0.555274894939831
1068, 0.5469302264391608
1069, 0.5373301246033115
1070, 0.5686550633885253
1071, 0.5680267802601806
1072, 0.5469804301013507
1073, 0.5550180193819699
1074, 0.550348832741634
1075, 0.5902384588317707
1076, 0.5549086847935981
1077, 0.5412933815330547
1078, 0.5480682176411098
1079, 0.5603458138571067
1080, 0.5627273808045777
1081, 0.5614126762706113
1082, 0.5504280716565861
1083, 0.5691530886423969
1084, 0.5548223340925028
1085, 0.5641234846390502
1086, 0.5888732689049415
1087, 0.5408860122472829
1088, 0.5451593165769895
1089, 0.5344135209066202
1090, 0.5588870515265844
1091, 0.5503298747900516
1092, 0.5684719576848236
1093, 0.5340952532084067
1094, 0.5554878598720737
1095, 0.5442478396470185
1096, 0.5398348243370372
1097, 0.5659990484948958
1098, 0.5617474191026137
1099, 0.5668786979408688
1100, 0.5570990867247028
1101, 0.5548022786253497
1102, 0.5361009835015799
1103, 0.5271304914211697
1104, 0.587214334353645
1105, 0.5564833006054398
1106, 0.5343588983846759
1107, 0.5723507868120953
1108, 0.5390680311457893
1109, 0.5505416101629258
1110, 0.5290499958561037
1111, 0.5649209892677867
1112, 0.5910440610133636
1113, 0.5789361011622013
1114, 0.5654797770335372
1115, 0.5680983020693052
1116, 0.5649633612417463
1117, 0.5698924815360316
1118, 0.5596507713801073
1119, 0.5611142230704526
1120, 0.5582687333362626
1121, 0.541324386192367
1122, 0.5844998751878501
1123, 0.5478420114372275
1124, 0.537272987408781
1125, 0.554863269261223
1126, 0.5604211774901112
1127, 0.5533968200446364
1128, 0.5549745411988783
1129, 0.5472312272198553
1130, 0.5553742826908951
1131, 0.5755410716314664
1132, 0.5401202877354102
1133, 0.5386783237725721
1134, 0.5673911616359627
1135, 0.5598855383613252
1136, 0.5669813851075435
1137, 0.5444665125952063
1138, 0.5442660741221313
1139, 0.5567756630682564
1140, 0.5452879451810595
1141, 0.553468023372684
1142, 0.5804702927868624
1143, 0.5677005373771682
1144, 0.5505609526219396
1145, 0.5612061916626253
1146, 0.5657852240004189
1147, 0.5657709912131409
1148, 0.5715822417028732
1149, 0.5677139047434001
1150, 0.5528333872134191
1151, 0.5550633363935731
1152, 0.5633428675399678
1153, 0.5596655533550403
1154, 0.5764492247742211
1155, 0.564197106441829
1156, 0.5762091160931836
1157, 0.5549735428779865
1158, 0.5668419824730044
1159, 0.5808148701711631
1160, 0.5526326032808241
1161, 0.5517492821823535
1162, 0.5773067088992041
1163, 0.5459386649710765
1164, 0.5545776659799063
1165, 0.5611028632597725
1166, 0.5479341009344698
1167, 0.5601002779644763
1168, 0.57936670329048
1169, 0.5529647105994935
1170, 0.538247195239947
1171, 0.5645208345500624
1172, 0.5664395510804134
1173, 0.5903852536530344
1174, 0.5441970650852443
1175, 0.5553477340750782
1176, 0.5584773788207696
1177, 0.5512958502770654
1178, 0.5573162838222868
1179, 0.5433531695684282
1180, 0.5340531316578074
1181, 0.5634246154836072
1182, 0.5471993791895244
1183, 0.5335085203156101
1184, 0.5589500631212031
1185, 0.56399083352177
1186, 0.5361688551570072
1187, 0.5520345459891393
1188, 0.5560679844845303
1189, 0.5402209255468073
1190, 0.5888773459372486
1191, 0.5760352280340867
1192, 0.5597134314800464
1193, 0.5685619196570897
1194, 0.5473347349528829
1195, 0.5613374932866544
1196, 0.5524771469409802
1197, 0.5537614621884684
1198, 0.5492939700287434
1199, 0.5440036957336744
1200, 0.5521608084099806
1201, 0.5584567746920484
1202, 0.5568821606730873
1203, 0.5625063729988192
1204, 0.5728710051848827
1205, 0.5756751085836259
1206, 0.5789869050342555
1207, 0.5521291302333764
1208, 0.5493030401318237
1209, 0.5668829356416625
1210, 0.5605044140261521
1211, 0.5403197035515388
1212, 0.5529801564546266
1213, 0.5367987625888537
1214, 0.5893938107010341
1215, 0.5492607569358826
1216, 0.5362881561845235
1217, 0.564417407591481
1218, 0.5517105332605007
1219, 0.5251041987242081
1220, 0.5690563700302175
1221, 0.5745446882932189
1222, 0.5467978794534287
1223, 0.5433019761890969
1224, 0.5427457086128875
1225, 0.5342050678477992
1226, 0.5415979003738546
1227, 0.5684960458371152
1228, 0.5561342728019981
1229, 0.5678036784456184
1230, 0.5535516739861727
1231, 0.5262509503965419
1232, 0.5494142341769956
1233, 0.5494041988039724
1234, 0.5531936820039607
1235, 0.553851747308936
1236, 0.5680721608099405
1237, 0.5650806813017744
1238, 0.5863769179858674
1239, 0.5406277550649258
1240, 0.553024464460736
1241, 0.5540300370378916
1242, 0.5636583478025505
1243, 0.5585094436944494
1244, 0.5687120703922106
1245, 0.5548226203433612
1246, 0.543482251990369
1247, 0.5543561404296146
1248, 0.5683258568504211
1249, 0.5367654401525178
1250, 0.5660801354368384
1251, 0.5421141940841507
1252, 0.5554076746826536
1253, 0.5477095658683786
1254, 0.549209355834654
1255, 0.5452452367655657
1256, 0.556725404890173
1257, 0.5487304983720921
1258, 0.5628410549694152
1259, 0.5499159884631043
1260, 0.5548253100724984
1261, 0.5625932219574149
1262, 0.5561434098645753
1263, 0.5517869840791885
1264, 0.5409485104509651
1265, 0.5552238020425194
1266, 0.5665999238211868
1267, 0.5481377390988151
1268, 0.5531577046838311
1269, 0.5398048328371591
1270, 0.5818016880376212
1271, 0.5748015575524411
1272, 0.5375900106678634
1273, 0.5386580707931286
1274, 0.5663693129717869
1275, 0.5605491616639524
1276, 0.5485115265785223
1277, 0.567037327967393
1278, 0.5629656276243218
1279, 0.5405784982200047
1280, 0.5786336532607507
1281, 0.5639153454959558
1282, 0.5648767322721089
1283, 0.5746676063737479
1284, 0.5676680460409671
1285, 0.5514178130085959
1286, 0.5406848806673871
1287, 0.558043011525917
1288, 0.5650593227399615
1289, 0.5738575082276736
1290, 0.5462298699267388
1291, 0.5476826358768752
1292, 0.5706267156021144
1293, 0.5639387455361821
1294, 0.542745799772619
1295, 0.5591124394235407
1296, 0.5432705350935927
1297, 0.5619642164271634
1298, 0.5561311051627702
1299, 0.5508631278402875
1300, 0.544006779764703
1301, 0.5674019191677324
1302, 0.5675309904517887
1303, 0.5709132908826711
1304, 0.5733277397910306
1305, 0.5766824424479089
1306, 0.5539441494047458
1307, 0.5681156772193905
1308, 0.5707181443859196
1309, 0.5412363500920782
1310, 0.5502868268244289
1311, 0.5202137298109999
1312, 0.5523150179011184
1313, 0.5544999251719275
1314, 0.557333137470467
1315, 0.5559046655093453
1316, 0.5700124512708704
1317, 0.5616492802562691
1318, 0.5543808240098009
1319, 0.5444371875038214
1320, 0.5502198347969217
1321, 0.5764959895303612
1322, 0.5773188042092182
1323, 0.5421898195302108
1324, 0.5644829716290752
1325, 0.556198484180874
1326, 0.5742820313242302
1327, 0.5827722159782603
1328, 0.5607152048304315
1329, 0.580086440575328
1330, 0.5717260588173078
1331, 0.5498974912169217
1332, 0.5429919893725467
1333, 0.5435707475129087
1334, 0.5683371341352781
1335, 0.5739528421260607
1336, 0.5613732751022272
1337, 0.5595389026006953
1338, 0.5423058697030764
1339, 0.5768259129444361
1340, 0.5875827635087697
1341, 0.5675049349696802
1342, 0.5719408957431746
1343, 0.5238153056475008
1344, 0.5709647527165571
1345, 0.5574183171910002
1346, 0.5455111454957308
1347, 0.5563147939178731
1348, 0.5622514582089974
1349, 0.5644367571121965
1350, 0.5427011254101394
1351, 0.5625515837940707
1352, 0.5619890609109133
1353, 0.5477880568395443
1354, 0.5648084211520387
1355, 0.5520788346812254
1356, 0.5808131886622088
1357, 0.560020444705019
1358, 0.5863899017821059
1359, 0.5643082165988802
1360, 0.5555816276230964
1361, 0.5553054113030659
1362, 0.5526132108099266
1363, 0.5766593869824376
1364, 0.5450364883678315
1365, 0.5630445577518107
1366, 0.5309912085031223
1367, 0.5494574956847222
1368, 0.5769361462613192
1369, 0.5626780180435832
1370, 0.5339873598922744
1371, 0.5745348055239023
1372, 0.5411491259897392
1373, 0.5653168739465662
1374, 0.5622811920539299
1375, 0.5625845535376002
1376, 0.550835562266789
1377, 0.535895286046743
1378, 0.5593757699010619
1379, 0.5404929120337925
1380, 0.5509060605639478
1381, 0.568590931801475
1382, 0.5660873581156719
1383, 0.560190946256457
1384, 0.5619854887251624
1385, 0.5633252800186647
1386, 0.5738068510496898
1387, 0.5580401637584309
1388, 0.5462774335423811
1389, 0.545164183841831
1390, 0.5603692096007894
1391, 0.5808546941269838
1392, 0.5697907560059708
1393, 0.5505296773865879
1394, 0.5650966876928282
1395, 0.5672215046620758
1396, 0.5505725690795594
1397, 0.5799366433316904
1398, 0.5696898044783183
1399, 0.5515719787682402
1400, 0.5623194558948017
1401, 0.5587805192007943
1402, 0.5694438856238305
1403, 0.5646288920311531
1404, 0.5432291526975302
1405, 0.5576879053963297
1406, 0.5544667271939254
1407, 0.5534335055146351
1408, 0.5771327411742981
1409, 0.5588113617498716
1410, 0.5786897056574306
1411, 0.5586859060459142
1412, 0.5644087902568068
1413, 0.5595525206325368
1414, 0.5680840927114413
1415, 0.5354921369381959
1416, 0.5711747914184554
1417, 0.5595962160471369
1418, 0.5600102648514055
1419, 0.5489096624012823
1420, 0.5526744181561287
1421, 0.5447111829332235
1422, 0.5471471514127945
1423, 0.5594754011353207
1424, 0.5451313395552064
1425, 0.5484386938750735
1426, 0.5501035167837677
1427, 0.553940676985274
1428, 0.581348169359495
1429, 0.5220467797119237
1430, 0.578717780873781
1431, 0.5623058601286707
1432, 0.5673907100824367
1433, 0.5736583761664235
1434, 0.5606920507951726
1435, 0.5579040821766658
1436, 0.5456406172827282
1437, 0.5457534975717611
1438, 0.5685336846886482
1439, 0.5578831717497753
1440, 0.5808816715816468
1441, 0.5622790962519145
1442, 0.5519812323650397
1443, 0.5678240507212338
1444, 0.5424014366454897
1445, 0.564974463668642
1446, 0.5591091364649701
1447, 0.5368766790719088
1448, 0.5499349586418317
1449, 0.5770832713475947
1450, 0.5488860760632422
1451, 0.5642038576674042
1452, 0.539410831890783
1453, 0.5371382114651733
1454, 0.5515863189470462
1455, 0.5537811863909639
1456, 0.5549663855993546
1457, 0.5487205209491587
1458, 0.5616368876108669
1459, 0.5519251548373934
1460, 0.5619461484071855
1461, 0.5669691239817838
1462, 0.5687193025932427
1463, 0.5780191811092297
1464, 0.5560752848578462
1465, 0.5723784119192917
1466, 0.5543302623598079
1467, 0.5482419629800717
1468, 0.5687206333274785
1469, 0.5653760197636141
1470, 0.5536333876148081
1471, 0.5855107522346276
1472, 0.5523367476434533
1473, 0.5397837492047313
1474, 0.560943346310955
1475, 0.5546683880640109
1476, 0.5417849829786239
1477, 0.5459950534340858
1478, 0.5556591414251628
1479, 0.5642407471909697
1480, 0.5634665628253755
1481, 0.5513715461740171
1482, 0.565581928423764
1483, 0.5459537976031159
1484, 0.5536781858594936
1485, 0.5655902895260032
1486, 0.5626115982832233
1487, 0.5629507206991221
1488, 0.5433029665320527
1489, 0.5483362030181477
1490, 0.5625689413899807
1491, 0.541909341540959
1492, 0.5629409229444897
1493, 0.5368428112928184
1494, 0.5577073009555447
1495, 0.5382242080898889
1496, 0.5447908374360045
1497, 0.5679367993637339
1498, 0.5449964947891156
1499, 0.5466532468257461
1500, 0.5615976117159622
1501, 0.5596789993731217
1502, 0.5505269106757704
1503, 0.5331570943301805
1504, 0.5622725622291411
1505, 0.547881409566457
1506, 0.5480012483909377
1507, 0.5513358662724389
1508, 0.5590088228484986
1509, 0.5620678310551416
1510, 0.5378171106868538
1511, 0.569733880538341
1512, 0.560446632385196
1513, 0.5666574651075632
1514, 0.5390109841876927
1515, 0.569486274458865
1516, 0.5184251389856881
1517, 0.549559804723588
1518, 0.544863015939754
1519, 0.5688939701322794
1520, 0.5550330088089986
1521, 0.5649408186941165
1522, 0.560609443568608
1523, 0.5533250716712226
1524, 0.5573597233963158
1525, 0.5586421513841153
1526, 0.5462393705363533
1527, 0.5675040994342654
1528, 0.5471498241819311
1529, 0.5522598397915589
1530, 0.5760155749264303
1531, 0.5482798361868847
1532, 0.5508698567413967
1533, 0.5598527459252541
1534, 0.5362299147755283
1535, 0.5648618565289623
1536, 0.5442797657367683
1537, 0.545984246082735
1538, 0.5690071863517304
1539, 0.5546949833098772
1540, 0.5730306070346897
1541, 0.5435383893629303
1542, 0.5457839124205811
1543, 0.5362731963916944
1544, 0.5455624976490218
1545, 0.5387700207771325
1546, 0.5674930074270562
1547, 0.5460147744755119
1548, 0.5642750100768816
1549, 0.556654326230957
1550, 0.5619397435895709
1551, 0.5382065990520848
1552, 0.5454592786526187
1553, 0.5581353393149672
1554, 0.5733950317231727
1555, 0.5600799813022789
1556, 0.5550776811574506
1557, 0.5406887679403107
1558, 0.5561821190924442
1559, 0.5635543992933474
1560, 0.5511334739587259
1561, 0.54842125968765
1562, 0.5374201838227926
1563, 0.5542029167280434
1564, 0.5648876145625541
1565, 0.5822917660213778
1566, 0.5680513313941848
1567, 0.5720222114708386
1568, 0.568139437508078
1569, 0.5829073318319186
1570, 0.5680309480868203
1571, 0.567606885364109
1572, 0.5651990909829889
1573, 0.5395308922834259
1574, 0.5585660323992812
1575, 0.5597124869051506
1576, 0.5551887497302629
1577, 0.5372550468864355
1578, 0.5346918567888507
1579, 0.5758196760796407
1580, 0.5581743994670137
1581, 0.5647672438167274
1582, 0.5512291173466651
1583, 0.5764473114406246
1584, 0.57553663561129
1585, 0.5363138689666688
1586, 0.5604135705855756
1587, 0.5715978302010597
1588, 0.580917514015802
1589, 0.5728638160081512
1590, 0.5617932057726179
1591, 0.5893259480839816
1592, 0.557273563365008
1593, 0.5548963835704023
1594, 0.5602019137064695
1595, 0.5389116636272498
1596, 0.531428697662753
1597, 0.5529224916538796
1598, 0.552907534190497
1599, 0.5363673679971802
1600, 0.5608489357489644
1601, 0.5686416829934017
1602, 0.5552580362362238
1603, 0.552615864182131
1604, 0.5491307571539615
1605, 0.5541964852229331
1606, 0.5331749814807178
1607, 0.559438709110514
1608, 0.5537375069718623
1609, 0.5492265183947538
1610, 0.5284038481719138
1611, 0.5648027579318812
1612, 0.5475497761293451
1613, 0.5648178210696421
1614, 0.5454172838963154
1615, 0.5519526789810539
1616, 0.5495422346864507
1617, 0.5611433716216031
1618, 0.5593977690288506
1619, 0.5403593195717883
1620, 0.5409340743971636
1621, 0.5607997746595997
1622, 0.5728711355172379
1623, 0.5679413855412737
1624, 0.5671035483544895
1625, 0.5697798666785827
1626, 0.5673217712071702
1627, 0.5601927216573553
1628, 0.5256882113630189
1629, 0.5553048008620057
1630, 0.57001159423706
1631, 0.5750682596947397
1632, 0.5644431771627566
1633, 0.5473641402309477
1634, 0.5743052878596462
1635, 0.5723891798557846
1636, 0.561773170578241
1637, 0.5750647957922512
1638, 0.5502736532129909
1639, 0.5590109061577782
1640, 0.5454433253029491
1641, 0.5573162102346813
1642, 0.5594749747318689
1643, 0.5661741580703187
1644, 0.5826723265378156
1645, 0.5726157926040156
1646, 0.5625353986051286
1647, 0.5186602490085771
1648, 0.5475873523962359
1649, 0.5573170560366766
1650, 0.5713584139412109
1651, 0.5579166109949597
1652, 0.5644193822530087
1653, 0.5617933556120326
1654, 0.5485347376911529
1655, 0.567445462892613
1656, 0.5547655427095638
1657, 0.5470356091451232
1658, 0.5680741108995493
1659, 0.5602597778271773
1660, 0.5369672145876908
1661, 0.5504563070465874
1662, 0.5198497264655385
1663, 0.5452029766798102
1664, 0.5620421317340979
1665, 0.5319635966476561
1666, 0.5704956228389669
1667, 0.571693879259069
1668, 0.5713803430790606
1669, 0.5425846423723673
1670, 0.5871301797042214
1671, 0.5497038413276033
1672, 0.5603875267771676
1673, 0.5237558932682275
1674, 0.5563478000146226
1675, 0.557335779314997
1676, 0.5359991058206298
1677, 0.5543263898574888
1678, 0.534832596324681
1679, 0.5634934149501437
1680, 0.5321383847826204
1681, 0.5408726883903284
1682, 0.5561267946748695
1683, 0.535109843707684
1684, 0.5594891975706787
1685, 0.5798738756330855
1686, 0.5693409302267255
1687, 0.5754979634784847
1688, 0.5595674140234748
1689, 0.5771653726151851
1690, 0.532476744892479
1691, 0.5707334455035313
1692, 0.5739564169710148
1693, 0.5415696625355145
1694, 0.5314897434532817
1695, 0.5737594443677495
1696, 0.5303945496334136
1697, 0.572945291316725
1698, 0.5044890527038234
1699, 0.5712998890407579
1700, 0.6024743011635639
1701, 0.5633158982431512
1702, 0.5291096749836176
1703, 0.5584711850775335
1704, 0.5376891759452803
1705, 0.5511725513404424
1706, 0.5565868185527525
1707, 0.6282314860219338
1708, 0.5692458628133527
1709, 0.5705180567936148
1710, 0.5735507953977977
1711, 0.5566906757530559
1712, 0.5383571658299011
1713, 0.5485222486652009
1714, 0.5083789148960653
1715, 0.5621606500893196
1716, 0.5205670963231609
1717, 0.6001765736701425
1718, 0.6308017923446115
1719, 0.482925000768522
1720, 0.5986265692339672
1721, 0.562191220812222
1722, 0.5740771351083557
1723, 0.6274958543092328
1724, 0.5790658813808593
1725, 0.6030147889348384
1726, 0.4432171973517429
1727, 0.5258640502393647
1728, 0.6435256426419833
1729, 0.6086095536566916
1730, 0.5931624129598048
1731, 0.8364907924930668
1732, 0.4776856539230182
1733, 0.6137318297340154
1734, 0.5970204353705946
