3.407655234691989, 166.22073236410364
0.5712323779712667, 17.45420810003595
0.5673973755893973, 17.20560696169185
0.5351656810539426, 16.93545600741199
0.542271486388246, 16.7417025451224
0.5664064926724068, 16.494026674875883
0.5604872098520904, 16.383878793284385
0.5597297966923187, 16.392588870912622
0.5670345593630219, 16.164455485356093
0.5744848858230677, 16.195768853639414
0.5599354793771019, 16.603807949999894
0.5619934819234345, 16.4691256302044
0.5632692103609679, 16.34283564865579
0.5679106552125874, 16.234278436423377
0.5688936931199546, 16.129436278801542
0.5694400653717495, 16.017499882928668
0.5685494250962903, 15.904633198546199
0.5687622153518428, 15.760597473026937
0.5673622754829382, 15.594213944152074
0.5659780698482256, 15.363922835706465
0.5677689445267242, 15.12652485904978
0.5671289650881604, 14.853097045090038
0.5656887781282551, 14.571538898113237
0.5662966938942068, 14.280181507926798
0.5683490344326328, 13.979059144803287
0.5699839885706319, 13.698696584317503
0.5715243733377988, 13.414901731552359
0.5708006532595203, 13.143640714051255
0.5737674752421486, 12.882334337084416
0.5745865824483002, 12.668310993240885
0.5769936606528816, 12.448701988576854
0.5755994061757822, 12.241993067122745
0.5748357412293466, 12.042926175170795
0.5737191874239642, 11.835919554742325
0.5734534533408487, 11.627034783080306
0.5695236063471693, 11.406893534621114
0.5699527311936399, 11.182451649252922
0.5718865241431433, 10.948538350448914
0.5716140368802162, 10.725733358269306
0.5722542134522829, 10.503514965521044
0.5709580716406325, 10.279991157056815
0.5681316904828729, 10.069218200801048
0.5687277374239442, 9.858190222485852
0.5672507195459704, 9.667323412990669
0.5653196959024299, 9.48199781781015
0.5662156333701269, 9.302227080878717
0.5660283563373623, 9.132140563821137
0.5638570769800214, 8.977767061140018
0.5618252313980303, 8.828935904205846
0.5636478986993778, 8.696659441250514
0.559943498609514, 8.612167509651593
0.5616409519346679, 8.539029817762785
0.5615330122984536, 8.466025350690662
0.5628713542322731, 8.399319882876764
0.5655469649436682, 8.370699131872126
0.5676997700118347, 8.341994537042641
0.5647451982140825, 8.305536970134876
0.5645398551282359, 8.2604473798103
0.5628730736073082, 8.209153707903715
0.5580540384899639, 8.131562400762236
0.5597751325181932, 8.005045504661737
0.5594556391558159, 7.849039341443495
0.5608894918731824, 7.692977826397441
0.5617795258253551, 7.51565047186174
0.5584596627035522, 7.303171943361217
0.5552393429057587, 7.099762601619408
0.5546631667327305, 6.936233262682339
0.5544688842254392, 6.765249439816175
0.5564214761100854, 6.610625876667902
0.5582240524520057, 6.459248274908532
0.5588190669053826, 6.311291287007336
0.5582527847330803, 6.174175663608959
0.5558614769221084, 6.039164489555401
0.5564045727046639, 5.910375309761073
0.5553484134845339, 5.787143060523871
0.5571860886375927, 5.660154725957676
0.5594212251867112, 5.498079875351972
0.5604083939951877, 5.353316134828041
0.5600574133713294, 5.210045415058216
0.5601925004315342, 5.1196681527450165
0.5596485160469532, 5.04254820421399
0.5606614858541724, 4.963591008247567
0.5625675837544243, 4.8954715703149585
0.5590024795551949, 4.824460265167756
0.5587539074445054, 4.764589441755783
0.5557707354774423, 4.715091906209586
0.5566223753154999, 4.686278008768959
0.5571016628028104, 4.668683284674934
0.5576978740128967, 4.647585881675472
0.5565884214778962, 4.58775659867117
0.556736581066015, 4.5326968003744375
0.5554054330020992, 4.485583383156522
0.5521401518026346, 4.429037977113405
0.5500815671334326, 4.369289845868247
0.5527186050856105, 4.293753020106976
0.5557531125278591, 4.197043002486468
0.5556623811582506, 4.087336902296614
0.554239984634372, 3.9770716561636226
0.5538023689316359, 3.88379824481557
0.5509906130106822, 3.8087895138638608
0.550424290686765, 3.7345405943781884
0.550378927608544, 3.6620491544448988
0.5532218968091815, 3.6118738143763913
0.5565177763942761, 3.5823453247732813
0.5571603500078435, 3.5868332986725084
0.55664918125955, 3.613697848894094
0.5544771085923244, 3.6276573495759052
0.5573533320802906, 3.6415921891324103
0.5569501910042706, 3.643765126904936
0.5585920887225176, 3.617921858848556
0.5576407516637033, 3.6231694843582156
0.558027468483942, 3.649754050306438
0.5565508423678616, 3.6648096838905486
0.5532803492205522, 3.6742872168078136
0.5522195299967841, 3.704442799576415
0.5509667904453113, 3.7123784836678766
0.5509244711513714, 3.7355367794779424
0.5503803198600271, 3.7430123133914903
0.5493401080872118, 3.729188225655143
0.5508638518078637, 3.7193389315679304
0.5525857693633633, 3.6824190828162005
0.5534471611130956, 3.6140281045832174
0.5535149366027414, 3.5437617950258384
0.5556798063391891, 3.4539278535253297
0.555742790620841, 3.3098441323429713
0.5560604444541758, 3.1857315741056267
0.5576573630593719, 3.1366685329354085
0.5560041075891946, 3.1453308645700995
0.5569577071859022, 3.1623032804710713
0.5570705639495495, 3.1988955669311463
0.5549960848367261, 3.2233029110962264
0.552825510710377, 3.235570405017932
0.5516882175705287, 3.248505015378919
0.5530835988649093, 3.2913788134686874
0.5519382807942699, 3.3411980693974934
0.5522834606159533, 3.3855680146229865
0.5507473462380511, 3.383798600879357
0.5501836461512388, 3.310188906693078
0.5499493446874506, 3.2451190275763038
0.5476651146374453, 3.1647039447199012
0.5504105361040998, 3.090769776988156
0.5513241616153407, 3.0417551650252865
0.5519027226374555, 3.0025459352771264
0.5500250034612397, 2.9631897549634685
0.5505529706156983, 2.930585978474705
0.5511782661499446, 2.9594625190997865
0.551680769890086, 2.9653610995028368
0.5527788487035034, 3.0031148260787424
0.5534749088043862, 3.0406589829103328
0.5554882067572142, 3.086465838003634
0.5533622539137208, 3.1294410953266634
0.5520168069926934, 3.1820438588483286
0.5524005427999795, 3.243141369938621
0.5533848064441098, 3.306092996306442
0.5540492143034635, 3.3640527501855986
0.5532474040556, 3.3262756259905197
0.5546460673631138, 3.2772637756236094
0.5521248912933558, 3.2108210357603184
0.5516902342745278, 3.1575560562743967
0.5525999967792521, 3.091474514236458
0.5520010133053643, 3.0260481904740675
0.5545576107777508, 2.9642827929085014
0.5560451516288691, 2.8858792187326965
0.5554606039774266, 2.8195967042978114
0.5554887915447415, 2.752345298263482
0.5530126585667251, 2.7218591676924055
0.55054241868654, 2.6938738798533777
0.551271294689615, 2.6928275692100394
0.5513909532954199, 2.6870766204281376
0.549604568172684, 2.7097575299285337
0.551602700841465, 2.7489532402636847
0.5499800871977806, 2.7566743637475226
0.5506552174323693, 2.7549062897230288
0.5534329976383228, 2.7315122333195943
0.5532536773306757, 2.7094034712822674
0.5529624083201531, 2.6457949385276978
0.5540462190203481, 2.63632699247926
0.5530918098074606, 2.622669402122512
0.5511952226383807, 2.597224192442083
0.5508622667604847, 2.5572333168694366
0.5464240775163028, 2.491430677538118
0.5447991195510123, 2.4556199193932446
0.5419294855279939, 2.4203096068580763
0.5388782405697672, 2.4277955453141042
0.5374025653466222, 2.4432046297307757
0.5384576960727269, 2.4827405620041816
0.5394433298571109, 2.4730996073687836
0.5413325390217076, 2.4572364932612776
0.5413472470681114, 2.463334340795522
0.5419563987932785, 2.459062044893799
0.5430542912796812, 2.4698402123668934
0.5439562055334257, 2.4647611841163646
0.5421808417953469, 2.4656619104429955
0.5417624449519588, 2.4157729166842543
0.5454129689472879, 2.3718624678269062
0.5458315454396632, 2.3531492907585254
0.546272889950023, 2.322484606146367
0.5457379274359857, 2.282179644353006
0.547186924562544, 2.2190961348806573
0.5485024313763387, 2.1873373772203606
0.5487482562335226, 2.1423511972992544
0.5499738097285533, 2.096628472972628
0.5509701626479295, 2.052746412902022
0.5491433048141994, 2.0109940055808444
0.5449266076664381, 1.964982801074552
0.5438599174281458, 1.9215417971954885
0.5422581468931752, 1.9045511585059933
0.54242889854934, 1.8864525351443036
0.5424017236590496, 1.8752187625996601
0.5403279016459581, 1.8418436694109075
0.5412624086772094, 1.818232806514358
0.5405837660291885, 1.8023769124097122
0.5390793156744562, 1.7917112028170579
0.5401981492476255, 1.7750385667779045
0.5430220852211922, 1.7571128032453422
0.5445324979654166, 1.7239431525798004
0.5431858888776135, 1.685198418569034
0.5400952752772097, 1.6488380908806928
0.5406187164007618, 1.6191282659167114
0.5406247248599869, 1.590139163281817
0.5419629886829748, 1.5738065391442235
0.5423627190925838, 1.5419858970903761
0.5423790490256813, 1.5154599048851427
0.5445324569411648, 1.5188911426100655
0.54302579302578, 1.5196219325305564
0.5416231911260478, 1.5231862796618927
0.5423922803054493, 1.5234693559992807
0.5454796926447554, 1.526129470583255
0.541587284681381, 1.528971933167787
0.5414540884048342, 1.527756935531468
0.5407613468658669, 1.5209142392288617
0.5409130671980715, 1.5372310900879005
0.5426463067923961, 1.545191763800986
0.540170334291993, 1.5458514845670108
0.5431131134508381, 1.5516062321499227
0.5451922373824594, 1.5613028944744054
0.5442329079090373, 1.5621127533265302
0.5426055457965694, 1.5720208538733274
0.5449893615866958, 1.5783487862160324
0.5467140293600188, 1.5912526832286107
0.5469276262664204, 1.6066794468920769
0.5444844164552232, 1.6077936290591057
0.5442921404481889, 1.614066176744953
0.5432584473684633, 1.6178437480856815
0.5406756655411976, 1.6060681770596825
0.5411095425122995, 1.5931087863574578
0.5432117411674835, 1.5731757334997736
0.5422308538053151, 1.568657402915689
0.5443245399877682, 1.5641870138590286
0.5426591839730259, 1.5586656457153345
0.5435794587322997, 1.5429990240618894
0.5431735442096504, 1.5405404763199846
0.5462564118143393, 1.5296120356534646
0.5479738199826463, 1.5098576476360894
0.5470690043849783, 1.5025384266831092
0.5474327491147196, 1.502233196847031
0.547179618237571, 1.511910178366979
0.5481050569624968, 1.4963238717027136
0.546564175267163, 1.486957974877269
0.5477532745454883, 1.470310589339452
0.5423868477980772, 1.455188310639995
0.5459581524108581, 1.4384931586879919
0.5427747590891551, 1.4260617499711252
0.5427239767672817, 1.4156791393326649
0.5435966045905274, 1.4025195558610306
0.54310014889093, 1.3880615090517432
0.5422400347873031, 1.3723788455072996
0.5441356280940409, 1.353981597269772
0.5460269011988288, 1.3400301726672552
0.5454287909699997, 1.3275506867503277
0.5505643115917846, 1.3181021240016946
0.5460697500992193, 1.3042071497918477
0.5472468256553438, 1.290297426495612
0.5464425167243994, 1.2766299019875635
0.5465961755159251, 1.2628026045763885
0.5455053125314039, 1.2528683582053393
0.5459571858054161, 1.2368732578233481
0.5467512304279352, 1.22066213152807
0.5454333474982123, 1.2052925330333444
0.5437533111484353, 1.188650885799949
0.542668966777643, 1.1731582006212733
0.5460428033000199, 1.1601845085927536
0.5461683324707335, 1.1541207845700618
0.5484507044445392, 1.1333313072591278
0.5503434471801585, 1.119654759088505
0.5485066311467591, 1.0994274215376945
0.5497917758437787, 1.0868849173471038
0.5478767700664171, 1.0790927344136607
0.5486108213530967, 1.0640936386122561
0.5506482249918896, 1.0693899533591442
0.5500071191010376, 1.0760882649927146
0.5524404110094381, 1.0742952694820274
0.5537135171786944, 1.0721319967635945
0.5529024142012245, 1.0828101227955238
0.55166652796227, 1.0894381388668744
0.5532970868586349, 1.096555072674898
0.5509552343536243, 1.1056588873012603
0.5502824653830887, 1.1164828288805233
0.5480007701390309, 1.1244203396174062
0.5460576725631079, 1.1114911636100726
0.5492622985266525, 1.1010949309944806
0.546846969163075, 1.0942467925081492
0.5452526532849028, 1.0715678436150138
0.5445934871330296, 1.0647651228889548
0.5424307815634357, 1.0519940749508794
0.5412253341238948, 1.0508791780548001
0.541272049852384, 1.035549826673196
0.5446002666142411, 1.020924732475684
0.5440981429680684, 1.0098611485450972
0.5453457312482348, 1.0036692003975733
0.5397937389688947, 0.9988868023823236
0.5409887080824243, 0.9986163270771329
0.5407180611765191, 1.0074317112444773
0.5417536732118503, 1.0050117049530722
0.5420583409672386, 1.0103518482420764
0.5432985296485138, 1.0033702163316178
0.5439108473179782, 1.0092090370412035
0.5427922207691714, 1.0129596256901503
0.5434283421568358, 1.011394304011869
0.5460401142816669, 1.0108098389239946
0.5491653835225755, 1.0150317450714748
0.5484103264970022, 1.0156514168522799
0.54651397144145, 1.0117556204961426
0.5481275431355835, 1.001724966459299
0.5470758755690459, 0.9940102531799784
0.5463725309806798, 0.9795809007456329
0.5459311884903455, 0.9766852493685831
0.5460900947036953, 0.9790721277740284
0.5455073321594346, 0.98630022309771
0.5422796544471765, 0.9866807116702032
0.5404784286726425, 0.9840251085532682
0.539962671449959, 0.9750735642257196
0.5411082992680245, 0.9645756587666394
0.5404113368345522, 0.9680178642198379
0.5409339651234941, 0.9673092757740166
0.542665735042227, 0.9745072436176679
0.5441806820533401, 0.9741279863152986
0.5451097561966969, 0.9691074135150008
0.5473968046247522, 0.9628773849940278
0.5494258647164796, 0.9516829012996141
0.5505791800405379, 0.9383278311975246
0.5500653814934442, 0.9280134563913508
0.5505078883747608, 0.9258500085744205
0.5467011172254084, 0.9175060177352894
0.5458529575709192, 0.9037143201699088
0.5441737846597781, 0.8934548495464322
0.5457400050263089, 0.8798128499193272
0.5448549807080313, 0.8739877956500763
0.5447565441292573, 0.8673847850173628
0.5438752148851917, 0.8576007045214004
0.543728992152174, 0.8547905729914383
0.5427350351661182, 0.8550956099422009
0.5434601781948923, 0.8526893166214675
0.5452665514479763, 0.8430383507121568
0.5492050349712608, 0.8461254026684681
0.5527932749620662, 0.8509981752876902
0.5532703713554937, 0.8466955446182809
0.5501380448972096, 0.8262937033762994
0.5487638758816875, 0.8143837611599931
0.5467066683731879, 0.8166318398651334
0.5477383253297374, 0.8132875219292938
0.5494357906661589, 0.7993100740723489
0.5519296528743449, 0.7941157934626566
0.5528156995217633, 0.7902226559059125
0.5520725798202868, 0.7864288351692431
0.5509413923323518, 0.7667251572429317
0.5485528842225519, 0.7554533179232898
0.5497942767761388, 0.7571113771275935
0.5520786864578284, 0.7517494988047713
0.5538356239897282, 0.7475831634095587
0.554922730635431, 0.7377722489914323
0.5557516194828146, 0.7397892482053856
0.5537110143120207, 0.7341703914837151
0.5538632251576697, 0.7273194871589566
0.5538909340635251, 0.7269140532830493
0.5523867834447865, 0.7341592571643315
0.5522189825007988, 0.7518228450038096
0.5521388248945649, 0.7648231805111335
0.5516835176677313, 0.7711081374676099
0.5519482668123319, 0.7859172603503711
0.5509301179189541, 0.8003676559493493
0.5529621159126302, 0.8038437312687551
0.5525347051539243, 0.8190804956941227
0.5509408042083583, 0.8389014053509424
0.5487752597262381, 0.8434193754514385
0.5502299164025095, 0.8522684185781803
0.5506888076962678, 0.8512169026170586
0.553170877370603, 0.8481684895181963
0.5515889083033344, 0.8518163477827045
0.5522134491072241, 0.8483129938817259
0.5518098384599017, 0.8413787669710757
0.5484720309227124, 0.8446029929460653
0.5488089879233483, 0.8284250803920401
0.5481853613397305, 0.8177140853903841
0.5478513156178212, 0.8036938176405781
0.5488415372720483, 0.7951922110181565
0.5493263145660097, 0.7796709046290714
0.547673657746924, 0.7744174862834681
0.5475844571420303, 0.769054403041079
0.5474279126205939, 0.7577174425974481
0.5487489222343294, 0.752177770299495
0.5479490129845345, 0.7495462198448495
0.5480671978836698, 0.7543118688011947
0.5491312715849244, 0.7568422798479445
0.5508835490232411, 0.7588870503514975
0.5500689144519619, 0.7557019806424676
0.5502070649997666, 0.7578838700578417
0.5493922405372219, 0.7534181541313034
0.5493743983039421, 0.7582709915195107
0.5480969535654437, 0.7593240643889428
0.5479950564906922, 0.7600549139652002
0.5515158179529319, 0.7596821178365829
0.5501748927474672, 0.755061975377948
0.5512329595075698, 0.7519995251974234
0.5502960701363374, 0.7530579700363407
0.5494804034971061, 0.7537621842642162
0.5479589011402292, 0.7561658221566413
0.5491975448341948, 0.7549437209970598
0.548636634385218, 0.738599026899196
0.549715041967309, 0.7369456261542657
0.5464255334188688, 0.7318091472653613
0.5450048589229302, 0.7251652699437953
0.5472939218086628, 0.7184988476007395
0.5460708920479008, 0.7103013812102351
0.5472268287170372, 0.7045425890686197
0.5475538610860374, 0.6917984280425928
0.5483482407019998, 0.6830129052801477
0.5473214667724575, 0.6800812561182348
0.5492946836568902, 0.6733284648365009
0.5508250957279286, 0.6702445229089307
0.5506195767601911, 0.663884894648672
0.5502666728913779, 0.6637449922685154
0.5491820307258798, 0.6628543904121404
0.5506223023413097, 0.6612942133018194
0.5517855637418915, 0.6574679967351272
0.5504695982450662, 0.6613688967495666
0.5503356927175436, 0.6587384369398779
0.5529666440347667, 0.6553461406630556
0.553219270924352, 0.6606871264436939
0.5527811668638776, 0.6563395213222207
0.5533533420369039, 0.6551164727103609
0.5545252977951189, 0.6506356940538629
0.5550321439636143, 0.649468318892208
0.5548316749647164, 0.6456041868566567
0.5547520725534006, 0.6437500726019558
0.5566537842287207, 0.6438630226501367
0.5572411516869457, 0.6458582885805002
0.5561824553038565, 0.6426423319101724
0.5555391634384158, 0.6410920300883174
0.5567773122288755, 0.6422496157431764
0.5606970178430846, 0.6461830300925777
0.5610790757603714, 0.6464082075477677
0.5607075610337464, 0.6476804359662641
0.559880007993454, 0.6472297244247136
0.5598855843791071, 0.6532936892481735
0.5579220075139333, 0.6564949777746419
0.5585660738687644, 0.6687423979465962
0.5580142372312924, 0.6740079440602267
0.5557054084870203, 0.6830851952484497
0.5537112302027388, 0.6887006110767008
0.5538287399271387, 0.6891474710326106
0.5542121570559873, 0.6944873219957732
0.5530499105874717, 0.6989684350067129
0.5542007053245332, 0.70723342370139
0.5536624570486567, 0.708575749028248
0.5557364835084411, 0.7133609885368751
0.5563003456068709, 0.7064232725338229
0.5587948330801268, 0.7058946446882916
0.5600422949541931, 0.7105213428460126
0.5582219637877975, 0.7114391756724634
0.5557868468948606, 0.7211229894833476
0.5549482511831529, 0.7255994095848906
0.5569368415597287, 0.7320861878788383
0.5560753218586583, 0.7376584657705689
0.5539435742354978, 0.7414290116618589
0.5544309436193453, 0.7438636879288673
0.5543344797626879, 0.7519627190596331
0.5537246608248513, 0.7619445109403147
0.5547055133993195, 0.7563316528464857
0.5578632057829751, 0.7537720693554448
0.5585083077648643, 0.7541284726525521
0.5583268959551428, 0.7537815794537406
0.5584882953982744, 0.7542128812719117
0.5595967950278202, 0.7504206295611633
0.5626027969519009, 0.760964907923164
0.5638501933959676, 0.7590137457463668
0.5634270123326685, 0.7594369850493691
0.5627852636327, 0.755585593945641
0.5635426463102409, 0.7615201181813471
0.5614446886627106, 0.7642467606531231
0.5639153232609695, 0.7623136737106955
0.5644923551636988, 0.764376978406525
0.5662049113351931, 0.7677262210637039
0.5644983021826406, 0.7769906787406182
0.5627071031486082, 0.768111450894373
0.5618252944188966, 0.7708725091635142
0.5608920796909416, 0.7671527429277897
0.5613535578362212, 0.7729253460116381
0.5626772710803312, 0.772514661281742
0.5634912086855632, 0.7795616754145276
0.562626458603691, 0.7821717696534658
0.5631256906788241, 0.7836117564939898
0.5619525781387669, 0.7871249583513267
0.5645926336345509, 0.7822110055676744
0.564426928738314, 0.7842854226927811
0.5623765244735497, 0.7856346279770619
0.5634377045495521, 0.787441467286191
0.5649165615275784, 0.7835857083257648
0.5639955596057769, 0.7863187181648841
0.5640288741816478, 0.78081308751798
0.5636308716107651, 0.7836459689544445
0.5633019107122237, 0.7814340098001791
0.5635102390952439, 0.7777005647830472
0.5633004474462358, 0.777431379644285
0.5642268203529394, 0.7742819429161485
0.5645853330998534, 0.7691732559335503
0.5632954236758182, 0.7695764305716625
0.5606354106389215, 0.7794031648653081
0.5609349299699053, 0.7753582634329479
0.5606935596214851, 0.7765847264224892
0.5598850902150483, 0.7708484463274967
0.5583147669458695, 0.7754399518544763
0.5574640193232767, 0.7748668814598484
0.5559533459387398, 0.7765562185567443
0.5551714752708594, 0.7739678776230275
0.5540201048514458, 0.7809281147899985
0.5559850826063844, 0.7824967517629015
0.5574917088940732, 0.7756061822523884
0.5557096080333518, 0.779830581978688
0.556321316437986, 0.7776595916683172
0.5555809945404168, 0.7800652488748941
0.5549066130292364, 0.7750294081267722
0.5534233380881498, 0.7726948341486455
0.5522907793598733, 0.7692622569474898
0.5554750322888294, 0.7720068153844799
0.5570500784871364, 0.7673450920706508
0.5555410632642974, 0.7644934622646764
0.5556903992859172, 0.7626726099751837
0.5554106297318017, 0.7590847852458203
0.5566296167165217, 0.7615791847419835
0.5572111534225634, 0.7598501334982566
0.5611998597202625, 0.7589275527442788
0.5602820319190683, 0.7601739488000449
0.5605338644720862, 0.7639082034738026
0.5556120019795329, 0.7609099152449794
0.554248097647591, 0.7579654527991512
0.5555778850722852, 0.7555399764701859
0.5543368795778171, 0.7573926538365089
0.5555624388637245, 0.7611654023000213
0.5553883072547768, 0.7627259630793717
0.5560535586021712, 0.7670642727436309
0.5526669372890722, 0.7695680597456691
0.5576922127209607, 0.7724353404907583
0.5586500505330266, 0.7746291029889629
0.5628375263830069, 0.7769689467900115
0.5632562385194024, 0.7772481828150881
0.5637056859441113, 0.7834632573366219
0.563963240757362, 0.7781939456662728
0.56129512659679, 0.7741428079269943
0.5609458873152592, 0.7707539987060327
0.5587101745752897, 0.7687279434794101
0.560949737365193, 0.7718059096693437
0.555825074670141, 0.7697016218933342
0.5593687491862784, 0.7690903604718582
0.5570337094440336, 0.7737064596674971
0.5591200205959523, 0.7789346981946845
0.559428464663284, 0.7741806812372355
0.5597255841297392, 0.7752346135164327
0.5607264709119527, 0.7797005903136466
0.5604755438823403, 0.7806888217652256
0.5626723819632293, 0.7819254899791759
0.5591939625261113, 0.7798770937470223
0.5595922869082148, 0.7787491434427273
0.558111263161589, 0.7837617145768895
0.5605755355149736, 0.7844337283117465
0.5596174445808257, 0.7839458976071706
0.5598755964436, 0.7847775688594844
0.5577448601638573, 0.7917198697520538
0.5567855680032375, 0.7941305340984576
0.5552247005764037, 0.7965289437730061
0.555707851269238, 0.7983045975827684
0.5583782261126597, 0.8022069806724123
0.560854576729335, 0.8047478805918663
0.5585660726812601, 0.794421901487383
0.5550414287342298, 0.7938502829466996
0.5547385349358067, 0.7902460566764379
0.5525992111339029, 0.7965619574907868
0.5550156096994426, 0.7934065808154117
0.5571031275924081, 0.7887434613576609
0.5589709714164612, 0.7887922486700871
0.5565487111217584, 0.788847772915269
0.5557641859849142, 0.7815106067602868
0.5538865470712305, 0.7792612924958006
0.5550504177361928, 0.7872614364301201
0.5565761021718884, 0.7867140740302137
0.5551501631992544, 0.7908021843135062
0.5533268138083762, 0.7860629909487035
0.5512238661396487, 0.7919592916656664
0.5498922188918156, 0.7987843994598888
0.5469374579807743, 0.7973892357909119
0.549631332345297, 0.8015007048396011
0.5478445902073783, 0.8105237868621777
0.54681148139413, 0.806082675947513
0.5466985602599791, 0.8043033346650079
0.5491909904484287, 0.7999064733551623
0.5528418941011463, 0.801425655472741
0.5558309186566327, 0.8021647399215688
0.5588622832534662, 0.8021583612565285
0.560735260546054, 0.7960644264176293
0.5639312517017768, 0.8002595857056678
0.562148962253455, 0.7902576390795073
0.5663630503564553, 0.7877163751741111
0.5691811046363264, 0.7944871209913426
0.5682386632847496, 0.7942355004568352
0.5677175741850069, 0.8054465891977307
0.5667216723607874, 0.8069324042129423
0.5630136861005591, 0.809997023861482
0.5606058561376411, 0.8089719414235365
0.5604772354000337, 0.8119760510632762
0.5619128603805938, 0.8083763247058341
0.5631087230018549, 0.8149238589290662
0.5576937042512782, 0.8192877601658569
0.5547925987143115, 0.8171026949938961
0.5551815074042075, 0.8177862498388903
0.5538589283244856, 0.8116200836468316
0.5530286195427059, 0.8085624011988888
0.5530451364554972, 0.7995242232683919
0.5549265655755449, 0.8033585946896231
0.5530739792105054, 0.7985655967146422
0.5512792443192549, 0.8073403642811217
0.5516705477384981, 0.8100319829270557
0.5561279901358416, 0.8078254421408172
0.5558239380983163, 0.8067584917381829
0.5548831076070112, 0.8118418147805866
0.5541625346634038, 0.8151365657112531
0.5543333135029391, 0.8203234317958301
0.5577076354629218, 0.829712414913557
0.5550648635015901, 0.8221905678710482
0.5557261864023499, 0.8277200856706435
0.5550990359847151, 0.8307107136007007
0.5531486061893595, 0.8314840305712858
0.5525144748707987, 0.8321480572815331
0.5534834901850896, 0.8399455086348624
0.5539099560516595, 0.8375808178219482
0.5528596897078899, 0.8412707335037817
0.5519069861495585, 0.8384560763015839
0.550299749305154, 0.839299800612479
0.5526315528711043, 0.8447741429207959
0.5546495884640642, 0.8455991799131108
0.5557342046355592, 0.831335399950645
0.555742320964767, 0.8298696679153108
0.5557612794858575, 0.8301703735693527
0.5580317118562137, 0.8326917834474774
0.5574426029071656, 0.8342768600261212
0.5578770415347597, 0.8304990355061388
0.5548694610207431, 0.8353814253105988
0.5556390652365784, 0.8426598082062229
0.55394967232934, 0.8458700620334039
0.5513592114200754, 0.8513005234443985
0.5498836813481717, 0.8644639356644674
0.5524739995439065, 0.8657428569744979
0.5511580244616592, 0.8684525337048834
0.5503453055369631, 0.8686871412488409
0.5515083679791491, 0.8629930971230177
0.5523001979867015, 0.8677941130179084
0.5548625749185605, 0.867677933162787
0.5556067974703989, 0.8624518212287136
0.5552208330583068, 0.8543385200556572
0.5572356107295975, 0.8538383725648142
0.558058928337697, 0.8527886650735358
0.5565611564106724, 0.8531844052299917
0.5559442040366406, 0.8484976885425615
0.5534022136082901, 0.8506212968697138
0.5544361479241613, 0.8542351064008493
0.5550178234812195, 0.8517389166000312
0.5562181936177211, 0.8537291261729703
0.5541676965257429, 0.8527819751696633
0.5555522700348858, 0.8558397100119649
0.5544583968889287, 0.8575330723393204
0.5561894041538431, 0.8586386800249386
0.5563609636078766, 0.854937748884512
0.5576839244406467, 0.8593515584436838
0.5593164701441077, 0.8572848121855177
0.5590582542280516, 0.8675323449043283
0.5577343494012442, 0.8677174194773289
0.5571631826832242, 0.8637042156648134
0.5590273105157304, 0.8717406070673341
0.5580843339509879, 0.8797264400048931
0.5600041168151666, 0.8705382704120517
0.5583557180367482, 0.8717358354570823
0.5601809575160307, 0.8741252818629224
0.55896734457868, 0.8776984275586985
0.5588441324129637, 0.8770078926545386
0.5587000557539408, 0.8688858280307873
0.5593336649468633, 0.8702793103307528
0.5599851609685332, 0.8714808327365813
0.5623235982906297, 0.866120349203156
0.563426606798757, 0.8553528841259961
0.5617052681085876, 0.8537525280288213
0.5619744491880331, 0.8495875557896955
0.5598285441133881, 0.8516097588769137
0.5619059690968702, 0.8480471715369244
0.562434382308869, 0.8521526036126531
0.5633868520175025, 0.8582067850192201
0.5635796939945297, 0.863268615408401
0.5636840438924112, 0.8673031245097762
0.5630428157985643, 0.8634749245804224
0.5624870772763831, 0.872147650473132
0.5649674520489594, 0.8748590631809072
0.5651852717404922, 0.8724991874461141
0.5664392028374563, 0.8710183044887572
0.5647961382796932, 0.8696033153664858
0.5645703582984665, 0.8683498028896984
0.5636098521923534, 0.8643841236657244
0.5633350495209003, 0.8533985877400374
0.5655103017396769, 0.8486459160272922
0.5637216325357253, 0.851035114540139
0.5657011482658814, 0.8464795624768646
0.5638555911012111, 0.8489298029118035
0.5632915194087402, 0.853918822800523
0.5635523077120366, 0.8539840795792442
0.5635826676392048, 0.8590934744092238
0.5631164316916726, 0.8520937223150163
0.5632439871786061, 0.847176373822966
0.5642699295759775, 0.8521250279545388
0.5609728998145165, 0.8574325041414598
0.5601200634221618, 0.8609069029457267
0.5580732160618191, 0.870021027803827
0.5591947379153441, 0.8704022698227425
0.5576653846419144, 0.8664908949958953
0.5558824463098399, 0.8611614487464999
0.5575945280886248, 0.8493031514916055
0.5596605099181882, 0.8518774839459565
0.5575787388156777, 0.8550871045420132
0.5582355303570274, 0.854405113400128
0.5597945692382966, 0.8479699388981385
0.5593026365888503, 0.8440178205712157
0.5603351086585115, 0.837192673125456
0.5584905825306834, 0.8342257703127908
0.558520158557543, 0.8416343928724531
0.5580381168308705, 0.8494103488489646
0.5577399391683773, 0.8576674085314353
0.5553476079535837, 0.855693716917374
0.5595680136267858, 0.8568535507932349
0.5559065755288028, 0.8574359269818596
0.5546884521808392, 0.8634580759290801
0.5550726051120457, 0.8611170969431621
0.5539745141985009, 0.8615590701038933
0.556699147900533, 0.8625388001290677
0.5599525878191866, 0.8586613909818863
0.5588998399014858, 0.8578246721990261
0.5585320050282968, 0.8612826278385496
0.5599666786157723, 0.8651879325966598
0.5563134711788769, 0.8707746833695547
0.5583521460266665, 0.8699454240548563
0.5589058257656311, 0.8638028174690394
0.5596933104314529, 0.8618291746171691
0.5585933017563218, 0.862275651853
0.5558107490238599, 0.8720529767087868
0.5528974328272532, 0.8685688132569969
0.5539597419238929, 0.8706889962610909
0.5526426972036019, 0.8601672559149639
0.5525416070993753, 0.8564394260120183
0.5554641642707828, 0.8505004629709095
0.5550397351212141, 0.8466077963860315
0.5535755717240225, 0.8457097907279902
0.5525018180724535, 0.8490273679003162
0.5523404751026082, 0.8475869516262309
0.5525545923801995, 0.8404680339339379
0.5549017278957828, 0.8398496341806249
0.5561393906417289, 0.8285111641627882
0.5565234909486789, 0.8309770769211526
0.5572244185771031, 0.8344893389414404
0.554749414070187, 0.8337815812484454
0.5548990053665984, 0.8396560015298359
0.5544363789503579, 0.8438763462063783
0.5544177376350344, 0.8442413089614103
0.5561446795588856, 0.8489872994032096
0.5580883665054817, 0.849900026350998
0.5565262395644667, 0.8530160130638069
0.555652130638894, 0.8570306305622232
0.557029786013582, 0.8580284947104804
0.5572159198494562, 0.8586460919652662
0.55942118616071, 0.8609118049322909
0.5592457179092503, 0.8572523801300174
0.5602208239072134, 0.8550589831542512
0.5614617288855497, 0.8552322936324888
0.5642648686290096, 0.8488825892168785
0.5642431827543767, 0.8496741636339348
0.5635826037261779, 0.8465506184395022
0.5665341681075622, 0.8489601163315867
0.565739486498307, 0.8490461817395587
0.5624960066825447, 0.8471452477869608
0.5613674589192291, 0.8458178736245845
0.5634343909443219, 0.8454051502799874
0.5664135788748685, 0.8456402732784081
0.5664708697573306, 0.8399963009054527
0.564988636097568, 0.8462624646667113
0.5632308285181914, 0.8397905629431335
0.5636072829255891, 0.8450279201480386
0.5601654119382584, 0.8447094928930134
0.5594823240668759, 0.8473864370214562
0.5638946029303564, 0.8444242185037109
0.5627413979488273, 0.8387492842914579
0.5620910436603361, 0.8380313069955966
0.5601487530804994, 0.8324239331987406
0.5603315062164922, 0.8378392051011774
0.5583544397169594, 0.8314992372434713
0.5583856462026602, 0.8391484029113574
0.5573365560838026, 0.8355294948785863
0.5574542976398943, 0.8341249270837338
0.5568438060099732, 0.8288765329951314
0.5544735692161251, 0.828912520324516
0.5538660330902619, 0.8295252552288558
0.5524990110858783, 0.8273056068690069
0.5509652514230361, 0.8268115887796608
0.551111226085147, 0.8284993181378925
0.5532132738806552, 0.8330272956502824
0.5543654538079835, 0.8248213606232566
0.5551428289203126, 0.8293292704229422
0.552758504393086, 0.8380952022654826
0.5542069752934722, 0.8452972916910928
0.5547563272033176, 0.8503492202128801
0.5553595960227465, 0.8527029163196496
0.5530227015211931, 0.8575260786873106
0.5544973193451137, 0.8701410526870681
0.5538249737779444, 0.865876823002468
0.5530748274656168, 0.8634839052281041
0.5516205445500744, 0.8768349738146369
0.5522837227740458, 0.8713730491148697
0.5550728509246399, 0.8653229324238007
0.5550781689941118, 0.8619301252993358
0.5548340062155885, 0.8662711767962051
0.5556398912366312, 0.8663075430557952
0.5609384810450265, 0.8678606443095438
0.5606887601484413, 0.8626027173315288
0.561628651363298, 0.8641388909221084
0.5614063740619128, 0.8624154772579107
0.563327837109901, 0.8560693754688765
0.5641319097395926, 0.8564872444588018
0.5639390091167586, 0.8566831936377785
0.5625594703557222, 0.8562436894869588
0.560162177616183, 0.8424116381268926
0.5578113767136679, 0.8460210659647673
0.5578940920278909, 0.8451255901039619
0.558064692862682, 0.8436026341839996
0.5586398632181837, 0.8419066439778826
0.5566163710238305, 0.8346366540459235
0.5558965427928322, 0.8344417727112738
0.5528398641471329, 0.8334878497512129
0.5541694409563512, 0.8324606605158047
0.5541645488699757, 0.8367465704961315
0.5568002277230054, 0.8442222365543671
0.5570349489704125, 0.8386038108381729
0.5539846656437707, 0.8437724267472978
0.5535134657041929, 0.8428577976432641
0.5533952451971607, 0.8463789151073492
0.5556297036253615, 0.8476297041491986
0.5539035978512094, 0.8448404415407227
0.55447655127274, 0.8397666167339519
0.5522474276614094, 0.8396582532225526
0.5511236115571523, 0.8377483562295056
0.5522543645856778, 0.8323109921563017
0.5528535176696397, 0.8337914018173065
0.5546839983910247, 0.8259355767775398
0.5554172403783404, 0.8282419456696128
0.5557883302006148, 0.8230926881272783
0.5553116987032803, 0.824870228096805
0.5549893647895406, 0.8254495061374805
0.556049252703237, 0.8316363001982898
0.554937395770142, 0.8279311272114865
0.5587296455836974, 0.8222903841648932
0.5574955965879418, 0.8281296000629295
0.5584436817426782, 0.8294090310770301
0.5553835846214719, 0.8310446312653805
0.5559114755922103, 0.8291879815472452
0.5542341666015714, 0.8270463496733054
0.5540174552489767, 0.8311294496879652
0.5547427543416739, 0.834598236358007
0.555287653916807, 0.8340228067612809
0.5586798407412955, 0.8383240702317728
0.5583528617902843, 0.8420109473550269
0.5570972298098396, 0.8424498763749462
0.5560790637139887, 0.8340645891445755
0.5565598921502308, 0.8362076020534902
0.5541595702617925, 0.8407249431073195
0.5570750134133915, 0.8495148511544711
0.5556814536619017, 0.8516217062400411
0.5565706405051911, 0.8453606854301597
0.555736699911831, 0.8420556717409031
0.5540757810185499, 0.841801912388641
0.5512973063504393, 0.8490506943251847
0.5531670790273764, 0.8525447811310306
0.5540520550418376, 0.8625550536112652
0.5543907391225089, 0.8642460134069021
0.5558773073118993, 0.8604658891242758
0.5517242765073296, 0.8530847046237031
0.5530702560522629, 0.8460886657737673
0.5533887096641278, 0.8504512095726069
0.5554393265113916, 0.8526514057981313
0.5542197238075448, 0.8538486857799137
0.5572939637036382, 0.8528228075783757
0.5575504721900898, 0.8489249182457884
0.5569561576866258, 0.8426277818027055
0.5581550406253802, 0.8440805060138687
0.5590042072679847, 0.8380936236042216
0.5596888081911484, 0.8408863929922912
0.5576007570746812, 0.8501666425462966
0.5564701851401682, 0.8455070969568075
0.5554794557527677, 0.8489806796138213
0.5557646064019421, 0.8483020603714376
0.5542148584868737, 0.840870552416653
0.5528055654578414, 0.8378319650748111
0.5550171690784711, 0.8435449766018527
0.5560999089001404, 0.8429202657934068
0.5555520046441668, 0.8478894694384438
0.5543863832871027, 0.8438636292511055
0.5572197202563949, 0.8365291101058588
0.5591278156906567, 0.8367124923218044
0.5581239229542228, 0.8344554099449215
0.5590537144123852, 0.833308836475595
0.5573309783233695, 0.82868611698207
0.5581555263013359, 0.830839795605646
0.5611067537927075, 0.8308909049783683
0.5605302745691224, 0.8276614019917943
0.5577640784861938, 0.8257703435695871
0.5594063174044945, 0.830768091129993
0.5570420861596357, 0.8358941626771668
0.5570838453317984, 0.8394102679602133
0.5566655792665787, 0.843574974719538
0.5568492776964259, 0.8476235250210882
0.5583692276274576, 0.8539478479627582
0.5570428702088441, 0.8599475963997877
0.5521650336073047, 0.8585544931904504
0.5505553765854608, 0.8659460514832853
0.551177025210927, 0.8687414083712991
0.5527195446587692, 0.8721236008739325
0.5548706207379132, 0.8676462722838665
0.5548596887364686, 0.8688673651459409
0.554529276376597, 0.8691897362513836
0.5555811239172408, 0.8600123223650866
0.5574865146900099, 0.8524293543375746
0.5587012938417482, 0.8470343927433941
0.560823470977723, 0.8457358431045208
0.5631531415509751, 0.8347683437717663
0.5648805280938527, 0.8281481848222233
0.5654822712312246, 0.8270589851820398
0.5625712836715291, 0.8305382590756215
0.5618828112080896, 0.8341517821206456
0.564027194578613, 0.8268739915161663
0.5615167471401412, 0.8316385316403629
0.5591217720482019, 0.8391786820915034
0.5602494137008811, 0.8364209115346817
0.5607360452007206, 0.8368477132127234
0.5596892890128359, 0.8461169741937777
0.5622487532821367, 0.8395456748350627
0.5602660535597849, 0.839954359343403
0.5614400231022064, 0.8459728354436418
0.5609698943430861, 0.8423345585409523
0.5582707205028272, 0.845366038447974
0.5580319569493777, 0.8490282992225564
0.5611532284059396, 0.8535182231662036
0.5583181510094385, 0.8542183937189162
0.5581893060225644, 0.8533150533118684
0.5560213903012599, 0.8475412537616289
0.5557654707171302, 0.8593669967101418
0.5541092605274238, 0.861771656888774
0.555502361074425, 0.8571341923334554
0.5553650536458578, 0.8586328867955302
0.5565064763770792, 0.8595030496511527
0.5581196886376094, 0.8631240728836704
0.5553877589867933, 0.854007315408556
0.557454125108899, 0.8538552071792058
0.555583580471444, 0.849214711116802
0.5590301685768645, 0.8486670256536059
0.55804759742648, 0.8499512120829908
0.5590725639707476, 0.8455359612142207
0.5585164949821845, 0.8475400891278501
0.5584620368229956, 0.8505209821420909
0.5602745041370716, 0.8450513004952057
0.559862634504685, 0.8441739152069261
0.5620261732595456, 0.8460451842846473
0.5610980800232019, 0.844841683734859
0.5632585900498844, 0.8518796607188724
0.560933813687711, 0.8551865681335318
0.557983881582589, 0.8601035838629226
0.5590185622582607, 0.8631135897788802
0.5581953293745331, 0.8621952853332411
0.5573660892530824, 0.8618452591884115
0.5569713612735321, 0.8592466592466435
0.559203305535054, 0.8538448460408556
0.5559075876538304, 0.8595841391456769
0.5604343026500626, 0.8660912064693964
0.5574820660476013, 0.8618894884473661
0.5604831237622434, 0.8593110620575478
0.5620425732586007, 0.8493335784808321
0.5602699054901519, 0.8513958911846299
0.5586044832640222, 0.848722419059061
0.5594746995199449, 0.8471312894935241
0.5591282826436068, 0.8519874556687151
0.5556675241611794, 0.8502084820484331
0.5571354182071687, 0.8481758376307349
0.5534190555124296, 0.8473223597354798
0.551900830971148, 0.8519598058757918
0.5528731785412092, 0.8515383672675533
0.5527854568248303, 0.8531650771661576
0.5549971034358643, 0.8424423230561822
0.556569522635526, 0.8455278581303185
0.5576799363541812, 0.839471318873872
0.5573725900463716, 0.8444788369729856
0.5607791358465912, 0.8464269892470411
0.5604927007539935, 0.8445973942151836
0.5614450781165383, 0.8483801334332528
0.5618889744436378, 0.8465727087933315
0.5568812940320608, 0.8506650297607491
0.5575881770877043, 0.8591589079935785
0.5574210666100872, 0.8695469791707147
0.5565347303031756, 0.8668003196085803
0.5555794813151893, 0.8632869334509273
0.5551973491573383, 0.8616064853096255
0.5546654119069225, 0.8604254914345478
0.55658009363892, 0.8588506880764128
0.556214813837867, 0.8522376097099521
0.5593407853871555, 0.8552896227600633
0.5617944297933438, 0.8493362409024403
0.5601988792774841, 0.8455183984102905
0.5598614969645195, 0.8421201094596984
0.5619224239292947, 0.8388254608061716
0.5649798630092348, 0.850596688078937
0.5651528729603171, 0.8539565546140795
0.5632586809806421, 0.853228303787431
0.5623475126227915, 0.8597411632738199
0.5612138519832696, 0.8594576102679634
0.5600297522744496, 0.8551742712506378
0.5584203280468581, 0.8636894688348413
0.5585682893941718, 0.8634121408244319
0.5558088758661638, 0.8674247056057448
0.5566060237922376, 0.8770794949851025
0.5523288472769241, 0.8750875267077213
0.5522549268199802, 0.8704597288482419
0.5532556244457996, 0.875276396010688
0.5521312821694221, 0.8715999133038691
0.5526088817098784, 0.8708921531262567
0.5543870414418259, 0.8764732995349283
0.5553438816912758, 0.8719930283269601
0.5566540282407697, 0.875805536912871
0.5571477501106263, 0.8695677583562291
0.5557522518005331, 0.8606743474538895
0.5612667649204701, 0.8678982904086363
0.5605605612058103, 0.868397196699091
0.5625718242365186, 0.8694632185167416
0.563290182688769, 0.8690525745370248
0.5615895708962498, 0.8730463278558671
0.5580257562001513, 0.8716856480365358
0.5578149409727302, 0.8646175979373509
0.5572728902919628, 0.8608430915555052
0.5586532734842636, 0.8623085207231366
0.5604880320672203, 0.8607308805437605
0.5556378679672005, 0.8512555621960571
0.5580181789795453, 0.8548507321152741
0.5583046632622345, 0.8549521303693156
0.5586671038740253, 0.8550317787888521
0.5596336886682214, 0.8541370328165501
0.5618072896075679, 0.8479601335409779
0.5618060559024183, 0.8530683389712583
0.5595277323992918, 0.849678994429372
0.5607676282119181, 0.8530824689300953
0.5590831036731175, 0.8582623413608939
0.5599457194740736, 0.8570036719733183
0.5566359362727591, 0.8478801300566248
0.5533344769709306, 0.857100177001232
0.5516807632690905, 0.8588257643736119
0.5520053302546974, 0.8628994428136775
0.5514128154556899, 0.8664475419017392
0.5536637248834142, 0.8692868180419271
0.5567721271986246, 0.8715122166375553
0.5560953313593163, 0.8644599393374446
0.556933947828138, 0.8589537790705277
0.5571262737352562, 0.860332886473288
0.5580011797318394, 0.8632890766262594
0.558240330265115, 0.857230438552109
0.5604697999021944, 0.8583249718313226
0.5613460339252632, 0.8509107446756031
0.5617543404297292, 0.8551103882834656
0.5572489037918222, 0.8533772767250687
0.5559780803962846, 0.8546762497860115
0.5555044754997503, 0.8584699165960614
0.5539589565031446, 0.8549386125625678
0.552514505569327, 0.8496113022697929
0.5537595769332974, 0.8482926492994756
0.5540990922589881, 0.8420201394897064
0.5532015710644207, 0.8401996061357785
0.5505473908258965, 0.8403393320304012
0.5513527529435337, 0.840463076539544
0.5522682423222347, 0.8351820826646646
0.5546249868017289, 0.8296693252767315
0.5532100020538774, 0.83415768215241
0.5514387485036438, 0.8417975008771708
0.5518890142250273, 0.8525553599992154
0.5533034937705401, 0.8515983405416089
0.5524490217282694, 0.8529788074663809
0.5528681105141029, 0.8551709272763228
0.5547735376675502, 0.8595052863228011
0.5549315807932261, 0.8593642987361673
0.55601831822177, 0.866836392336284
0.5533829934454155, 0.8687311056604363
0.5556737841362078, 0.8662832884545398
0.5574155707395839, 0.8671251597363236
0.5584399513248192, 0.856695184026772
0.5558627685169206, 0.8637902355034945
0.5546758043530176, 0.8649871153590849
0.5544520786820321, 0.855867658499674
0.5565678767152508, 0.8490822116059074
0.5562611655038776, 0.8489958079502333
0.5553821349934762, 0.8482490859465445
0.5594803803971877, 0.8484683788533273
0.5592489393703444, 0.8418070283213297
0.5582582176793325, 0.8436827049345391
0.5569269339969651, 0.8473169532027001
0.5582576836157147, 0.8478669492304762
0.5600654752066873, 0.8464403048394169
0.5614832907447672, 0.8494317677014166
0.5597256434201185, 0.8474760002581929
0.5585068160173039, 0.8464195510535687
0.5603627202682022, 0.840730077843256
0.5550839570652002, 0.8467740229851979
0.5548848290320625, 0.8584006317835868
0.55536802811496, 0.8527460091145695
0.5557010854871465, 0.8544470854994239
0.5541008066057816, 0.8533502655251148
0.5531185643824695, 0.8460638011585502
0.5529164464928767, 0.848057461773004
0.5524485021874284, 0.8570127993065577
0.5537921215811598, 0.8592963324159818
0.5536332627066585, 0.8585937203794799
0.5538369653400207, 0.8560677308428026
0.5534572942551648, 0.8503274534560218
0.5568327319267199, 0.8530929308701453
0.5586900701544083, 0.8496716366428056
0.5624571725077482, 0.8452091146141754
0.5625448405920493, 0.8521805969811649
0.5625796008755569, 0.8489592419913509
0.5637873672317794, 0.84601591232452
0.5607879462783656, 0.8441733211386614
0.5602383220965892, 0.84804687574691
0.5650274423371291, 0.8438282411447166
0.5657306269266738, 0.8477638630429485
0.5649810612354899, 0.8494029148930803
0.5635688723960887, 0.8563481576604819
0.5613990034207597, 0.8549562378701712
0.5621943040769052, 0.8588711208744974
0.5620634396928673, 0.869294551056673
0.5594884874803323, 0.8658595310364461
0.5629756482460468, 0.8597270632868795
0.5629626469171123, 0.8513640285735713
0.5587761061746284, 0.8503662432855865
0.5589036596529909, 0.8457424297924062
0.5585893144701551, 0.8420089741769278
0.5592862478298166, 0.8391667627603733
0.5574866903550015, 0.8489713945867436
0.5587041838949094, 0.8506453793509682
0.5567683014377143, 0.8409562252750205
0.559831753068793, 0.851163994333527
0.5573552704561957, 0.8563043157678756
0.5577995388258136, 0.8672913834792204
0.5602014592976408, 0.8737148833182985
0.558606465036585, 0.8725603184585763
0.5571066270169078, 0.8795602793379376
0.556546264073338, 0.8736777175233661
0.5608072497670327, 0.8742404527197649
0.5583647287968855, 0.8716866147485935
0.5585222961558705, 0.8761856356205678
0.557000313232726, 0.8726106547425699
0.5577069578792012, 0.8726126932127884
0.5552352388601676, 0.8758335099200215
0.5531124626339731, 0.8773156295149555
0.5552813761287534, 0.8844062149796835
0.5542700573846622, 0.8823131459696929
0.5556344843323093, 0.88807172083241
0.5563237842709526, 0.8784938425807235
0.5568501935295794, 0.8747602145593765
0.5564329041149515, 0.8749530575522664
0.5591894240204214, 0.8673860274016846
0.5591178089825946, 0.8679794304258202
0.5609530248391215, 0.8583160892982862
0.5604338590410414, 0.8552368604788562
0.5588126053672628, 0.8472380801453238
0.5603832455109022, 0.8457403040405234
0.5591920302319466, 0.8426648087429273
0.5556960475863845, 0.8438504354809331
0.5573211466480334, 0.8413497112966715
0.5572011098566009, 0.8409785253431267
0.5530146695598028, 0.843053719168355
0.5528446719846931, 0.8482798014415815
0.5520868481039269, 0.8569615711377937
0.5536485841211232, 0.8613954745984922
0.5534516630125978, 0.8692016190405729
0.5546818830748281, 0.8672002096437863
0.5549079564148554, 0.8695935640257378
0.5547618089457308, 0.8777486437625072
0.5546956923077472, 0.8801593008411579
0.5542080153917877, 0.8801679262323544
0.5547052035232148, 0.8827693647653423
0.5545642756593974, 0.871810485320124
0.5571100031616838, 0.8712162184112904
0.559995174527098, 0.8715304404309057
0.5606353792835267, 0.8705118907652164
0.5573790361245308, 0.871155059838338
0.5574481256844603, 0.8752037190267412
0.5571922277196163, 0.8644711983749976
0.5546682683051192, 0.8584931381563227
0.5575263994277305, 0.8618403229537911
0.5608688156874637, 0.8661500691156945
0.5598892261094649, 0.8643279418625003
0.5608435764767363, 0.8554940081226416
0.558254747790309, 0.854999322535939
0.5592288696289347, 0.8535934500009198
0.5617568393973791, 0.8550083560094308
0.5630241404046098, 0.8481739439082239
0.5636229506257671, 0.8557090485808034
0.5663831445974179, 0.8671754413785159
0.5654499293962134, 0.8590663164906287
0.5632591998877049, 0.8568353878472978
0.5641009948395087, 0.8526360556390908
0.5590488579337549, 0.8554653465083286
0.5566186112851017, 0.8531455116337291
0.5540095848627942, 0.8486248023794882
0.5565626809848957, 0.8510444056728034
0.5552711661873054, 0.852464570610352
0.554251254225349, 0.848529733769606
0.5518196019987034, 0.8424769112093298
0.5502664976378526, 0.8455571377416083
0.5512650594106864, 0.8415973897683535
0.5526925874196938, 0.8517255954761849
0.5537177374327868, 0.8416894307625935
0.5547786297964784, 0.8339627238886582
0.5553345221145499, 0.8383086827403143
0.5528753271622178, 0.8313242693858893
0.5519923804666436, 0.8301634090212315
0.5508599223939811, 0.8375454988199925
0.5526530009863245, 0.8433811258585072
0.5513782123393147, 0.8434900777396418
0.5505372823261507, 0.8430524759640866
0.5521199268494927, 0.8473432447920797
0.5536747052632427, 0.8581079099301074
0.5543922896626043, 0.8705998717313166
0.5556970440256752, 0.8738565135280044
0.5560608071050719, 0.87536609392983
0.5584359962851148, 0.8737382328411682
0.5599191948370819, 0.8737436558201545
0.5626301712988615, 0.8716689038563104
0.5659806360410945, 0.8692193289540123
0.5636961918574319, 0.8703742158177773
0.5591964340316131, 0.8702924447207643
0.5611086085230312, 0.8754058110711245
0.5618905887995166, 0.8689919733941365
0.5596662238460323, 0.8630596128045329
0.554972175640245, 0.8660970922868975
0.5530969803642651, 0.8689886358619356
0.5540127793933644, 0.8629038648374696
0.5515102736179454, 0.8599408901191344
0.5505979376242468, 0.866139987283536
0.5519860132759058, 0.8595581210069436
0.552776107703179, 0.8559835082765466
0.5522820887392749, 0.8541021961780609
0.5499448467321566, 0.8599263189695255
0.5528683993343719, 0.8580890634620054
0.5570368040929743, 0.8572933907497161
0.555230395824555, 0.8528233041989999
0.5551161307685332, 0.8598644152751367
0.5545149115820044, 0.8591912887744104
0.5541436673154536, 0.8561717561101172
0.5561755584106316, 0.8592914025379628
0.5598767400719322, 0.8602958551011917
0.5599840251380167, 0.8657618638269137
0.5628521279054708, 0.8627081846222792
0.5620521611192391, 0.8679597369475773
0.5631157586089394, 0.8672954546666114
0.5650169192078843, 0.8738247179979408
0.5630211231650655, 0.8684592781189424
0.5649933857159182, 0.8716370867730717
0.5653715762150762, 0.8705720187839372
0.5631687246368785, 0.8768096976802349
0.5622077605180451, 0.8750310325969644
0.5596259311470899, 0.8657500164878658
0.5584136197526449, 0.8674993363678357
0.5594884305005665, 0.8611450825659135
0.5586423856598304, 0.8665008393402076
0.5602256784148232, 0.867785480844384
0.5629601785720555, 0.8673989310754313
0.5604540579230612, 0.8639787627047981
0.5603253399677267, 0.8672778927613732
0.5600969241188306, 0.8693203122870201
0.5604272557941954, 0.8704732281853141
0.5589906692439098, 0.8713590876724915
0.5583062952372987, 0.8665844022330663
0.5555924437483167, 0.8710252690447087
0.5562692629548295, 0.8707094304884272
0.5543876464430408, 0.8672799194381552
0.5530735112847679, 0.8667054888767382
0.5537036582343802, 0.8708688075134721
0.5532395986534537, 0.8712653467543279
0.5535559998169036, 0.8692059626022143
0.5528287817487122, 0.8696367771765114
0.5552304951842532, 0.8655851368224081
0.5540322321150316, 0.8629704274713271
0.5553154074300453, 0.8632274049204673
0.5545949586840504, 0.8646622569018282
0.5547981493754925, 0.8643541800343819
0.554593056317257, 0.8663435399404686
0.5573887093877306, 0.8595475996769215
0.5591207855098042, 0.8572997314362804
0.5604771193864204, 0.8631893763242289
0.5585605426470318, 0.8587488498373087
0.5589968114095003, 0.8644985222732569
0.5591612338832175, 0.8656201019030805
0.5602461089552515, 0.8561685578031992
0.5612686031823909, 0.8506268029833832
0.5602867790931185, 0.8507006495512307
0.5619755511160243, 0.8440085336454439
0.5607430830363064, 0.8477708339921899
0.5601042146667282, 0.8439402079292349
0.5600457908920958, 0.838337493662712
0.5601338415705399, 0.8386762435622425
0.5597418067626503, 0.8405310002014424
0.5605379856124824, 0.8450900806321313
0.5586071936845128, 0.8497341595797577
0.5590366146240249, 0.8531314588393233
0.5592234323683845, 0.8567663333866378
0.5575493585556406, 0.8621932875125115
0.5566832041603548, 0.860732665714135
0.5550604534538677, 0.8660700742526236
0.556379442104279, 0.8634315524379425
0.5567036917407554, 0.8664832627067858
0.55635750421275, 0.8610686891462768
0.5588214669566571, 0.8548482669224298
0.5626287576210904, 0.8580867395341756
0.5603109027172327, 0.8554744690649738
0.5617252415513883, 0.8514530560332535
0.5659682641905215, 0.8536624931904712
0.567021164011831, 0.8602997462458836
0.5658932318271661, 0.859787749531441
0.5637524571096251, 0.8577244142732597
0.5639352991271602, 0.86052487980371
0.5650458082796709, 0.8647535389473751
0.5615948549948147, 0.8669589279896638
0.5592380488408799, 0.8730332439513099
0.5600755774044422, 0.870850631330239
0.5594692967965192, 0.8770156280097513
0.5554981833375432, 0.877304640356304
0.5546771121089918, 0.8710425189885654
0.5583054045171042, 0.8703847993878397
0.5559965515464922, 0.8702576659264972
0.5600913508018093, 0.8674637063272643
0.5598598627744247, 0.8729694265143193
0.562048576264894, 0.8778822257418495
0.5610505555766552, 0.8743913735675308
0.5603090997712747, 0.8767779221689957
0.5626648302392483, 0.8732360486539728
0.5605236593702049, 0.8641898491551645
0.5590023746522537, 0.8631649434768235
0.5579842129184217, 0.8716552581233115
0.5586052017177143, 0.8710289372025584
0.5548912684509496, 0.8737142225689096
0.55514473155717, 0.8698255179214112
0.5547697840775154, 0.8647558129533068
0.5572971301450115, 0.8649624838927789
0.5577064723899265, 0.8634517582271408
0.5553513780177513, 0.8595734017280356
0.558568444595168, 0.8660499666578753
0.5582376709478055, 0.8672904467451191
0.5577614211940438, 0.8581727054167629
0.5580657965616537, 0.8556115180293421
0.5569155064692513, 0.8543760495271538
0.5551656072646879, 0.8600938368459966
0.5533788402027694, 0.8638116241853595
0.5505649282526319, 0.8654207100670132
0.5485250734779562, 0.8653298409035088
0.5469171176880242, 0.8718186892233513
0.5465753139700034, 0.8692212910872025
0.5482677328482287, 0.8721634783168918
0.5481850660120975, 0.8734624830215886
0.5476918584995147, 0.8794400982234318
0.5498916562784455, 0.8833676899101413
0.5513890662700911, 0.874399368165942
0.5531648153092149, 0.8682058733500618
0.5530476842143989, 0.8588803769755098
0.5561159257669657, 0.8576670468341435
0.5566869509278125, 0.849148998194144
0.5550405136377408, 0.8531787823275451
0.5544550435702899, 0.8453297315291524
0.555848560580769, 0.8423216710541237
0.5571300598281269, 0.8469584285676246
0.5565981063983046, 0.8371345790009137
0.557565958052703, 0.8401945049520526
0.5581280151011075, 0.8491770688069528
0.5604839683938082, 0.8532229634830681
0.5595324025347015, 0.8518831990721273
0.561634593474556, 0.8584510080297028
0.5597877920368272, 0.8507959216693746
0.5586309130881624, 0.8573474721406852
0.5561723906687303, 0.850971486638955
0.5564119756752225, 0.8421899755884648
0.5557018744273055, 0.8544380986026308
0.5550132053437903, 0.8506284932322927
0.5560397706322735, 0.8453759978618176
0.5537944867612485, 0.8538032458518767
0.5545454783528395, 0.8544085816222877
0.5514075291341756, 0.8567926591439126
0.5536079079097318, 0.8622183307799688
0.5552868918573409, 0.8625626632728164
0.5557403701434345, 0.8771257819743632
0.5561063716997253, 0.883655263400682
0.5566438500668287, 0.8773364981523567
0.5547321089655733, 0.8778034095717491
0.5536121156311179, 0.8779314125693318
0.5554435616091068, 0.8738883100489618
0.5539282939795178, 0.8771563362938837
0.5564710721578506, 0.8746084525700951
0.5579015470962421, 0.8732147939187047
0.558088958401591, 0.8653556461775789
0.5581684875695723, 0.8564325141541819
0.5587173726392562, 0.8524036004041786
0.5581899984455692, 0.8530582613535707
0.5608063451882003, 0.8559751050598718
0.5602772868852289, 0.8543862076039155
0.5581491859932601, 0.8484284536150539
0.557493212536319, 0.8432056446207102
0.5567981280757834, 0.8374614422391466
0.5572412973851886, 0.8409824074958252
0.5570950757292353, 0.8510876597109311
0.5592294978248608, 0.8554237110804431
0.5596629120607572, 0.8612273982787715
0.5612704654224155, 0.8570445554557968
0.5593144166140189, 0.8519330086620333
0.5580195944256229, 0.8563961081973017
0.5596419939840029, 0.8579584651627631
0.5612752874453882, 0.8651605809494602
0.5600617310785438, 0.8731964390372575
0.5600883787802593, 0.8676415552695971
0.559909643455865, 0.8657521643396164
0.5583587370255321, 0.8580014348773817
0.5551645710292883, 0.8577560387213341
0.5544673717382816, 0.8568257520236771
0.5556320430870264, 0.8584314748027811
0.5570201821460332, 0.8558712113169792
0.5558664461752139, 0.8526771068642084
0.5545540500219566, 0.8563076098974667
0.5553435939243195, 0.8439478005399585
0.5550973899859153, 0.843180913492434
0.5569277509678627, 0.8399801915001953
0.5572065357625766, 0.8446534639497469
0.5579767606393331, 0.8415261747958119
0.5573466613960602, 0.8403010429827109
0.5565809449345338, 0.8440294939365378
0.5569612983766042, 0.8426709875159644
0.5572705857912148, 0.8460829499700531
0.5586522491077686, 0.8382696661691001
0.5562372634469922, 0.8505128889145498
0.5555877347484687, 0.8439468687544854
0.553314554886396, 0.8437340018279744
0.5540122596030306, 0.841355428477582
0.5551159395551529, 0.8416089065855609
0.5560503417775726, 0.8378980492177381
0.5539338631213231, 0.833495185888918
0.5538245424126462, 0.8284181683469714
0.5547521957125764, 0.8291992078532067
0.5542359549440277, 0.8324311133481125
0.5547337261756736, 0.8306418639977678
0.5540690959190469, 0.83908366123316
0.5529379668957548, 0.8412154983885433
0.5541529770791754, 0.8406416653035459
0.5535753970871949, 0.8337514168728989
0.5527585685436639, 0.8414423475149231
0.5556901010429899, 0.8376568965503692
0.556952441043887, 0.8460947185677107
0.557822574133149, 0.8476344652420092
0.5582689162504363, 0.8424528208310834
0.5610434444512322, 0.8391401955771629
0.5616932457463119, 0.8404302826346303
0.5634151971183534, 0.8332908938402989
0.5605623441317045, 0.8336680970568559
0.5599618236144807, 0.8424635399788943
0.5592774625216523, 0.8368985944621293
0.5582433553765569, 0.8467995124189744
0.5567822101018376, 0.8439249090073137
0.5539656571983953, 0.8479660118080707
0.551225454256226, 0.8502942626895971
0.550738833494366, 0.8505955857048404
0.5513222357389507, 0.8486830753539516
0.5530566476210537, 0.8519577932902671
0.5514172260068899, 0.8520901901114808
0.5562715130969368, 0.8460214076941638
0.5559836130258816, 0.8513224174815764
0.557043809017596, 0.8440300681695175
0.5567860834225795, 0.8450537962187082
0.5605313476390895, 0.8378570951365685
0.5639397910798919, 0.8389332868914465
0.5637128659318714, 0.8284124631788841
0.5634291975930752, 0.8317728037731426
0.5626293564222244, 0.8306746762791273
0.5639524732507741, 0.8335024433346632
0.5611895120174799, 0.8300379565702553
0.5604086758447905, 0.8312640520047401
0.5591470374790517, 0.8313968872224967
0.5591520135911473, 0.8320122689309841
0.5566059788169533, 0.8344051148122444
0.5585968908261918, 0.830821237638337
0.5575863871688704, 0.8451508950058118
0.5557268320286928, 0.8443105477578777
0.5554966283991828, 0.8536790226948
0.5555488314593364, 0.8490022557523844
0.5541734890137252, 0.8531969995795798
0.5567495692172921, 0.8509283031557651
0.5588708566921559, 0.8470556356233938
0.5581043926354615, 0.8407128471380606
0.5576391972024748, 0.8372088729482842
0.5551846718036153, 0.842644593339059
0.5591660178519606, 0.8418139433114898
0.5592057040769374, 0.8437780526975411
0.5579667157000607, 0.834788540295883
0.5576197996713874, 0.8337904306578647
0.5586479025903832, 0.8324043296139557
0.5562575153103448, 0.8301488275175698
0.5530557963252668, 0.8310321824870155
0.5551569938350656, 0.8331529227382737
0.5553877281170768, 0.8285995708777977
0.5551740743396338, 0.8238989985168427
0.5530414486172148, 0.8201585785881624
0.5538067814002491, 0.815430686251698
0.5554095543205754, 0.8114131451718049
0.5563031169141757, 0.8176388883884934
0.5566116059422672, 0.8211456342643707
0.5585930479456305, 0.817478168526445
0.5610714798314455, 0.8206405286677028
0.5621890954015979, 0.824301260951534
0.5601453804379448, 0.832352369764006
0.5603985530837955, 0.8395074109786727
0.5597777312195704, 0.8431817837685223
0.5585431854088101, 0.8428314221207934
0.5582314401124344, 0.8436073655741556
0.5578908915512726, 0.8428929891651803
0.5577092678549088, 0.8386005387503058
0.5584981822275045, 0.8377325721145242
0.5589183901162255, 0.8405464912986396
0.5547882849348055, 0.8312066327725113
0.5575480441663581, 0.8313445870263994
0.5556694332675602, 0.8273043189031355
0.5549791901282137, 0.8225315000868084
0.5559117265273608, 0.8189306040006537
0.5543573453848553, 0.8231350549750841
0.5547149052508313, 0.8262845397472942
0.55335978479317, 0.8251931071817111
0.5525036441527778, 0.8318451112551368
0.552122881349055, 0.8305346861638604
0.553290248255199, 0.833546515961263
0.5540860744067451, 0.8266324355458575
0.5565104860759125, 0.8281396597984454
0.5559614599225932, 0.8273753411847796
0.5572270669442301, 0.8297257595838172
0.5592170734918633, 0.826345219475391
0.5598447084467599, 0.8132563903485023
0.5615296724050809, 0.8199568412772225
0.5629508620017856, 0.8178074250303279
0.5624479606773565, 0.8192073692645693
0.5655483010794264, 0.8206465033029182
0.5646718826985341, 0.8138826656904982
0.5648847147829517, 0.8088440195629587
0.5638060498886242, 0.8109790075912701
0.5628502098915291, 0.8116644292549143
0.561050724257515, 0.8134471305209399
0.562062479453332, 0.8154394544085459
0.5615646591391645, 0.8142478350731054
0.5590684017758634, 0.8170589513955464
0.5585111050713113, 0.8150839202363123
0.555749321510332, 0.8191405967444829
0.5551510368002481, 0.827127510619355
0.5547637043989034, 0.8343273895358168
0.5585727485636902, 0.8448462922383573
0.5578367617574838, 0.8462773485070973
0.5570137805943022, 0.8466935919166974
0.5550057121586146, 0.8501057935089639
0.554836711406193, 0.852273003684983
0.5550857741887787, 0.8497573718994612
0.5546318085862365, 0.8513897160810634
0.5563584758629523, 0.8488270408032307
0.5553693856771017, 0.8495499170168154
0.5534107602523594, 0.8429546461995304
0.5542899366303311, 0.8285584143972112
0.5563585162289285, 0.8311812995017693
0.5585338876328021, 0.8323498316096893
0.5587498761093928, 0.8412812955558542
0.559025192604538, 0.8394289714407007
0.5614483619343731, 0.841222726216861
0.5623626504375954, 0.8350386783061999
0.55714407315467, 0.8349214529984449
0.5585688071819016, 0.8367010753152109
0.5605617345011147, 0.8400099478613701
0.5604386335524947, 0.8472796450148905
0.5581164686142853, 0.8412785852895407
0.5589882684167409, 0.8436727428927175
0.5572353427311507, 0.8402533882554508
0.5553279804855038, 0.8420577249758763
0.5527371739065737, 0.8435771940148182
0.5526542023117333, 0.8505611241362893
0.554767490701854, 0.8623233676531301
0.5546723221501739, 0.8636271555898347
0.5530416543394729, 0.869343277838772
0.5501454280061217, 0.8693625051239211
0.5502266782369745, 0.8757220795119036
0.5493892478659765, 0.8715587432666707
0.5505023571970106, 0.8762813789684063
0.5516170960636418, 0.8679266156668518
0.5528009272802897, 0.8669950889442755
0.5537806938702783, 0.8654858149880132
0.5554872763852232, 0.853938678323734
0.5563230949115788, 0.8509203552832447
0.5565554705141318, 0.8434757841325459
0.5577882162938852, 0.8380839963745853
0.5606042234776851, 0.837738578689766
0.5608441049338719, 0.8356974150410599
0.5611580647124365, 0.825360514404017
0.5618242134446028, 0.8278254540475812
0.5608209497732262, 0.826554323159806
0.5600976181070902, 0.8194575721302796
0.559501266188721, 0.8158748317306754
0.5578012211772829, 0.8175946603376179
0.5568847845752246, 0.8143712364953333
0.5566645290530234, 0.8124497220287227
0.5550931530465417, 0.8108894946560368
0.5542617710040151, 0.8145231296382803
0.5540292588478273, 0.8177375635423099
0.5559334463517411, 0.815539052014677
0.5581711552161348, 0.8156101894065986
0.5592944077600099, 0.8245652964462951
0.5609128327390105, 0.8325319444871129
0.5633102333492086, 0.8291574264880589
0.5652368687308581, 0.8329970190947629
0.564512727828196, 0.8347166714088381
0.5652789010572873, 0.8378507529389363
0.5658455799769266, 0.8387143082224291
0.5657009782918389, 0.8421621073346813
0.564267878740643, 0.8504520192403133
0.5625824010768096, 0.8523400714947515
0.5613135331722445, 0.8480018726236886
0.5600303714668635, 0.8414309443629031
0.5591331671122466, 0.840777291915647
0.5580637871324136, 0.8412603940859652
0.5602349943710243, 0.8386862917110303
0.5600012936074747, 0.8349321438411821
0.5585998915536939, 0.8350726158337913
0.5586953559628098, 0.8305260119227041
0.5578453379674234, 0.8202727685367325
0.5600778374927078, 0.8150110404922103
0.5612606833059801, 0.8094775223935393
0.5615102481587482, 0.8090731089938725
0.5607704210198118, 0.8119573368372409
0.5594760555797247, 0.8098451890273382
0.5563580543120555, 0.8196056943039844
0.5554360841439522, 0.8186680734244425
0.5574158451591218, 0.8234396171331919
0.5611895257941666, 0.8236055524149102
0.5622310535898676, 0.8288029617892219
0.5588996444216467, 0.8276224094613573
0.5549761883674162, 0.8357057203126244
0.5583027511906413, 0.8351036410133043
0.5572370183309493, 0.8361115133352076
0.5605380766491012, 0.8377259567374272
0.5603896230237336, 0.8261199584910036
0.5621540056150935, 0.831221903455339
0.5616474182150208, 0.8242870463989573
0.558281446359094, 0.8314766553045484
0.5553784701582816, 0.8390316376526898
0.5566236611254413, 0.8475064740169624
0.5603944034083523, 0.8451926349306907
0.5566241728766024, 0.8505688710280277
0.5579307484883395, 0.8532354038188164
0.5571788746631545, 0.8515216581107321
0.558261049588719, 0.8533979352192445
0.5539310645294504, 0.8488908144189468
0.5523235381194622, 0.8507917921232264
0.5519476177933539, 0.8454223975561705
0.5545076367149409, 0.8369479219992775
0.5542286538285572, 0.8343313882282652
0.5527261068289837, 0.8403015509243396
0.5516549449160386, 0.8431382922293927
0.5540396775619179, 0.8454264173731929
0.5536575396711649, 0.8458864124365968
0.5534706971373134, 0.8541664969197609
0.5565852479274003, 0.8540483603554276
0.5547006727446124, 0.857453622859814
0.5562477519581488, 0.8580169927114729
0.5541435505505661, 0.8604530701340443
0.5567831665074702, 0.8599159426647593
0.5562701690808038, 0.8598230300547265
0.5586699897603448, 0.8616863141633709
0.5567058967985019, 0.8594788857817333
0.5568252639191217, 0.8619195236686078
0.5565568951920099, 0.8591234224992036
0.5562231559215238, 0.8621320595818569
0.5580011367736732, 0.8630600816552105
0.5570530907911506, 0.8634942309538637
0.560340356206784, 0.8731020931967723
0.554932680375832, 0.8675120752055733
0.557103672230487, 0.860911767918998
0.5564296414849226, 0.8516856308803167
0.5561254518853598, 0.851216743575056
0.5592910279019251, 0.8491967774031168
0.5583937824430361, 0.8450503113352319
0.5587743063214696, 0.8431656400167015
0.5606696517308235, 0.8392498696747708
0.5607244809046117, 0.8409077948191406
0.5603018850826105, 0.8243026854982967
0.5619681328284275, 0.8256257939735449
0.5613640972354371, 0.8329470660191035
0.5595398504146614, 0.8385881570189738
0.5580253814892799, 0.8374634410107384
0.5530760225883717, 0.8384435104086221
0.5545917018856127, 0.8447662999635088
0.553535155262718, 0.8400161857417856
0.5537130752415667, 0.8363343557187214
0.5546869336317422, 0.8318524398747096
0.554434139978689, 0.8353839292378847
0.5550734556126145, 0.8338979061097109
0.5569082427587834, 0.8287821069622779
0.5608834190146332, 0.8249569089046587
0.5615113140322385, 0.8278893845898783
0.5633909285257757, 0.826539456862306
0.564500907085652, 0.8170168642839732
0.5671061649982042, 0.82541926755273
0.5658397147123524, 0.8320997180306049
0.5671059034045446, 0.8373347401665898
0.5662773368985246, 0.8395347365109913
0.5690654018731052, 0.844040431709851
0.5672646378166544, 0.8451025106693397
0.5643343889456022, 0.8483497437430003
0.564620051170619, 0.8503414564310704
0.5654024335627625, 0.8565204683346515
0.5633258476244765, 0.862082808805193
0.5634575506940467, 0.8542411752550383
0.5628739282353652, 0.8559527668956427
0.5622174621998557, 0.8486272039035656
0.5604913718708691, 0.8442597872678987
0.560302428272202, 0.8436950004537577
0.5592664980413382, 0.8559621688174905
0.5587467614837774, 0.8584192355751654
0.559053215186633, 0.8527997529883631
0.5581970083366513, 0.8479530382439897
0.5607577775600641, 0.8509661634156934
0.5575990873525438, 0.848137800467238
0.5575106406413892, 0.8480745840012455
0.5560252083871606, 0.8496424480369408
0.559908519184407, 0.8527869296252362
0.5607117817095496, 0.8535543927831796
0.5626412127764503, 0.8423608155456662
0.565467711362348, 0.8401256431066371
0.5643147257308236, 0.842396599824539
0.5629734957381985, 0.8347875071588815
0.5595299507498767, 0.8308672839211917
0.5604999331068132, 0.8378026646423997
0.5619919268823803, 0.8355999188870896
0.5634235888066561, 0.8346600004384019
0.5625506672259762, 0.842831035743087
0.5579012534168324, 0.8435596757936799
0.5590749916155996, 0.8427040529933187
0.5571748385766935, 0.8362177756288677
0.5597971909829431, 0.8325449557069817
0.5597299583960815, 0.835586267245584
0.5606568409911159, 0.8370817483804652
0.5604032801909726, 0.8361600354314698
0.5602484170670589, 0.8349875102799631
0.5591887057958376, 0.8293489890768557
0.5577222704082513, 0.8257020951410794
0.5582295506212059, 0.8226064478595347
0.5554873938538936, 0.8155348056458072
0.5540339234689566, 0.823783670436101
0.5540997879340838, 0.8253473446451112
0.5544342084770897, 0.8265244616367665
0.5579415328088867, 0.827525012718566
0.559535406274669, 0.8270382366192498
0.5590805393614586, 0.8275547339701598
0.5590373905619768, 0.8383993919582677
0.5605018054559523, 0.8398199837914714
0.5626985270022014, 0.8423391965486605
0.5615771238539617, 0.8426826660944322
0.5650148502952664, 0.8372639907830266
0.5632439429322422, 0.8391493280510298
0.5611116591252968, 0.8463445448081919
0.5587333514296923, 0.8407672331437579
0.5544615825630015, 0.8427700941956786
0.5535175091709282, 0.8412188416432365
0.5536628380656989, 0.8425448192399513
0.5522158216152452, 0.8412321387196335
0.5519770524688119, 0.8419114665349282
0.5515693579836409, 0.8493008623623703
0.5482923213327991, 0.8543075965011923
0.548483801646478, 0.8609137710612821
0.551619687632555, 0.858971767941696
0.550310598555586, 0.8604808425735113
0.5520968269993594, 0.8552928630932785
0.5495645211935474, 0.8524509536643817
0.5500370409513196, 0.8423965328905757
0.5493114586961101, 0.8425047582301033
0.5469753958031935, 0.8402231963710122
0.5492037359693775, 0.8455906713900724
0.5515058153609385, 0.8367104213147254
0.5514168434012127, 0.8283865293555295
0.5493411567782183, 0.8216411330874503
0.5508531535989442, 0.8213802785289228
0.5507075609721143, 0.8222980433407916
0.5532966760080398, 0.8261269128166904
0.5527011147244538, 0.8279425650530452
0.5537056873695445, 0.8229703115856857
0.5553381521437439, 0.8250603146050535
0.5534990555748902, 0.8159385357676581
0.5522677707222584, 0.8235579332418326
0.5517040626325111, 0.8255634263491561
0.5523829437776354, 0.8296326893827481
0.5510776017289011, 0.8285891785620235
0.5504215652560147, 0.8268430830808718
0.55127522522768, 0.8235595615358374
0.5496617174335368, 0.8296945987277781
0.5488094199443165, 0.8292519151392771
0.5464010737569672, 0.8289891129846051
0.5477175467511005, 0.829783763586296
0.5472705306291151, 0.8312414699969205
0.5490909085558242, 0.8264621035005068
0.5504652051786157, 0.8231778807561451
0.5503738894970721, 0.8304308192718024
0.5521446741274426, 0.8346492772878464
0.5540349335990538, 0.8400264735156405
0.556929332925612, 0.8351470172033595
0.557764293184133, 0.8401051046531807
0.5565547885881184, 0.8430098478926109
0.5563492524732163, 0.8402251689129004
0.5573274330679967, 0.8360228609351081
0.5562988501999616, 0.8373158518008108
0.5560668556778592, 0.8438009207326761
0.5581772158726436, 0.8410749750247554
0.5606497743739032, 0.8378233306177469
0.5580580950387134, 0.8383262724603467
0.5554974621433536, 0.8471245585008566
0.5577432257842195, 0.8453351146724064
0.5588044802031249, 0.8413742156527316
0.5604381838747319, 0.8436605863460217
0.5601308769676315, 0.8338076022563137
0.5596436228491426, 0.83236627398887
0.5616228983013024, 0.8267103404731293
0.5622069435322761, 0.8305395331072404
0.5590752701813757, 0.8300085860005572
0.5592263907936464, 0.8239875805436563
0.5603473039966401, 0.8233211878828077
0.556555468064855, 0.8209520848894227
0.557977439818533, 0.8171885502991959
0.5576456970809206, 0.8152054789090668
0.5580921887023416, 0.82775001439874
0.5578057962299703, 0.8346457207926792
0.5549334124819132, 0.8369251295124934
0.5529920275574068, 0.8334739325887993
0.5522279894086031, 0.83314876592929
0.5552225187731562, 0.8399440311985149
0.5549703445707732, 0.8390809975189997
0.5547537872446788, 0.8413862515444318
0.5563031128222269, 0.8470215504415242
0.5564688876518229, 0.8466239719654995
0.5552209980216471, 0.8412919445150504
0.558201508416506, 0.8412230555012986
0.5585901104404718, 0.8430679754039243
0.5579623229323121, 0.8458614628772331
0.5594133292685879, 0.8543628639120238
0.5550461859146335, 0.8460864051990908
0.5561275120354673, 0.8408757334004772
0.5591442524561856, 0.8326413325104243
0.5575638331526793, 0.8266134435424558
0.556947597250075, 0.8237453224989547
0.5587317493386028, 0.8257727483473982
0.5559350961869463, 0.8204694342646555
0.5566599111245631, 0.8110943855379098
0.5564897511689865, 0.8047185729049117
0.5584963555013813, 0.8008861921815414
0.5594438690018055, 0.8000578805505307
0.5584247861002698, 0.799796799283546
0.5563519633897964, 0.7970650879847362
0.5578576645633019, 0.8036167549191893
0.5550678070178033, 0.8022606496129374
0.553875693787331, 0.8078773516982777
0.5549469726759838, 0.8074415690063382
0.5560258418224843, 0.8172343355932827
0.5561191577810548, 0.8132647982571928
0.5554997687968524, 0.8107577421079426
0.553016273828004, 0.8036862424989799
0.5530063372311969, 0.8057320527481615
0.5544718117024297, 0.8095990558644358
0.5521827636402039, 0.8024937462970501
0.5526312616057815, 0.8067666573778787
0.5553535516674485, 0.7984317634606777
0.5568919366409256, 0.7986038335833656
0.5559337743961168, 0.7906063975593003
0.5573284041294995, 0.7994737234251845
0.554550254004787, 0.8001309238200773
0.5579921805380186, 0.8052449247937787
0.5582017689169414, 0.8014349288921447
0.5561775427075341, 0.8049448850793134
0.557087548212025, 0.8044887150274602
0.5594309777246935, 0.8017774597552899
0.5582971959822955, 0.8050511431041085
0.5538541217870978, 0.8024944227007303
0.5529958603022433, 0.8107732337911333
0.5517001368237804, 0.8076497185528388
0.5542768672285223, 0.8065423218285661
0.5536837327234062, 0.8097706018546287
0.552295611197153, 0.8108083811650346
0.5531205759087766, 0.8099098871146719
0.5537321295994716, 0.8086305213466473
0.5539550472314783, 0.8084352517808655
0.5536066790872907, 0.8135933734676438
0.5563338793553072, 0.8170715862489277
0.5586924845017188, 0.8091299700911085
0.5596876729593634, 0.8119521267921389
0.5587571174743057, 0.8063588286950095
0.5591910291327313, 0.8013266851021257
0.561169806462428, 0.7953310520986862
0.5619900515467758, 0.7972744100103666
0.5618181192491434, 0.8056095337676545
0.5612437897003862, 0.8093339376343447
0.5626742971227556, 0.8107003004627232
0.5633131397193462, 0.8090987496085393
0.5630603406588321, 0.8099441482778165
0.5647046680789511, 0.8062929034347359
0.5634646288463463, 0.8111416964899572
0.561328973456679, 0.8103221024514292
0.5600680980909494, 0.8127413652223963
0.5595591374974805, 0.8163336865451626
0.5625822159778263, 0.8111440694839847
0.5624587201753823, 0.8099304298861025
0.5613973365291383, 0.8007171354532275
0.5596121335034678, 0.7968003684469511
0.5553613533480306, 0.8003530974089017
0.5516846353856633, 0.7994513386217659
0.5541982873255368, 0.7999823881169597
0.555672331501046, 0.808839951825524
0.5559032015909324, 0.8074612911145221
0.556047769247428, 0.8013170519714423
0.5546244228545214, 0.8020582641264639
0.5546005026615886, 0.7997445129769796
0.5529448126678533, 0.7988344061840819
0.5519124489360534, 0.801280902963956
0.5537867223412845, 0.8010768843823696
0.553505877944916, 0.7996373830529283
0.551011218381398, 0.7997952529449972
0.5526298078268181, 0.7954239276390177
0.5532256831638424, 0.7960406004915996
0.5549063642187175, 0.7979523034115868
0.5536211553310048, 0.7983520756662428
0.5518433644516632, 0.8038425689366908
0.5503258829653922, 0.8042264517899091
0.5527990793442618, 0.7987773810470082
0.5519564439308411, 0.7967694155537183
0.5539888036798285, 0.79549070784889
0.5561152803886094, 0.7965826577355422
0.5544838117811304, 0.7962198637829202
0.5536965509472562, 0.7947176091531595
0.5516610785942738, 0.7897185439840908
0.5523578685201362, 0.7842871453179654
0.5538950925835741, 0.7781747764595923
0.5553885351916378, 0.779683191909552
0.5539842706100393, 0.7838039558704317
0.5541579425143592, 0.779914602565671
0.5542998172365383, 0.7689574308997804
0.5515429849771104, 0.764810044823854
0.5524738936278556, 0.7628177971381609
0.5535791014036259, 0.7660979179763068
0.5535642279012276, 0.7662576131509515
0.5529192763153338, 0.7697417696322918
0.55390469357139, 0.7711933394826348
0.5546305258873485, 0.7741265127332655
0.5544756267655128, 0.7721251692730037
0.5560300386904974, 0.774014034414763
0.5564206494288431, 0.7875501069550384
0.5595939667388217, 0.7911512976212387
0.5610731719751685, 0.7827045044676664
0.5572535597345983, 0.7873901023163804
0.5577890511491972, 0.7955789381412516
0.5571621829653784, 0.7991267076305948
0.5544107944609113, 0.7965121894978447
0.5544686282612219, 0.788610064485314
0.5549874321892798, 0.7905005553044211
0.5529336336700399, 0.799512576438372
0.5519208768728805, 0.8034370196915107
0.5509348626478634, 0.8016943482652211
0.5491032635932429, 0.8096525182401692
0.5535308500188354, 0.8095187452295475
0.554841628675103, 0.8074583177867588
0.555615319433629, 0.7988054289242283
0.5572457600726393, 0.805538688357616
0.5550071428590321, 0.8111545085435035
0.5557693479424002, 0.8085232591281549
0.5566631524792479, 0.7973604920937052
0.5566721989375251, 0.791737815722007
0.5602998591505954, 0.7921069568846594
p_std: 5.00, v_std: 5.00