v_std: 0.02, layout: hourglass, intruder: nonflocker, stepcount: 2000 
p_std, ratio
0,0.600106921921268,160.42183835779164
0.5,0.6614698361373974,159.99503549210922
1.0,0.6934398013295617,160.52120001161606
1.5,0.606210861753776,159.9976891572794
2.0,0.6489682249200039,159.89327672653428
2.5,0.6817035039272992,159.72116488176235
3.0,0.8822399636923117,159.847058083566
3.5,0.8788728060652231,158.46240727184002
4.0,0.8842624890396268,160.35037628513638
4.5,1.0670203091065211,159.8642754053538
5.0,0.906287750552306,158.6342601312754
5.5,0.8214076108071957,159.74179245831868
6.0,0.9597832498301659,160.34836356767394
6.5,0.9974000902914967,160.07968816794238
7.0,0.8983676271494839,160.063759452801
7.5,0.8284553381360977,160.62610559198131
8.0,1.1771432075152697,160.26604122514004
8.5,0.9164943380080179,160.23897916847875
9.0,1.0952025049295526,160.25231609722704
9.5,1.025805622191309,160.2801476691653
10.0,1.101770678294051,160.62039990859842
