v_std: 0.04, layout: hourglass, intruder: nonflocker, stepcount: 2000 
p_std, ratio
0,0.8459450733375858,160.3206521779407
0.5,0.8993670513491764,159.8219570220786
1.0,0.9380919237951132,159.80079349189617
1.5,0.8915732181451371,160.57954199937672
2.0,0.7683298709138197,159.69507053833115
2.5,0.9255890536704307,160.0056949920379
3.0,1.3656426895024736,159.97375853247473
3.5,0.7659128859978763,159.74657552126266
4.0,0.8074186692415477,159.8679473137798
4.5,1.1488674983937426,159.37151562924075
5.0,0.9559099895263747,159.75009481580506
5.5,1.2089381392223169,160.5444707075488
6.0,0.8278319800710428,159.78539708188828
6.5,0.9838889642815131,158.88236787689112
7.0,0.7011392209606484,160.34755331150532
7.5,1.163693679073757,160.1853325892584
8.0,1.2144146315394202,160.3693892027082
8.5,1.078843052971028,160.12333519172904
9.0,1.1545406673983716,160.22519035326164
9.5,1.0619973987061972,159.93304981598374
10.0,0.8584972030015436,160.33467690390157
