v_std: 0.01, layout: hourglass, intruder: nonflocker, stepcount: 2000 
p_std, ratio
0,0.23795547371579165,160.37124138709763
0.5,0.4698775622063694,160.03688463755006
1.0,0.3615539481480657,160.28974807724873
1.5,0.29421119422899805,160.1409667699298
2.0,0.3314698388814889,160.3095051876751
2.5,0.5295671812909706,159.78188899726803
3.0,0.4355935044299412,159.9846144224989
3.5,0.38781236001502256,159.9560030093206
4.0,0.36753849614208023,159.85184294302204
4.5,0.38376477917447527,160.17791949659264
5.0,0.5233540090859724,160.04868683482184
5.5,0.5652817424964653,159.0543243171015
6.0,0.7373687426425493,159.78882347977964
6.5,0.6412077610195693,159.01946012172382
7.0,1.057869510586969,160.29948866528693
7.5,0.8550786723516036,159.8387002120295
8.0,1.1862212550879974,160.11233516180823
8.5,0.5934599041455102,160.0960536221796
9.0,0.75098589479932,159.56242322130123
9.5,0.7073475069848065,160.63900811338848
10.0,0.7217319838771575,160.36000127244134
