v_std: 0.00, layout: hourglass, intruder: nonflocker, stepcount: 2000 
p_std, ratio
0,1.0130975742375768e-14,160.21066019338477
0.5,0.056119667778711156,160.27171877051222
1.0,0.07934908364115098,160.11121941848026
1.5,0.14475198036156023,159.5931434054566
2.0,0.12050627627084978,160.1899008816831
2.5,0.15136835640678095,158.39558056406725
3.0,0.42702957674843645,159.6922474000446
3.5,0.34280157530534255,160.2870918436796
4.0,0.273813325808864,159.07746858153314
4.5,0.9693883584974926,160.10137107821757
5.0,0.6279966400286175,160.21649594693463
5.5,0.3739549631927957,159.9114174038339
6.0,1.077983179133111,160.2661327986768
6.5,0.6826845105316717,160.32554163239223
7.0,0.6413865299720303,160.17128230226882
7.5,0.4329190018080502,159.12086459528697
8.0,0.7682621540125188,160.17645528305877
8.5,0.6981676992241366,160.33033039413476
9.0,1.061207027634594,158.39596019823873
9.5,1.1883262446752927,160.4053545351428
10.0,1.396991517385938,159.95525040491484
