v_std: 0.05, layout: hourglass, intruder: nonflocker, stepcount: 2000 
p_std, ratio
0,0.7061065539955055,160.11418384666868
0.5,1.1680970073947543,160.2287438442281
1.0,1.0646082194196824,161.01064849538844
1.5,1.0474081273242961,159.82083088046824
2.0,0.9845917192774235,160.07351740749917
2.5,0.6157865871797259,160.31389300648456
3.0,0.8554208534323752,160.2444938474503
3.5,0.9633000786253413,159.5939358024082
4.0,0.9715379050299839,159.0591839135593
4.5,0.9278561999193404,159.8015118238696
5.0,1.01112446754289,160.00640695827832
5.5,0.7749505103901317,160.31439550844058
6.0,0.98836471786747,158.0495024024283
6.5,1.1039131150344883,159.8884410708975
7.0,1.0386271315825044,160.09221649424552
7.5,0.8101414223533139,160.69851388689594
8.0,1.046733447020965,160.35267369466933
8.5,0.8347776217951924,159.94723694823827
9.0,1.4514275017356841,160.4053166245865
9.5,1.1087878949427241,160.32339040577776
10.0,0.9517847904607555,160.29399968270943
