v_std: 0.03, layout: hourglass, intruder: nonflocker, stepcount: 2000 
p_std, ratio
0,0.6953106192894221,160.46093857160983
0.5,0.4195135115764067,160.11335718604485
1.0,0.8593615636699012,159.81370849866417
1.5,0.7008962110569549,160.57690372206156
2.0,0.7752216685491492,160.20868701123715
2.5,0.9343354791831759,160.0971025749075
3.0,1.0929674562710765,159.88173254166784
3.5,0.633282791665975,160.0285852857282
4.0,0.9999457000749411,159.4636223951683
4.5,0.8883236203639928,159.8406684778246
5.0,0.9053000559214165,159.46237349073783
5.5,0.6607199929332587,160.20039458865116
6.0,0.8042112570560279,160.15101183282235
6.5,0.697638548835088,159.88766579139136
7.0,1.0099163071901347,160.10960716534095
7.5,1.1197968754961387,160.28912335559588
8.0,0.7932751712485827,160.14315486005785
8.5,0.9604792893541758,160.37399831728388
9.0,0.9439438686787297,160.5807780319938
9.5,0.8316143166393741,160.21086025225975
10.0,0.7583055772188967,160.13876480454715
