v_std: 0.09, layout: hourglass, intruder: nonflocker, stepcount: 2000 
p_std, ratio
0,1.0509381110928269,160.1149521411848
1,0.9528664791891224,160.05897749235777
2,1.030501092072133,159.51782656867755
3,0.8485265362479294,160.43860762299536
4,1.0051023879683534,158.49101902920904
5,0.8972923128834029,159.93158978645602
6,1.0092406494343755,160.14732779890943
7,0.8683104759998654,160.08268602563058
8,0.842712093526053,160.45131943209185
9,0.9927609973194639,159.60655616388703
10,0.9176792820418531,159.83131951216853
11,0.7762061490986478,160.21490612405597
12,1.607581647447099,160.2144267267611
13,0.9214239695148335,160.49822813276847
14,1.1235478126617369,160.50155387433307
15,1.359446491693607,160.56612951586035
16,1.0320090166408071,160.39120363698223
17,0.9993706919920999,160.27669390062508
18,1.1188670588690304,161.11125335607278
19,0.9825643021616993,160.79704761993756
20,1.295880591274118,160.21153141458723
