v_std: 0.19, layout: hourglass, intruder: nonflocker, stepcount: 2000 
p_std, ratio
0,1.0026885399949663,160.36467305991812
1,1.2657190811381493,159.76617704636513
2,0.7596692045064957,160.47529353831928
3,0.7688398494141769,159.44364900112564
4,0.7807858894188392,158.02617781907796
5,0.9355981895021979,160.22958159040377
6,0.7523357440699479,160.31874400077012
7,1.1813585112503917,160.323547802419
8,0.6407826216718044,160.11787193746423
9,0.8514890912903785,160.5573773675169
10,0.9600987521463793,159.1748669170908
11,1.1481685705352669,160.1423707710895
12,1.3681210879993888,160.20024431503822
13,1.1149477932334437,160.39833016822237
14,0.824259489367156,160.10342151571734
15,0.8327760155134335,160.4824420892043
16,1.1297491977983192,160.49592038117058
17,1.3809333524078105,160.34282184813412
18,1.2447051345318347,161.05959682210155
19,0.8519273937405553,160.62936273622697
20,1.4431834334423352,160.2326891046746
