v_std: 0.17, layout: hourglass, intruder: nonflocker, stepcount: 2000 
p_std, ratio
0,1.093625732951258,159.9991504451178
1,1.0719401822041528,159.92052575088195
2,0.9903216238812147,160.29687196995258
3,1.1308024419950489,159.23772613532725
4,0.9187903553805973,160.3571937381221
5,1.0494224331158446,159.57140392202626
6,0.7374536395484861,158.58746774276176
7,0.8626794063910571,160.00536872186976
8,1.2615591939213455,160.3565147198956
9,0.9023451687677494,160.46912539069666
10,0.9263146918640988,160.54475218060824
11,1.3199337058711251,160.31207243461392
12,0.6930401768974854,160.2027889239241
13,0.9622516735735994,160.5001162576763
14,0.8632883835936003,160.320443321911
15,0.8641952144463324,160.34395028121742
16,0.8760970400660968,160.44345759289772
17,0.8603419154387171,160.09086197704966
18,1.0602098177807848,159.89959872958283
19,1.1232614499431932,160.45979184265738
20,1.2428189996009196,160.564823769633
