v_std: 0.16, layout: hourglass, intruder: nonflocker, stepcount: 2000 
p_std, ratio
0,0.9770315807753813,160.11853773034358
1,1.0344562576721759,160.19745374428737
2,1.0593269936544227,160.29377238279594
3,0.9858010112005737,160.3150883330996
4,0.9623989134370913,159.93233170874393
5,0.9649630974006518,160.10605894115184
6,1.2993404094905556,160.18618340612653
7,1.0337526583817382,160.71614739940026
8,1.03145660729182,160.50198358005989
9,0.8732957932135987,160.16295019094716
10,1.1652946752852544,160.4698417255179
11,0.928020006630223,160.29238113150888
12,1.5696145603307474,159.84118570614757
13,0.7843074461694145,160.71777000573317
14,0.829376871811882,160.31785280487543
15,1.2828838319671558,160.76479547257705
16,1.5907890751540468,160.51787036655747
17,0.8075937742685774,159.9139339358104
18,1.0322968167588868,160.51140199508632
19,1.683642179447122,160.33751608453002
20,1.179200414880934,160.59067698576538
