v_std: 0.15, layout: hourglass, intruder: nonflocker, stepcount: 2000 
p_std, ratio
0,0.8583039373696437,160.2289797766043
1,1.0507034310757362,160.32952781754665
2,0.9316398530919788,160.473264994273
3,1.0114129179378217,160.2523291723297
4,0.6363616504413522,159.8967844020216
5,0.9824095715681429,159.78732705724747
6,1.0049619443745386,159.63746551802075
7,1.0511088581148953,159.91729650962358
8,0.8635803292449716,160.40028666152762
9,0.9655233821493041,160.1155115065604
10,1.055682153869613,160.2671322214005
11,0.9835303904020618,160.063894312018
12,1.3896972848109002,160.5704057505011
13,0.8110846078368198,159.90546050145704
14,0.9183038684440018,159.99238580063528
15,0.8067672229569107,160.04166508621003
16,0.9278606299196381,160.55422806477233
17,1.017062510904698,160.97501854142445
18,1.1383846577072068,160.1053711723364
19,1.1709528400651148,160.39995548438654
20,1.2493244514580535,160.0618185280037
