v_std: 0.07, layout: hourglass, intruder: nonflocker, stepcount: 2000 
p_std, ratio
0,0.9595259230938908,159.9867663196813
1,1.089051576598058,160.07946149235738
2,0.9486548006931206,159.76359555004336
3,1.3666242690107517,159.23436281625357
4,0.9688948894690512,159.57633214410563
5,0.8909256012688705,160.34072946024108
6,1.1817155599673392,160.27178864747017
7,0.9426454521403211,159.45961860938488
8,0.9723018898659102,159.89248582653576
9,1.1770967864815676,160.2997431536167
10,1.1879672503097023,159.43101973209252
11,0.9246399785541999,159.93305263185655
12,0.891147062189094,160.3761762085734
13,1.0548936295268478,160.856056449065
14,0.8528301698042711,160.28720015583784
15,0.7878439557834609,160.3978443181544
16,1.1635484919773582,160.86878663221796
17,0.9397577749322245,160.38693274419083
18,0.9166618137770944,160.61065306308114
19,0.7084576825252094,160.08656809768985
20,1.6100266312399367,160.7745470218362
