v_std: 0.03, layout: hourglass, intruder: nonflocker, stepcount: 2000 
p_std, ratio
0,0.771847174679644,159.9096776964317
1,0.6952188746542831,159.6504574880077
2,0.851198509355297,160.36543720175482
3,0.61508804806389,159.75952842163642
4,0.9629492688217599,159.90382390959536
5,1.173432738368841,159.87540621551796
6,1.1164655369343732,160.4064746155454
7,1.1767052267727438,158.27653881314168
8,1.0014848071664328,160.20755969502247
9,0.7798676979212389,160.50731693721386
10,0.7286065570418941,160.20418906472847
11,0.9111910802031684,160.64366245170916
12,1.0793756519417732,160.32605335137802
13,1.4151982809665624,160.1933213406887
14,1.053568175982007,160.0986492068332
15,1.1574265900342509,160.26520537784904
16,0.726865627310342,160.0022268248904
17,0.7929920667073047,160.7260586471843
18,0.8256821654825311,160.6253262066996
19,1.0525217775848767,160.33956350831733
20,1.1688947845804454,160.2899061315445
