v_std: 0.12, layout: hourglass, intruder: nonflocker, stepcount: 2000 
p_std, ratio
0,1.1843757651725468,159.98828815305188
1,0.908919623986291,160.17283997024563
2,1.297846107374009,160.11242818094703
3,0.8763351713420694,159.73931272824328
4,1.2594891293886914,160.06622882698161
5,1.1248650240077835,159.65237929597242
6,0.8671427730122317,159.30403613495892
7,0.8680211694789791,159.99191815337917
8,1.1455986301095318,160.19192503941895
9,0.8386633020507356,160.4061299937697
10,0.9320505530389702,160.03218588956074
11,0.7053811182805934,160.54363115427606
12,0.9559427528916308,160.2827124716639
13,1.2466051740116255,160.63145757699718
14,1.1029210775234841,160.75216212325185
15,0.8055718998947736,160.46510342341563
16,1.047985004294184,160.3937946020903
17,0.9396266928548809,160.23441041718323
18,1.3049017462993833,160.4514542485857
19,1.091939960487734,160.4847516929327
20,1.0589331563643676,160.6214612601493
