v_std: 0.04, layout: hourglass, intruder: nonflocker, stepcount: 2000 
p_std, ratio
0,0.7484472568122047,160.25557668818274
1,0.89853504028083,159.92219426894127
2,1.1026378899846685,160.04235421300936
3,0.7297829038665005,159.4391455899539
4,0.7488627763236007,159.85643854511608
5,0.93052744051466,160.01163560479472
6,0.7655752582901678,160.10823920125986
7,1.1497044269372916,159.91476999272552
8,1.4720076648691465,160.51505149443543
9,1.1662420568862584,160.2373741122088
10,0.9123124599642776,159.28270681237277
11,0.937192092213109,160.326404851352
12,0.86184075773694,160.19913627425416
13,1.0911380317511856,160.53934561733539
14,0.8412875984921874,159.89305138722327
15,1.2643978195886028,160.14692061549104
16,0.9490262572297272,160.1184270038508
17,0.895157138234013,160.4587538525066
18,1.0818860298050532,160.395283104554
19,1.1045696445418969,160.68844092302672
20,1.5054340322394981,160.50545807599912
