v_std: 0.10, layout: hourglass, intruder: nonflocker, stepcount: 2000 
p_std, ratio
0,1.1237746319002628,160.14736749840702
1,1.1634417322126287,159.88041535222493
2,1.0587766462249861,159.95972764483767
3,0.684477620234546,159.79693383867803
4,1.5734392959879715,160.43391226552384
5,0.8024873472030934,158.5526550146983
6,0.9906648006659455,160.01909201472927
7,0.9814692898166253,160.11816569351328
8,1.1900803292432796,160.20983131944766
9,1.2293450994069617,159.87451934907446
10,1.100908770830903,160.30057358586615
11,1.4140999979232138,160.0718180457626
12,1.2373787711650825,160.37658263053356
13,0.9216896625291239,160.35484089823808
14,1.1408162548746215,160.6563732803895
15,1.0910593412571223,160.67893019483384
16,1.0932959702643126,160.2688861478457
17,1.085306610536814,160.28256454590763
18,1.286535611370797,159.95553862801574
19,0.9762390156129411,160.04183734170186
20,1.0014341807295177,160.43819171183048
