v_std: 0.18, layout: hourglass, intruder: nonflocker, stepcount: 2000 
p_std, ratio
0,0.9132869774660148,160.34277944946672
1,0.7268613455583903,159.71371136157092
2,0.7912614449751663,160.39563351986487
3,0.8686739290730446,160.02475778375845
4,1.0788009559129617,159.83707026483341
5,0.9844811255293924,160.09634688835064
6,1.2037558536312065,159.44501396954135
7,0.9498497007411713,158.86825345903475
8,1.1668455032464686,158.67047575566548
9,0.7752342420300163,160.2124527530149
10,1.4105590442432714,159.95906661976144
11,1.160110675730649,160.64651061362588
12,0.9860515919866522,160.45915586513414
13,0.9326066862634096,160.61781608663077
14,0.8267013891525554,160.44360993827843
15,0.7322203426367915,160.76792426704785
16,0.7307724100160935,160.47351546182222
17,0.8251352484246803,160.6970608628053
18,1.0518119349607762,160.16778296817628
19,1.0411745841079623,160.56924099353134
20,0.9807133423866898,160.60138865730235
