v_std: 0.06, layout: hourglass, intruder: nonflocker, stepcount: 2000 
p_std, ratio
0,0.7531783779069465,159.9747372755912
1,1.0349566468467135,159.98044804389224
2,0.7658031364925515,160.4131887024829
3,0.9003724438015074,158.83643328185155
4,1.2137941467700368,160.26678132231947
5,1.1974160601761015,160.75449262186737
6,0.8055321791419168,160.28534401708586
7,1.0435610637583324,160.38257253453835
8,0.967821450970904,159.8405955178717
9,0.9426991528457379,160.539054656672
10,1.4552897312743096,160.5466827147766
11,0.8455018864854781,160.42876776247215
12,1.2169938877568276,160.83133248975452
13,0.9725177110006981,160.7712514392458
14,1.136876057751853,160.93586292486503
15,1.0099463951210466,160.06284091877694
16,0.8787323156707777,160.02490892143715
17,1.073971650017217,160.08609386605758
18,1.0577983336039405,160.62419316753136
19,0.9781792258528654,160.5895474593914
20,1.1365090965345768,160.66083446143955
