v_std: 0.11, layout: hourglass, intruder: nonflocker, stepcount: 2000 
p_std, ratio
0,1.0180898465553558,160.07894379877212
1,0.8796869472584035,159.97084001470577
2,0.9753199403165603,160.0727775818463
3,1.0112666093072655,159.52809317321555
4,1.1296097587712153,159.4136553262484
5,1.1917464789858425,158.500427004924
6,0.8896575827240262,160.30659404469154
7,0.8777572690521539,160.39971329167136
8,1.0913930783259786,160.1293636568612
9,0.7464658497871356,160.0731665257382
10,0.8758754018361269,160.42075376025227
11,1.0121336207235279,160.30956298402245
12,0.9857507009400519,159.63328263441952
13,0.8442845140329303,160.48700762360892
14,1.748614848053748,160.4140433517804
15,1.131977336682081,160.18247260193542
16,0.8323495949964759,160.64927106461772
17,0.9163009899185585,160.14971649187476
18,0.9530818028750502,160.8891266983843
19,0.9084720546446771,160.47960153951516
20,1.4148851925320334,160.0065884551332
