v_std: 0.01, layout: hourglass, intruder: nonflocker, stepcount: 2000 
p_std, ratio
0,0.39686842717654053,160.28923918708335
1,0.31758126109021373,159.65561484299434
2,0.8468537140250229,160.04083878554923
3,0.5667960632857436,159.7936697765759
4,0.6138588431825651,160.0295811418848
5,0.7263800791744438,159.77194267718818
6,0.8277784981378549,159.62739382842074
7,0.9407318470361977,158.44034785914513
8,0.5851405119838432,160.12796160080646
9,1.3285768756027827,160.2354912205706
10,1.1763040278617587,160.08971990003832
11,1.2460759861083002,160.08010034800378
12,0.8566923297035455,160.5180848027795
13,1.1934459263951929,160.31884542023408
14,0.7251762250061634,160.37421005704806
15,1.0614493050671823,160.5515289730277
16,1.1983733938696053,160.69297459371623
17,1.4107048654960048,160.55340168504665
18,0.8947135639860515,160.46211367932898
19,1.1996288543001816,160.67656297571222
20,1.9651004399367598,160.6108962706557
