v_std: 0.00, layout: hourglass, intruder: nonflocker, stepcount: 2000 
p_std, ratio
0,1.0130975742375768e-14,160.21066019338477
1,0.18819930213456804,159.63768279233037
2,0.2415416857186641,159.51577258703963
3,0.32478620344770776,159.86407631940074
4,0.38483251719225064,160.25282039484043
5,0.40879337281654315,160.58942669811387
6,0.49710159758280054,160.14117290493465
7,0.6403030852809111,160.11959050732307
8,0.7221498453116497,160.35277170405007
9,0.6609681713798305,160.01800227863916
10,0.8999296755542384,160.21355119093656
11,1.0247775024848111,160.62421121915176
12,0.855861707748563,159.52197221130598
13,1.3446926280482743,160.58466635043348
14,1.4970938308146435,159.84234971090626
15,1.4350604056526373,160.18782809879147
16,0.955354476695323,160.3945046357996
17,0.6912991759055374,160.2685642357961
18,1.1743832738879176,160.46114577525682
19,1.3528678310536872,160.22335589979613
20,1.318056962742023,159.79737399346658
