v_std: 0.02, layout: hourglass, intruder: nonflocker, stepcount: 2000 
p_std, ratio
0,0.46580802935097865,160.25955941294706
1,0.8051694571591274,160.04883041975538
2,0.7458575846385609,159.63592121721734
3,0.7280736556535374,160.23742031910123
4,0.6490460499745897,159.99699453700424
5,0.6448188708388273,160.14418846595146
6,0.9425898765447144,160.6282344239101
7,1.0422456028503855,160.39280219551603
8,0.9275811398997811,159.81428337869804
9,0.7319985735094464,159.87041602171806
10,0.7417444775495784,159.80268405529694
11,0.6641790995569079,160.49923612115919
12,1.0685947001457363,160.6442097062919
13,1.1998886584454524,160.29321934219374
14,1.046543839512017,160.77409414206798
15,0.7901636585887105,159.93636190486504
16,1.1271157657565078,160.4693496894671
17,1.2072048767606591,160.00029840399196
18,1.109644941592747,160.35366534058764
19,2.038215343353896,160.22821678947344
20,1.1565254383307344,160.66467838597836
