v_std: 0.20, layout: hourglass, intruder: nonflocker, stepcount: 2000 
p_std, ratio
0,0.8699060450551199,159.3513474093291
1,0.6866613345116513,160.22738675931947
2,0.9039339207629635,160.37925742886026
3,1.0820751586066035,159.90989664153182
4,0.8378124498143901,159.81109230524763
5,1.1117925815543384,160.24814614362788
6,0.7463541739536151,159.9557468797908
7,0.975226674476424,159.62999503458605
8,0.8414827132623723,160.30221386479974
9,0.9116262105144851,159.88619511541387
10,1.1827715944475197,160.7349643464703
11,0.9903983179581302,160.4130146664751
12,1.2491936166795727,160.44543585677368
13,0.9215880568643027,160.45800958463315
14,1.6217697456736588,160.58154708901012
15,0.914114541205701,161.12498897151204
16,1.232748080188515,160.63817887243846
17,1.0696738898645424,160.09063577983224
18,1.0977325344608768,160.3226967053124
19,1.0752810706260165,160.16213232595877
20,0.6822217017565299,159.9426287739231
