v_std: 0.05, layout: hourglass, intruder: nonflocker, stepcount: 2000 
p_std, ratio
0,1.1217069341538293,160.27870175037944
1,1.14919655240084,160.11176746489235
2,0.6789560463382942,159.5025765375166
3,0.8990148809615626,159.75944870299173
4,0.8509067092739636,160.17216510622913
5,0.7961177245880374,159.62404440767605
6,1.0693691789814495,160.48830738194607
7,1.0073380857869916,159.9120203989464
8,1.341155151810839,160.31999358854364
9,1.5541574667852398,160.00386421977808
10,1.1956717977755902,160.6244786626905
11,0.8939213915724463,160.33449409661006
12,0.9147062076359094,160.5106601912818
13,1.1895745153368862,160.54525784086178
14,0.9197054817998993,160.4967628701495
15,0.8935477395274941,160.20140165294717
16,1.2389710908221094,160.3555973498074
17,1.2656417363820671,160.2853691525669
18,0.9528489268124132,160.68994826339758
19,1.448528851713535,160.34132502667057
20,1.1378499253982188,160.28645667093753
