v_std: 0.13, layout: hourglass, intruder: nonflocker, stepcount: 2000 
p_std, ratio
0,1.010032457397961,160.0787205715796
1,1.1188940663832583,160.26291782540022
2,0.8683190234719547,160.25834779135354
3,0.9220075850972027,159.77887853331944
4,1.1475816737161924,160.17612628545356
5,1.0006188978119674,159.78316565051753
6,1.0537346077919165,160.1123924750076
7,0.9623196259536028,159.44683052799616
8,1.0604553840958308,159.93375295814175
9,1.0208405514170593,160.4644363403872
10,0.9229139655076155,159.88329671142773
11,0.9191458646171302,160.72282085219092
12,1.1638582477052404,160.0416550545475
13,1.2322878231948842,160.23834542819142
14,0.8908449415268876,160.63889797309716
15,1.4614625102711807,160.78704038116723
16,0.871938085393884,160.75809847401968
17,0.7748547318947933,160.54043091800656
18,1.1903560862503368,160.1924481229092
19,1.1573434779028848,160.32206239979246
20,0.825313261582014,160.41079776145574
