v_std: 0.08, layout: hourglass, intruder: nonflocker, stepcount: 2000 
p_std, ratio
0,0.9086898605175339,160.29621976546173
1,0.9528125107191477,159.81905476884137
2,0.8168790422400575,160.11223329242412
3,0.8555460734246176,160.11488923597304
4,1.1249376450237931,159.55002570038386
5,1.0175513367228428,160.13533994368595
6,1.155538029668442,159.9509165731899
7,1.461896650488741,159.23515976104406
8,1.0811831369859688,160.45122828853405
9,1.4591111142546713,160.4023805320991
10,1.070362501052239,159.72869106038019
11,0.954056856412152,159.81887803428444
12,1.0265929021839908,160.05124948025113
13,0.8132740003668507,160.28242110032656
14,0.886230831887364,160.51914760390142
15,1.1233855084664597,160.6004059544107
16,1.2873486156253369,160.42334736636846
17,1.6864373763933498,160.7513735964089
18,0.9872746365408267,159.92111052996546
19,1.3211860638460402,160.7507689778197
20,1.1340030119937479,160.47752335036702
