v_std: 0.14, layout: hourglass, intruder: nonflocker, stepcount: 2000 
p_std, ratio
0,1.0311578825014192,159.74457027318203
1,1.0425482300051796,160.2013578786787
2,0.9939271994381857,159.797870893233
3,0.9357696811428915,158.9676861515635
4,0.9705037203260318,158.28946584427965
5,1.128353689108589,160.21077812660658
6,0.8464402265381281,160.24608443241777
7,0.8586899877363134,160.02417351426755
8,0.8983888577990994,160.27955211439948
9,1.2054036385434372,160.37636165586184
10,1.0980282392931626,160.0139781594823
11,0.7663182844059389,160.12316684629246
12,0.9729909604724438,160.63404277033862
13,0.9491474010639533,160.5183978171628
14,1.115851439756506,160.63391130814918
15,1.2101239542279434,160.2804693463733
16,0.8441976885523745,160.31334335585285
17,1.3415108154209743,160.75074127071116
18,0.8543559585437985,160.08426261865884
19,1.0804389284490516,159.99070180427606
20,1.1387476232919738,160.36445207467696
