v_std: 0.70, layout: hourglass, intruder: nonflocker, stepcount: 10 
p_std, ratio
0,0.19695176365357378
1,0.1970823366744693
2,0.24493819454278037
3,0.2654274584932817
4,0.3092102102702209
5,0.42895370921946757
6,0.4249752287791472
7,0.5146920584461829
8,0.5669795172745623
9,0.6244565711960999
10,0.6969525226781316
11,0.8901767008741278
12,0.8692198488959743
13,0.970203720046929
14,1.0147525928648893
15,1.0468485705969837
16,0.9608100782081616
17,1.1405751824663986
18,1.1874096140492802
19,1.2094043077713188
20,1.138766425669161
