v_std: 2.00, layout: hourglass, intruder: nonflocker, stepcount: 10 
p_std, ratio
0,0.45477188039821437
1,0.5341453643597008
2,0.5080726194047697
3,0.5004895180483994
4,0.6092412627503839
5,0.6281856010656284
6,0.6497950069866827
7,0.6109903805085991
8,0.735687182448205
9,0.669727248597543
10,1.0546276204263119
11,0.8965944069569933
12,0.7832793126871984
13,0.9419295058353454
14,0.9966401889137798
15,0.9899307948727117
16,0.9139136329908522
17,1.2370061670602595
18,1.1588267660298939
19,1.1427016199505828
20,1.1581710270939025
