v_std: 1.00, layout: hourglass, intruder: nonflocker, stepcount: 10 
p_std, ratio
0,0.2764533521317474
1,0.2730035155796161
2,0.338121480817126
3,0.2983485704190417
4,0.40451115450148073
5,0.4395063101420721
6,0.460247613906433
7,0.5493350822587508
8,0.5333451927581537
9,0.6510681925389487
10,0.7349502870195295
11,0.7075658691120756
12,0.8252690445411747
13,0.951739719580047
14,0.9972632829430623
15,0.9377573704202862
16,1.1367122461340469
17,1.1464724212394033
18,1.1810287407929345
19,1.2258001170565456
20,1.2022693794838613
