v_std: 0.30, layout: hourglass, intruder: nonflocker, stepcount: 10 
p_std, ratio
0,0.08680867387507524
1,0.10532833434809297
2,0.15330365432254917
3,0.21252610957157744
4,0.2597396612809979
5,0.31495400901615317
6,0.3431344323063769
7,0.4823187480515681
8,0.5300268793630504
9,0.6295283446363679
10,0.6312040883481279
11,0.8583286682045188
12,0.8528499129603762
13,0.9506992316225559
14,0.8829259693181154
15,1.0415678007940468
16,1.187374633187905
17,0.9661524142495618
18,1.146956678579292
19,1.0544429338894283
20,1.2856096661916874
