v_std: 0.60, layout: hourglass, intruder: nonflocker, stepcount: 10 
p_std, ratio
0,0.16959293035625117
1,0.19134992546823476
2,0.2127145221025752
3,0.2504926705972115
4,0.3021225642307223
5,0.32047244351684745
6,0.4190050907400997
7,0.5092858726025395
8,0.47950879897622134
9,0.6576571263542449
10,0.654686371995361
11,0.8479654477692607
12,0.8668703692418941
13,0.9055612081268092
14,0.958168453468709
15,0.8185833339081718
16,1.2929896105671244
17,1.0963273303774301
18,1.391080427800442
19,1.5829677211906792
20,1.130321862914444
