v_std: 0.00, layout: hourglass, intruder: nonflocker, stepcount: 10 
p_std, ratio
0,1.914382194330696e-06
1,0.06027321500018937
2,0.12474766647462905
3,0.19020433837354458
4,0.263385693360115
5,0.3231519025048005
6,0.3653363660069859
7,0.4685184799874992
8,0.574466419344169
9,0.5386066709477332
10,0.7037696107686161
11,0.8076277720679894
12,0.9185970861284531
13,0.8364106396098826
14,1.177720876840031
15,0.9542465677343301
16,1.256249489940048
17,1.1547151844280783
18,1.1738533902892851
19,1.2631965613049154
20,1.3577027260906418
