v_std: 1.40, layout: hourglass, intruder: nonflocker, stepcount: 10 
p_std, ratio
0,0.3454487927506393
1,0.3675512851644388
2,0.3731615325190611
3,0.4238332019589368
4,0.4436942582318888
5,0.42094400750647976
6,0.5878825494412844
7,0.6135872398008626
8,0.7679290075995605
9,0.7465025411686315
10,0.6326378244370616
11,0.8635007805603556
12,0.9848002192477963
13,1.0527794484695592
14,1.0168619003450405
15,1.0750553766777415
16,1.1789427703079491
17,1.2227330611239993
18,1.1211944758808585
19,1.0483587411658706
20,1.4053340533629357
