v_std: 1.20, layout: hourglass, intruder: nonflocker, stepcount: 10 
p_std, ratio
0,0.3372656890413148
1,0.3641216351514104
2,0.32675379372808894
3,0.3174154022120313
4,0.4418831584712294
5,0.4356444108151453
6,0.4502564645650426
7,0.6390149218688944
8,0.5822698970679289
9,0.5841356531601927
10,0.7209989973466812
11,0.8091557314835907
12,0.7290510968154574
13,0.8952661704968248
14,0.9445962216253087
15,1.0209109093268591
16,1.0400027294829473
17,0.9319775544869418
18,1.0938738039312002
19,1.0197638196505971
20,1.2320830674657088
