v_std: 1.70, layout: hourglass, intruder: nonflocker, stepcount: 10 
p_std, ratio
0,0.47196952993889146
1,0.4339015299300806
2,0.45213648841671006
3,0.4897410874639477
4,0.5213502184904103
5,0.6188559782995046
6,0.6032480208635447
7,0.6072856134809987
8,0.6966842475500804
9,0.5837771881099101
10,0.776972469110741
11,0.921288760450432
12,1.0123123423700204
13,0.9265049634999106
14,0.9245473113449465
15,0.9438392005869588
16,0.944988333952693
17,1.1003485747541002
18,1.2239868054546659
19,1.1627293832682521
20,1.165416434525091
