v_std: 1.90, layout: hourglass, intruder: nonflocker, stepcount: 10 
p_std, ratio
0,0.46264706543685125
1,0.44458319862016066
2,0.4311584336958435
3,0.5641723058900907
4,0.5459688494769602
5,0.5820157510960295
6,0.4855923701834314
7,0.6850046111945467
8,0.6719128461349569
9,0.7702236750220309
10,0.6981219071530507
11,0.7519411137317961
12,0.9579428232314036
13,0.9346712764363074
14,0.9060764414915456
15,1.1525833812056898
16,1.1317954075121404
17,0.896616616161522
18,1.0514718887896235
19,1.195451463541751
20,1.1126106258089279
