v_std: 0.01300, layout: hourglass, intruder: nonflocker, stepcount: 2000 
p_std, ratio
0,0.5185714082546782,160.27235819365154
0.3,0.5890837469236467,160.24862469742442
0.6,0.3630832411524675,160.28767648858528
0.8999999999999999,0.6517062475818614,159.9271790491645
1.2,0.480476753021995,159.92511486518188
1.5,0.6271606721326731,160.0445744074569
1.8,0.6471301064795923,160.34051281874122
2.1,0.9037122994822263,159.81040018821724
2.4,0.4903808445642591,159.6773302281399
2.6999999999999997,0.7100485617117873,159.3108760079836
2.9999999999999996,0.5359966473010408,160.2603819908192
3.2999999999999994,0.5528551947197007,160.46063718595158
3.599999999999999,0.6025695287430965,159.77706044164398
3.899999999999999,0.5303783769431438,160.45311088928477
4.199999999999999,0.6939298360401941,159.07041069113143
4.499999999999999,0.6071154672240401,159.91831935129977
4.799999999999999,0.6013641680607829,160.2285108590267
5.099999999999999,0.6609489840759453,160.05891345287222
5.399999999999999,0.619867620343803,160.256959447153
5.699999999999998,0.6153269194843847,160.02360591231246
5.999999999999998,0.8607559220268323,159.97099823119459
