v_std: 0.02000, layout: hourglass, intruder: nonflocker, stepcount: 2000 
p_std, ratio
0,0.5733567199490289,160.08968387280885
0.3,0.7692571213145923,160.242161095358
0.6,0.6631920391742111,159.7240660439802
0.8999999999999999,0.5237383356762156,159.86214503487741
1.2,0.8313490519830454,160.3074323149302
1.5,0.609897561521038,160.29714710888425
1.8,0.521003537344999,159.56483681362965
2.1,0.6832671969936605,159.51107732922077
2.4,0.5958318306068265,159.89170871137142
2.6999999999999997,0.628119616518906,159.91328098757015
2.9999999999999996,1.0006784502135981,159.704722096213
3.2999999999999994,0.6899044929195493,159.9997655136099
3.599999999999999,0.7199228763247486,160.20847945616282
3.899999999999999,0.7834995759960908,159.05087755353756
4.199999999999999,0.9711511152643346,159.42404283514148
4.499999999999999,0.6025393221663785,160.37410618477475
4.799999999999999,0.8561274093017708,159.100677106334
5.099999999999999,0.6343430354750125,160.0880975596547
5.399999999999999,0.7066678329083139,160.07973844129847
5.699999999999998,0.6915653895810376,160.0985983966838
5.999999999999998,0.7064571802543091,159.87559305833855
