v_std: 0.01800, layout: hourglass, intruder: nonflocker, stepcount: 2000 
p_std, ratio
0,0.5390283247435307,160.52474626793077
0.3,0.546940350037165,159.85606679425504
0.6,0.625555628440642,160.03078130971636
0.8999999999999999,0.5915420911618646,160.0502325098605
1.2,0.5976073082080491,160.074272229397
1.5,0.9199087240558733,159.87247186604176
1.8,0.7066150114702221,159.82050434944102
2.1,0.6663935321255215,159.64473020842252
2.4,0.8295767307866834,159.9977640399626
2.6999999999999997,0.7503607669951172,159.7248624359926
2.9999999999999996,0.7237142437488339,159.83783146536325
3.2999999999999994,0.8687483192100494,160.0880000642456
3.599999999999999,0.9667780037795672,159.36142286840968
3.899999999999999,0.7331971291030157,159.97075507653847
4.199999999999999,0.761048262441307,159.9359115296472
4.499999999999999,0.6511662572363055,159.1980776395074
4.799999999999999,0.8399403394167311,159.40803610662044
5.099999999999999,0.828530662007002,158.5493891642699
5.399999999999999,0.7855976940016205,158.67670661734408
5.699999999999998,0.7947864363362482,159.99801188243492
5.999999999999998,0.5728162787508534,160.26614133950133
