v_std: 0.00200, layout: hourglass, intruder: nonflocker, stepcount: 2000 
p_std, ratio
0,0.0956601205976633,160.36902279021413
0.3,0.07749991737518157,159.83369844318443
0.6,0.1285888965151244,160.3031595506709
0.8999999999999999,0.1368355616475715,160.30651951473249
1.2,0.15205964607261768,159.92437607400063
1.5,0.20893802639275932,159.8456739796053
1.8,0.14044646085933765,159.61575142290525
2.1,0.3290857295727225,159.8763734098358
2.4,0.41037974373979597,160.1874631586278
2.6999999999999997,0.6344176944252647,159.81663866966886
2.9999999999999996,0.38949893440028216,158.89362610761196
3.2999999999999994,0.27131390710563386,159.87812204439177
3.599999999999999,0.5249143382739363,160.1937247594494
3.899999999999999,0.5371511990412486,160.46134503251878
4.199999999999999,0.4953626932678766,159.9695057306538
4.499999999999999,0.4673519580827282,159.055143789927
4.799999999999999,0.32346791309382705,159.95596432300297
5.099999999999999,0.7078483255233508,160.16715007023384
5.399999999999999,1.1455117082550408,160.40476831280625
5.699999999999998,0.6727086361787751,159.2874992508752
5.999999999999998,0.6045418953956162,160.64926983684916
