v_std: 0.01500, layout: hourglass, intruder: nonflocker, stepcount: 2000 
p_std, ratio
0,0.3994869736562896,160.25607573218076
0.3,0.5685394888271177,159.88715363513435
0.6,0.45787932309289103,160.0290200430587
0.8999999999999999,0.4310348442741972,160.18534608715876
1.2,0.501464834246013,160.05334265399375
1.5,0.47943471917114516,160.09879719734064
1.8,0.6477286933878897,159.86804261002112
2.1,0.4305646188274701,159.9816611265166
2.4,0.4896193367210577,160.23635251754797
2.6999999999999997,0.6586865682157009,159.96595859079588
2.9999999999999996,0.5230580960859833,158.415037464821
3.2999999999999994,1.0544702019501375,160.05752410647617
3.599999999999999,0.8256243087678359,159.9201768893556
3.899999999999999,0.6531654716516462,159.51524335018968
4.199999999999999,0.6713079202626852,159.05355312559303
4.499999999999999,0.6034131989425201,159.8106176510566
4.799999999999999,0.6383861160862139,160.37396760234893
5.099999999999999,0.7945994910644346,159.95197380088263
5.399999999999999,0.7701609466133328,158.89739608315574
5.699999999999998,0.8881597715931742,159.40807078052427
5.999999999999998,0.8006056817349189,159.86002829712288
