v_std: 0.01400, layout: hourglass, intruder: nonflocker, stepcount: 2000 
p_std, ratio
0,0.4998464373819443,160.3268105306814
0.3,0.49585694003188985,160.24458470296855
0.6,0.5260572657397673,159.81932951629352
0.8999999999999999,0.3666357342623009,160.06775302721633
1.2,0.5982120221270267,160.14658071020216
1.5,1.1738285402151316,160.26166666087326
1.8,0.6415059548419108,159.95223506657732
2.1,1.0140944847551538,159.59386349186096
2.4,0.7755202246143437,159.6224527749985
2.6999999999999997,0.701094466774513,160.31637772369854
2.9999999999999996,0.47609161532108235,159.95276813574552
3.2999999999999994,0.7921108135493364,160.32193596887558
3.599999999999999,0.5383852810085537,160.04319768565836
3.899999999999999,0.7157633501728876,160.0713200044354
4.199999999999999,0.43366010033791075,160.2165535100353
4.499999999999999,0.6717744139780975,160.06694022030402
4.799999999999999,0.5524388523309858,159.77560490889138
5.099999999999999,0.548828547113817,160.0020162568742
5.399999999999999,0.7701853689488914,159.89933933001794
5.699999999999998,0.9975527416625126,159.96121243936062
5.999999999999998,0.9836907105981106,159.6902731292424
