v_std: 0.00100, layout: hourglass, intruder: nonflocker, stepcount: 2000 
p_std, ratio
0,0.03701057213234807,160.26556809253555
0.3,0.03789736902631992,160.05554489982393
0.6,0.0600417890672947,159.89195807914376
0.8999999999999999,0.0846196069965743,160.0887806499366
1.2,0.17735475574823698,160.18860374407544
1.5,0.16000918770194042,160.5270116011989
1.8,0.17675761750100885,159.89891861998376
2.1,0.35714084849349487,159.9543818785828
2.4,0.14406357728795757,159.81561352362993
2.6999999999999997,0.35828247347018743,159.90570021919123
2.9999999999999996,0.7657624473721234,159.93234068942493
3.2999999999999994,0.29195722263267676,160.0968476663795
3.599999999999999,0.4555220127792776,160.201690280985
3.899999999999999,0.2705941023100786,160.216969339501
4.199999999999999,0.5140312559091323,160.1266002534622
4.499999999999999,0.32103669453527467,158.78656183677765
4.799999999999999,0.49594802332994864,159.2665225150481
5.099999999999999,0.8753201289223799,160.26093304029175
5.399999999999999,0.5942318848623988,159.26649151929053
5.699999999999998,0.4431914432260595,159.45098883580158
5.999999999999998,0.44845371611305446,160.03394971996167
