v_std: 0.00800, layout: hourglass, intruder: nonflocker, stepcount: 2000 
p_std, ratio
0,0.2834649688146707,160.15454591428548
0.3,0.5655138062114502,160.22725457750647
0.6,0.6562811190773126,160.3015684251007
0.8999999999999999,0.3483821679341247,160.2260279395598
1.2,0.4717923091625136,160.2002768898885
1.5,0.3882043728528646,160.40472255545882
1.8,0.28431852010557124,159.83672170862786
2.1,0.3680004734106902,159.93521334277494
2.4,0.6376050269025362,160.18183054416025
2.6999999999999997,0.47066432591155166,160.21075920379343
2.9999999999999996,0.4684981784107441,160.30449189325606
3.2999999999999994,0.8486721002915264,158.8976950907294
3.599999999999999,0.7218234277159469,160.19308193422384
3.899999999999999,0.36984322670473285,160.0606017078766
4.199999999999999,0.5042096735822434,160.07423797779737
4.499999999999999,0.6768758595609324,160.54384449121056
4.799999999999999,0.4661585520598107,159.12746511960148
5.099999999999999,0.4283569771128024,160.4069644675548
5.399999999999999,0.7555123991160093,159.57137596160658
5.699999999999998,0.9124552941895543,159.51388821408307
5.999999999999998,0.3317316447494374,159.9246754295705
