v_std: 0.00700, layout: hourglass, intruder: nonflocker, stepcount: 2000 
p_std, ratio
0,0.3050399309674241,160.22695341171362
0.3,0.2724664998332531,160.14514764436245
0.6,0.2741655381264708,160.07422022199094
0.8999999999999999,0.3441627279338465,160.31811067635638
1.2,0.41850876446182367,160.61277100145767
1.5,0.36760679594291185,159.95687119727506
1.8,0.3809179097558109,159.2739762586806
2.1,0.285287202528284,159.29463910868967
2.4,0.29144275513851514,160.03853928600984
2.6999999999999997,0.48193056854815663,159.6235294659483
2.9999999999999996,0.29266180015268256,159.87015643987135
3.2999999999999994,0.41184284015014505,160.06158826496494
3.599999999999999,0.40375334845832617,159.54777594940072
3.899999999999999,0.6061054100328688,159.75066177675143
4.199999999999999,0.8572257862018473,159.88491820169708
4.499999999999999,0.5663361804570892,160.08225514232248
4.799999999999999,0.616410449410866,159.84571741874115
5.099999999999999,0.5019269575547899,160.04087081191267
5.399999999999999,0.5104441403509437,158.43584342861865
5.699999999999998,0.5726191954079447,159.28254098082837
5.999999999999998,1.2317619740210177,159.92053154027246
