v_std: 0.00600, layout: hourglass, intruder: nonflocker, stepcount: 2000 
p_std, ratio
0,0.37246799406951286,160.22450739720261
0.3,0.4110327503798314,160.0903479345255
0.6,0.289787703391306,159.9241297394202
0.8999999999999999,0.17212936021132058,160.0391726698003
1.2,0.2922601592252476,160.0674881063962
1.5,0.4103912958703901,160.10241081182846
1.8,0.3375783032167213,159.89566335960956
2.1,0.26699747273413016,159.84153788212365
2.4,0.38461690726702097,160.0109313219171
2.6999999999999997,0.626148422211157,160.33657563724495
2.9999999999999996,0.46984252510150204,159.588919091338
3.2999999999999994,0.2790092175282881,160.1856547665479
3.599999999999999,0.42548525495711426,160.49632836293478
3.899999999999999,0.40072662518050683,159.52677164755963
4.199999999999999,0.44598246545188275,160.0905295705102
4.499999999999999,0.5710551549291734,159.89138420845765
4.799999999999999,0.69919416458538,159.6666865885102
5.099999999999999,0.5100885541640483,159.5010881719083
5.399999999999999,0.5795436035654907,158.44377705396806
5.699999999999998,0.7319126232878788,158.29861275346283
5.999999999999998,0.5414258680850058,160.29954590551256
