v_std: 0.01100, layout: hourglass, intruder: nonflocker, stepcount: 2000 
p_std, ratio
0,0.3146821526111913,160.4243743847271
0.3,0.4047366562538823,160.45984985761558
0.6,0.3096611984832249,160.11436895004007
0.8999999999999999,0.5869709263642218,160.40209400514954
1.2,0.292960679423553,159.9112747395859
1.5,0.3839482883002017,159.9200913853009
1.8,0.5457534732310289,159.8282832618495
2.1,0.37124811569603433,160.12878785971228
2.4,0.4051407980537843,159.45753789812238
2.6999999999999997,0.3032506239243379,160.03953270663817
2.9999999999999996,0.5491919477018913,160.21234083097764
3.2999999999999994,0.544015170051562,160.14502965711478
3.599999999999999,0.37680003658790057,160.0428555115327
3.899999999999999,0.815345861603619,160.2937163584538
4.199999999999999,0.4004195638392091,157.9209712445618
4.499999999999999,0.4109428207226298,160.25161303674244
4.799999999999999,0.5435300781452593,160.00777234056375
5.099999999999999,0.8730567169535671,159.39509277867347
5.399999999999999,0.4813519491336644,159.96773055378526
5.699999999999998,0.6185212297764774,160.52677739551305
5.999999999999998,0.977459298805743,160.74602975664425
