v_std: 0.00500, layout: hourglass, intruder: nonflocker, stepcount: 2000 
p_std, ratio
0,0.2145865167759283,160.30911361565288
0.3,0.1373805500644323,159.6635220383215
0.6,0.20513213247503473,159.73531097564052
0.8999999999999999,0.355034002180644,159.7063024574971
1.2,0.3230583110591718,160.0434456308672
1.5,0.3391625462232292,159.525688947612
1.8,0.22757073096390001,159.69796898618145
2.1,0.3287588018467719,159.8723770868763
2.4,0.44568236876503076,159.66921808219388
2.6999999999999997,0.2659126501456412,160.33881536647706
2.9999999999999996,0.5498778591536059,159.44896584714448
3.2999999999999994,0.38078012809546397,160.3602391699995
3.599999999999999,0.5177655052583161,159.71953858230816
3.899999999999999,0.4641650655873413,159.18998347877343
4.199999999999999,0.7276734553858327,159.46886395028534
4.499999999999999,0.6943989375100491,160.1134815561106
4.799999999999999,0.432141130554676,159.94442831284005
5.099999999999999,0.46416199707430317,159.88921746443293
5.399999999999999,0.688432562372584,158.52626701435105
5.699999999999998,0.4037576366072159,159.88734448444862
5.999999999999998,0.4852442744675878,160.19560839862137
