v_std: 0.01700, layout: hourglass, intruder: nonflocker, stepcount: 2000 
p_std, ratio
0,0.6583208133479603,160.146657240096
0.3,0.4969144175976928,160.17143465620026
0.6,0.5990677970022523,159.84979653391426
0.8999999999999999,0.6539328657075919,159.68730452672168
1.2,0.8357538162599389,159.8099742020525
1.5,0.8491967506981646,159.80543893746662
1.8,0.9660821119023527,160.02945927514386
2.1,0.6910799225846702,159.71334773454163
2.4,0.6090440037308669,159.7856959302386
2.6999999999999997,0.5339260903973446,159.75851924703738
2.9999999999999996,0.6461118534137417,159.6973140848936
3.2999999999999994,0.8327245959162701,160.12409039985963
3.599999999999999,0.46665531339849403,160.23013809627517
3.899999999999999,0.6525362950812278,160.20020312656905
4.199999999999999,0.7995677620083663,160.43898560824834
4.499999999999999,0.4443623166433439,158.6825225132489
4.799999999999999,0.7737793543967604,159.39621493087384
5.099999999999999,0.9848287357582048,160.18408744436982
5.399999999999999,0.6395845563994248,159.5535291151
5.699999999999998,1.0245677129784294,159.82648653104587
5.999999999999998,0.7879662459720113,160.3624383653242
