v_std: 0.01900, layout: hourglass, intruder: nonflocker, stepcount: 2000 
p_std, ratio
0,0.559235243763177,160.32835837299174
0.3,0.6500429326942135,159.69847302802737
0.6,0.5940572656442711,159.8215276753302
0.8999999999999999,0.6898366422260616,159.88964167034104
1.2,0.7347136769948802,160.054127731332
1.5,0.9253179684891828,160.165893294202
1.8,0.6210500741180527,160.08965084254348
2.1,0.9307448951371174,159.90841534407403
2.4,0.6881201332259828,159.70093657832186
2.6999999999999997,0.7665990529508205,160.17935269883407
2.9999999999999996,0.7192517637861111,159.4438716402836
3.2999999999999994,0.7455667458787897,160.16683875340405
3.599999999999999,0.6511270403363945,159.35923421972473
3.899999999999999,0.7686809314851705,160.05826266717872
4.199999999999999,0.6793545592688905,159.9677497627984
4.499999999999999,0.8267514100704195,159.4490912532013
4.799999999999999,0.6273704655094772,159.15642779948718
5.099999999999999,0.5880507003095151,160.2819543334866
5.399999999999999,0.7362434103207118,159.9833935142251
5.699999999999998,0.8736422130622165,160.11663653035836
5.999999999999998,0.6378859336078873,160.23031780850837
