v_std: 0.00400, layout: hourglass, intruder: nonflocker, stepcount: 2000 
p_std, ratio
0,0.17307861953953269,160.27300979003414
0.3,0.15080104797036153,159.88999659208835
0.6,0.23171272422966246,159.98645745851164
0.8999999999999999,0.3150721414017112,160.15078498892785
1.2,0.24192453707714753,160.08360309327554
1.5,0.32062587705916723,160.07780037295254
1.8,0.2163881922882775,159.59574837883144
2.1,0.23006698300410627,160.10317385410457
2.4,0.2445283548349391,159.7680942075535
2.6999999999999997,0.26267361652572896,159.80878927601475
2.9999999999999996,0.27130838803107105,160.17789079547373
3.2999999999999994,0.398963564747253,159.3075434678132
3.599999999999999,0.4188700011912913,160.03894709243428
3.899999999999999,0.9681677263515283,159.92151402426975
4.199999999999999,0.3217325292360652,160.38527928142432
4.499999999999999,0.7888121880803156,160.20459254735866
4.799999999999999,0.7012671824461855,160.3780467662533
5.099999999999999,0.6103293666568984,159.87558863187334
5.399999999999999,0.5223671812661533,159.28362013326856
5.699999999999998,1.0562345372305129,157.9297419492807
5.999999999999998,0.6330490135336074,160.1586024211096
