v_std: 0.00000, layout: hourglass, intruder: nonflocker, stepcount: 2000 
p_std, ratio
0,1.221438692382489e-14,160.21066135712363
0.3,0.033156951780465106,159.75930652314284
0.6,0.1874483565727002,160.12409180371824
0.8999999999999999,0.06875418496235282,160.00205931926806
1.2,0.21200002450718491,160.20900033718132
1.5,0.1641132564544712,160.11705557675307
1.8,0.40316586753492023,159.18635432596116
2.1,0.18585615360782032,159.7976487675306
2.4,0.216245341832838,159.8078514329933
2.6999999999999997,0.2154687254540748,160.04851329727063
2.9999999999999996,0.30641567793712554,160.32464176894055
3.2999999999999994,0.31892925068000344,159.70414486333775
3.599999999999999,0.29444366499812147,159.48337964357071
3.899999999999999,0.39157562942441915,160.27970939276426
4.199999999999999,0.6268809593583824,159.3172806374164
4.499999999999999,0.43580662151325267,158.53722755135146
4.799999999999999,0.46995094920003444,160.13940095980013
5.099999999999999,0.4727459907764454,160.08818245208752
5.399999999999999,0.6824563786991358,159.90479610268733
5.699999999999998,0.6809604980594709,160.19385038660928
5.999999999999998,0.6335620455541571,160.01190938209191
