v_std: 0.00900, layout: hourglass, intruder: nonflocker, stepcount: 2000 
p_std, ratio
0,0.381178855548391,160.00954695634556
0.3,0.5140400862280283,160.3680973306597
0.6,0.24442885062403294,159.7856660871553
0.8999999999999999,0.3719351355459345,160.09636630592183
1.2,0.31513446831605163,160.15152959198363
1.5,0.3791276230224478,159.9449531606315
1.8,0.5445296882281955,159.6960941186796
2.1,0.4545990529572462,160.47755033073912
2.4,0.6400068153630903,159.96240916089198
2.6999999999999997,0.46880743152275695,159.97501962584224
2.9999999999999996,0.6194206165695764,159.7338837652615
3.2999999999999994,0.6440613568931096,160.16147881325278
3.599999999999999,0.4354186512437066,160.03562228141905
3.899999999999999,0.565672887936653,159.93868841500014
4.199999999999999,0.6616570323842662,159.98500391170293
4.499999999999999,0.6347955376228347,159.47271664535097
4.799999999999999,0.5163982280881741,158.22717801835935
5.099999999999999,0.6480434470713068,160.17732610950637
5.399999999999999,1.0038119321980703,159.91692673176502
5.699999999999998,0.8055126318806219,160.11257775634448
5.999999999999998,1.1478849291647806,159.1898602045601
