v_std: 0.01200, layout: hourglass, intruder: nonflocker, stepcount: 2000 
p_std, ratio
0,0.8413525824378109,160.12461931805208
0.3,0.6112147878576859,160.21139723409115
0.6,0.5554649736481833,159.42196603592697
0.8999999999999999,0.6654089667069732,159.66931407586566
1.2,0.5370926315318333,159.89355440533575
1.5,0.4220808241199299,160.10114365093227
1.8,0.8540021755202993,159.9054819586677
2.1,0.755180561175401,160.05817525849332
2.4,0.4972108279995047,159.63151979352833
2.6999999999999997,0.6275960768641263,160.6542473967195
2.9999999999999996,0.4601870005132785,159.77670340436248
3.2999999999999994,0.9128989096593733,159.89440790902825
3.599999999999999,0.7429545450051284,160.16566722922153
3.899999999999999,0.934909311751405,158.21513301954892
4.199999999999999,0.641366979011829,158.7038105563973
4.499999999999999,0.7933130593470703,160.2198383348552
4.799999999999999,0.48606449654881484,160.25947366753914
5.099999999999999,0.7151830225767186,159.81009426382158
5.399999999999999,0.8693320703286023,160.4063779223835
5.699999999999998,0.5386659210684306,159.91582017732398
5.999999999999998,1.3516012585929371,158.90824255101828
