v_std: 0.01600, layout: hourglass, intruder: nonflocker, stepcount: 2000 
p_std, ratio
0,0.5422125048338448,160.2762346128536
0.3,0.4070185168941185,160.02029527345135
0.6,0.5117173441138956,159.95899850792884
0.8999999999999999,0.6257981886094593,160.20126717334531
1.2,0.9514377929785688,159.95963357547004
1.5,0.6019900594538468,160.02810327345952
1.8,0.9158066440452337,159.75680050150257
2.1,0.6524296830436144,159.4853048728217
2.4,0.42896070333952463,159.734926251317
2.6999999999999997,0.38229566196774195,160.04769948759213
2.9999999999999996,0.7419031085661912,159.83478242025745
3.2999999999999994,0.4495394684377708,160.01925235658487
3.599999999999999,0.4014923153854766,160.07020150039227
3.899999999999999,0.4269169123233291,160.16503581835636
4.199999999999999,0.6940348056280362,159.72125561592628
4.499999999999999,0.7222107155971919,159.7985952336967
4.799999999999999,0.7995733144012604,159.2621930217497
5.099999999999999,1.0054031477779566,159.99984755882872
5.399999999999999,0.8369557945290792,160.34686519075598
5.699999999999998,1.1173083263201813,160.18388286045146
5.999999999999998,1.0051434118349454,160.15611723483224
