v_std: 0.00300, layout: hourglass, intruder: nonflocker, stepcount: 2000 
p_std, ratio
0,0.16794899491358273,160.16137665579566
0.3,0.16409322402346224,160.2825501726848
0.6,0.15064017079098171,160.10067048342773
0.8999999999999999,0.2476076778109866,159.66692324410815
1.2,0.14432736010065977,159.99043804961624
1.5,0.14006742730625413,159.81737051277116
1.8,0.25095514528815965,160.09964079642435
2.1,0.2906574404649203,159.63634000005757
2.4,0.27025618790674943,160.23371604818954
2.6999999999999997,0.2289434332905574,159.8722257163588
2.9999999999999996,0.24121464696686507,159.84952377503095
3.2999999999999994,0.3499874509933136,160.1033703622844
3.599999999999999,0.343837047719539,160.03672571026368
3.899999999999999,0.4822510387108153,159.88167564131118
4.199999999999999,0.6708561802174259,159.44817603388313
4.499999999999999,0.4404490281435588,159.58497474427105
4.799999999999999,0.5101855314514069,160.43439480399658
5.099999999999999,0.7233473016214872,160.17194697753084
5.399999999999999,0.7893243343681946,160.0317710497
5.699999999999998,0.47040085087755223,159.9235013289119
5.999999999999998,0.7370471760732357,159.90149086253086
