v_std: 0.01000, layout: hourglass, intruder: nonflocker, stepcount: 2000 
p_std, ratio
0,0.4103366034274868,160.11011894978827
0.3,0.4877416882144029,159.91525310156226
0.6,0.30333541661525104,160.17322447683975
0.8999999999999999,0.4647383857347202,160.0258804649377
1.2,0.519133772779239,159.9112343073047
1.5,0.6172969574077465,159.96090314936575
1.8,0.5880954778311969,160.20528537608223
2.1,0.5785279002873346,160.41607832086166
2.4,0.7851701238578673,159.7567037540924
2.6999999999999997,0.4155459528392067,160.24221872683196
2.9999999999999996,0.6934305728388983,159.961161103877
3.2999999999999994,0.5378621774235783,159.31624583512777
3.599999999999999,0.5865965414704127,160.10983032084638
3.899999999999999,0.7893485751111676,159.85845310334048
4.199999999999999,0.5715049274626027,160.19942021546692
4.499999999999999,0.7025346635086127,159.49522688865133
4.799999999999999,0.44890083998470176,159.4985040669812
5.099999999999999,0.7509667990400888,160.54583666097875
5.399999999999999,0.6423843875638586,160.08798259746078
5.699999999999998,0.6535787643023886,160.01426498472478
5.999999999999998,0.5077935325136194,160.30144452227728
