p_std: 5.00, v_std: 5.00
bad:
1, 6.918064292149991
2, 3.6404052906092716
3, 3.6603171718394787
4, 3.62586245512223
5, 3.6414733751328585
6, 3.8030730257616585
7, 3.811885892647281
8, 3.8983208360463606
9, 4.122211292627605
10, 4.172404160349832
11, 4.257578286410721
12, 4.286642353463081
13, 4.361828657147917
14, 4.49524842421352
15, 4.6007139686574074
16, 4.6788013867787095
17, 4.6297469731025265
18, 4.778179027142483
19, 4.755729465333812
20, 4.968983991654384
21, 4.889332749177519
22, 4.956368312566498
23, 4.9959411360016786
24, 5.005099510306058
25, 4.985811264195769
26, 4.962493551424868
27, 5.041567696910954
28, 4.921185838723364
29, 4.918158734951067
30, 4.906563509576137
31, 4.782427082474276
32, 4.816725957723563
33, 4.736858137022885
34, 4.719348038496668
35, 4.475871037571403
36, 4.460941395365095
37, 4.482434122831263
38, 4.323517915348284
39, 4.297467572389722
40, 4.184795573046585
41, 4.1315094780769135
42, 4.138317555290987
43, 3.9507398675819716
0, 3.8514085312865465
44, 3.8869376025900872
45, 3.8626194287877804
46, 3.768914276209637
47, 3.7149671783977896
48, 3.6385970372294683
49, 3.711330774265322
50, 3.5522416923140803
51, 3.4884279357520036
52, 3.5398592951915555
53, 3.4525027207482246
54, 3.375338426756936
55, 3.350694901888786
56, 3.3825449999645176
57, 3.3051660804249137
58, 3.337724330449943
59, 3.208022306279757
60, 3.234127291385122
61, 3.1830407671174847
62, 3.2013093988947205
63, 3.2178570313054546
64, 3.1491932831702076
65, 3.1200292321834002
66, 3.042216326980546
67, 3.1604868876072674
68, 3.1083276390284036
69, 3.041549588625031
70, 2.998255841151614
71, 3.0906328568228587
72, 3.0899634701224197
73, 3.073143614105653
74, 3.0305761269648825
75, 3.065733813669823
76, 3.017787780397482
77, 2.9656710067273293
78, 3.064809634364243
79, 2.9945387821725387
80, 3.0339926617604984
81, 3.0089422447243828
82, 2.9394554227737695
83, 3.0803544684553152
84, 3.10662582779514
85, 3.0385862988167602
86, 3.044104386704504
87, 3.0404199901956646
88, 3.0202983832857444
89, 3.062615769557148
90, 3.029979864395832
91, 3.103552098016412
92, 3.0912767376465697
93, 3.077162142284165
94, 3.0860841242284667
95, 3.133097886735239
96, 3.097367747799407
97, 3.1325663820820635
98, 3.180350184752866
99, 3.204767322359117
100, 3.237482106830323
101, 3.3050899204124087
102, 3.4877620139893586
103, 3.4263864721076724
104, 3.2712034395125182
105, 3.3336915443911415
106, 3.18491002402309
107, 3.1389476915921675
108, 3.2491635907628194
109, 3.1950635345406786
110, 3.2315175001571683
111, 3.2701049861586413
112, 3.45476032639369
113, 3.5154204384251293
114, 3.5664045103981468
115, 3.5368292455268495
116, 3.663620799012819
117, 3.8625157601638644
118, 3.9404420666868827
119, 4.077515853517406
120, 4.250580242057784
121, 4.459579998274234
122, 4.569932725514174
123, 3.619874926708003
124, 3.0152565021916877
125, 3.003518140922842
126, 2.57838536672903
127, 2.8208458722286918
128, 2.950485303407602
129, 2.8083378838399766
130, 2.9589415400766623
131, 3.146998743983218
132, 3.461905779625801
133, 3.3538322255417206
134, 2.611862634119377
135, 3.2203001712641366
136, 2.927723906574686
137, 2.629718801745706
138, 2.4888585041737863
139, 2.8403852760864283
140, 2.867497807935175
141, 2.9461870428740977
142, 2.5613086458396404
143, 2.4742732254900877
144, 2.5408209445128596
145, 3.0392087041554268
146, 3.415793883441407
147, 2.609352656333935
148, 3.5185913217666323
149, 2.76852964928449
150, 2.5854058159471927
151, 2.812539629287666
152, 2.773887546291674
153, 2.680933411675365
154, 2.6605652360504934
155, 3.0878213610454366
156, 2.6847929539239273
157, 3.5734972554023865
158, 2.7445960130217317
159, 3.376169067298778
160, 2.4500751324838044
161, 3.234385381592381
162, 3.169091220078467
163, 2.8498316135603554
164, 2.7031327124028284
165, 2.615691421427581
166, 2.7305542394363487
167, 3.1691271512299086
168, 2.7749288598632655
169, 3.1378248346890043
170, 3.0690582010970098
171, 2.7017987247721464
172, 2.5428573636848735
173, 2.758051472164164
174, 3.2837212589176956
175, 2.237797097179933
176, 2.9093506976734127
177, 3.5257820935054633
178, 3.3239710492433923
179, 3.759643408417765
180, 2.8800420561645637
181, 2.843111847938064
182, 3.3095772837494892
183, 3.132961784930861
184, 3.382692308893128
185, 3.720951871845471
186, 2.8864080957288127
187, 4.7515015092658635
188, 5.293615935216816
189, 4.796794244887126
good:
1, 2.706569455128087
2, 2.4737240287256097
3, 2.4980602691604252
4, 2.4778986261567866
5, 2.4765366177795003
6, 2.4946767554982068
7, 2.4907856635304566
8, 2.4871002312055976
9, 2.4626867404635573
10, 2.498977810597379
11, 2.4965010987160956
12, 2.4755265538854654
13, 2.5010010418761257
14, 2.4683829549518004
15, 2.4926831980490336
16, 2.480658896979802
17, 2.4919092707888564
18, 2.5124933045836526
19, 2.4681784795223094
20, 2.502400544298547
21, 2.499111055674015
22, 2.4885134687080255
23, 2.493875944545076
24, 2.4918425327007596
25, 2.504956677148502
26, 2.4914591203095204
27, 2.495184016219307
28, 2.486181370665122
29, 2.5103769039713724
30, 2.5039478291986117
31, 2.502604073764027
0, 2.503873180792204
32, 2.474004463448274
33, 2.523468233897561
34, 2.4959918373501413
35, 2.4760033947761353
36, 2.5018237898919744
37, 2.502447600887313
38, 2.497787464453166
39, 2.5129019925532186
40, 2.478185537207195
41, 2.476604479260503
42, 2.5098635279019983
43, 2.5231261523265296
44, 2.513162540648762
45, 2.5014569084301503
46, 2.5102672892442746
47, 2.514326421934553
48, 2.5094659732101072
49, 2.505101583005276
50, 2.501216114395014
51, 2.511529898043333
52, 2.5027308392056264
53, 2.4861859724249964
54, 2.5213863066386484
55, 2.518428032922379
56, 2.5165554000617996
57, 2.518746393666126
58, 2.500121774187959
59, 2.518525726757786
60, 2.5132684708405875
61, 2.4992175426113308
62, 2.49690246877859
63, 2.524112600995645
64, 2.5199136675090745
65, 2.5210981126981937
66, 2.5368969475184806
67, 2.5164362867239065
68, 2.521714249011019
69, 2.542147469397705
70, 2.5396066236265513
71, 2.5188061265033963
72, 2.5188806843781255
73, 2.5130532563563563
74, 2.5054733242064664
75, 2.5553100808692206
76, 2.526648371055094
77, 2.539871874807959
78, 2.5368912268628385
79, 2.5186598192780707
80, 2.539128819949293
81, 2.5368188644158227
82, 2.538194875734425
83, 2.5289012576583527
84, 2.5188794895779614
85, 2.5285101976176185
86, 2.529757335263287
87, 2.530971667173956
88, 2.5569995210832497
89, 2.545741801475248
90, 2.531288378347955
91, 2.5317770073399233
92, 2.515739395142951
93, 2.588789195185574
94, 2.5319137956568314
95, 2.5380556576184867
96, 2.5610331103652557
97, 2.548097722644107
98, 2.535297021423988
99, 2.5841811475353054
100, 2.564757824792302
101, 2.555563254086415
102, 2.5609299439528135
103, 2.613628425150132
104, 2.557793024147777
105, 2.580589853150548
106, 2.571679113209273
107, 2.562421236178623
108, 2.5746648539460746
109, 2.556645407656263
110, 2.604527146664025
111, 2.604490255380631
112, 2.5571084408873523
113, 2.6133688712546945
114, 2.5680282365782703
115, 2.6064448454990394
116, 2.589838764199078
117, 2.5898733898791475
118, 2.571788108191023
119, 2.6085976699891593
120, 2.640178454340213
121, 2.591537730111014
122, 2.5806100168600508
123, 2.59389778023107
124, 2.649553410443622
125, 2.6032320678681184
126, 2.6353538353085146
127, 2.6499416999187204
128, 2.638199984907593
129, 2.6564363744027495
130, 2.6571054012253637
131, 2.618671582062037
132, 2.664106476035893
133, 2.6722941183261897
134, 2.623791362858154
135, 2.720846878609404
136, 2.714963785452191
137, 2.618098426657502
138, 2.574719312430379
139, 2.6663928086690802
140, 2.633203875895979
141, 2.628743546247115
142, 2.6524693483677724
143, 2.675869783342451
144, 2.6491413822215946
145, 2.67973255401229
146, 2.6988632689566723
147, 2.5940044590616558
148, 2.5996938110067673
149, 2.514615947974967
150, 2.6916491948637207
151, 2.587565551838347
152, 2.658175600651038
153, 2.5384674169727295
154, 2.6353253888899326
155, 2.682634535128447
156, 2.726232855618562
157, 2.6556247603609653
158, 2.646672333341172
159, 2.6561956881811226
160, 2.4530733620678613
161, 2.760831422138603
162, 2.7173787409307955
163, 2.5232430412985423
164, 2.7366328554016475
165, 2.6273938416527507
166, 2.3827299041195924
167, 2.672841124484276
168, 2.6431879614729668
169, 2.5425657005271955
170, 2.678829167249236
171, 2.795549305975381
172, 2.742174941938357
173, 2.6486991298160234
174, 2.3686772376179634
175, 2.6029836650684954
176, 2.4981840223478655
177, 2.451709045255524
178, 2.7252444132123284
179, 2.605822142326582
180, 2.4654346862501337
181, 2.6747219915114724
182, 2.5388329417114663
183, 2.759708637543495
184, 2.6409889643813584
185, 2.5626660891841633
186, 3.056345459811542
187, 2.8975241598795987
188, 2.6419043519487886
189, 2.8440775543523498
190, 2.6881382325197936
191, 2.788947875065029
192, 2.8606195969749932
193, 2.8217101074136406
194, 3.030815092424079
195, 2.4281583040008834
196, 2.6768551918785803
197, 2.759018637540285
198, 2.6661402266098113
199, 2.6045736127330565
200, 2.666116210140357
201, 2.777377827421172
202, 2.9885664273446517
203, 2.756449952264805
204, 3.4724231789395494
205, 2.8509678158973584
206, 2.9508959971939785
207, 2.770435431896713
208, 2.778028055201437
209, 2.8523916179703237
210, 2.7475789051474786
211, 3.0324782830257866
212, 2.46186152769129
213, 2.6400211640700473
214, 2.92959267650131
215, 3.0675660085516023
216, 2.754132798905692
217, 3.0221674161230276
218, 2.8887935093320727
219, 2.6895916065755916
220, 2.6033072431595143
221, 2.836568290052739
222, 2.648315118699702
223, 2.856688940184814
224, 2.9384165246801275
225, 3.4372936890289196
226, 3.3726555366181685
227, 2.4925516115934974
228, 2.8884484900161276
229, 2.8313221412302823
230, 2.7722409475921825
231, 2.5698546581030897
232, 2.700672655119193
233, 3.0658061957802105
234, 2.8267898155018876
235, 2.8031000797972276
236, 3.073443193584137
237, 2.509549810713914
238, 2.893446261318222
239, 3.218786857214543
240, 2.985278645483251
241, 2.448428609281167
242, 3.355837216442699
243, 2.8111726535623403
244, 3.1267790100350816
245, 2.495643693452899
246, 2.8034612586646728
247, 3.4371326733551686
248, 2.5110743765291237
249, 2.661529416071389
250, 2.7571120864219294
251, 3.105822232967072
252, 3.0511483924028497
253, 2.410269420239247
254, 2.6039718970638983
255, 2.8842420765886145
256, 2.033861891854357
257, 2.384642455430615
258, 2.7110148212970895
259, 2.9302966211537798
260, 3.386428450851097
261, 2.3100804032153666
262, 2.377409612956574
263, 2.792378683432362
264, 2.867700928350491
265, 2.554893765907036
266, 2.1297599873095967
267, 2.6246296049344022
268, 2.481448190617243
269, 2.762583240763333
270, 3.3064764321336706
271, 2.404633302060438
272, 2.316741514457053
273, 2.9401043299680083
274, 2.8596324124221457
275, 3.1661836705370017
276, 2.5963585519714734
277, 2.762086144493098
278, 2.6821016971117113
279, 2.444138803376752
280, 2.707643269077398
281, 2.8021908272524807
282, 2.993909133912193
283, 2.76089930306755
284, 2.650657283965191
285, 3.2305718544718154
286, 2.7694661963636054
287, 3.1141811051245
288, 3.020263219411298
289, 2.9086499400107444
290, 2.5819442533527055
291, 3.061452849269859
292, 2.22643572028914
293, 2.566596537762551
294, 2.5540072224677726
295, 2.5431497872617754
296, 2.69602082771606
297, 2.9529522490879256
298, 2.1710252708039413
299, 2.561148374754726
300, 3.1715393118208564
301, 2.6075066774233764
302, 2.4942320499424726
303, 2.9083792712888283
304, 2.6599998754301892
305, 2.863637781741325
306, 3.27718692834571
307, 2.67035888996371
308, 3.1094240254556382
309, 3.0306065526244215
310, 2.7687752169027333
311, 2.573823516334608
312, 3.1126533700186476
313, 2.61337475795417
314, 2.98784579755629
315, 3.1750873427248276
316, 3.1314110256036622
317, 2.8619735032813804
318, 2.170518064741453
319, 2.2066068893318715
320, 2.86250097755465
321, 2.7959045747484215
322, 2.6397698523932664
323, 2.4854113595664256
324, 3.2712832528444142
325, 2.896447994679901
326, 2.4085078260825603
327, 3.000279802335248
328, 2.915454229650825
329, 3.068753303737261
330, 2.286235863212156
331, 3.283067398444778
332, 2.929460728328074
333, 2.9846243321132553
334, 2.6112808092115687
335, 2.846434397197749
336, 2.984245712065304
337, 2.449973576742619
338, 2.34633001465653
339, 3.1413852044776043
340, 3.3644727258727567
341, 3.363400394465712
342, 3.2805253804696988
343, 3.3658368657705733
344, 3.5211532780892947
345, 3.105221310549712
346, 3.045935933919754
347, 3.114078872645369
348, 3.08534977495095
349, 3.3121653232905914
350, 3.2239242056613846
351, 3.2689315199065367
352, 2.838926228212708
353, 2.8539289590805343
354, 2.5668416690469362
355, 2.5082342321486553
356, 2.6063938248757514
357, 3.322845894496624
358, 2.47688295568831
359, 2.8244127993968102
360, 3.183477450155139
361, 2.9464255379181856
362, 2.5113529123671614
363, 3.592961780698256
364, 3.280342574690391
365, 2.6622531871659447
366, 2.322681905996519
367, 2.699888474181376
368, 2.9542206608039105
369, 3.610131213604729
370, 2.3446564696218393
371, 2.817900686836421
372, 3.6522561855543123
373, 2.6524168239246553
374, 2.179927656430172
375, 3.1132811305814525
376, 2.9971033064169035
377, 3.1873797678877662
378, 2.7803184862958776
379, 3.12868902453303
380, 3.219334067345778
381, 2.9666821398050254
382, 3.46892510113395
383, 2.608219362416106
384, 2.672537045492294
385, 2.7818307139521177
386, 3.835972905305482
387, 3.008300519267055
388, 3.3684973513346463
389, 4.009683668804564
390, 2.8416748843988704
391, 3.4423496364576196
392, 2.4220743704874383
393, 2.161835249617478
394, 3.31905876336581
395, 3.3890569048008445
396, 3.4974246652134546
397, 3.1058193100215195
398, 3.1024954290805007
399, 4.035752265882161
400, 3.055956163897569
401, 3.08325056398253
402, 2.688262717479665
403, 3.2083170508372088
404, 3.7639133142116443
405, 4.310534841058038
406, 2.415465689337787
407, 4.094512796180244
408, 3.2066465239433053
409, 2.767273216152786
410, 2.3623160365026274
411, 3.1753637632114535
412, 3.209969642919042
413, 3.170648569139432
414, 3.1402331305673865
415, 2.7372496461684013
416, 3.3743176194381967
417, 2.0683101353578612
418, 2.9130297744155964
419, 3.1891066298927693
420, 2.9818913080627603
421, 3.387018676286233
422, 2.7498408008463158
423, 2.7311528806282257
424, 2.530979999055287
425, 2.777206897948926
426, 2.9966254482566557
427, 3.4185461071638996
428, 3.169592195013608
429, 2.081058816501295
430, 2.544930209064794
431, 2.507490120661053
432, 3.502194344144607
433, 2.4657133261671587
434, 2.9079057099052044
435, 3.803026659500649
436, 2.653309933423007
437, 2.372154952772861
438, 2.8382621423966756
439, 3.0010249001374674
440, 2.02899544438018
441, 3.4249616922095614
442, 2.580662957288112
443, 2.542541915238288
444, 2.1933146335763385
445, 3.6511317122859155
446, 3.069622608310748
447, 3.239526516911893
448, 3.2193344583881025
449, 2.713953421622651
450, 2.781158643051036
451, 3.4902155113393305
452, 2.625132073762246
453, 2.3507569856021493
454, 3.397377729821713
455, 2.9116535483962624
456, 2.1549472089736126
457, 3.2418848731623795
458, 2.7980324458021415
459, 3.113867184208391
460, 2.5799024767152408
461, 3.3920872033544938
462, 2.7609991093985657
463, 3.9281010004534975
464, 2.8921267732932057
465, 3.8516078771616913
466, 3.3128206444063686
467, 1.9834731129263552
468, 2.543345483551911
469, 2.4982598710770745
470, 2.2992659724090525
471, 2.7809696835009063
472, 3.4373359222989235
473, 2.4300686865508054
474, 2.819730055807568
475, 2.38051483623512
476, 3.1326729362321006
477, 3.160180877555403
478, 2.663335348978137
479, 2.6775425752255155
480, 3.822410293772796
481, 3.7695861963767956
482, 1.8947076156760356
483, 2.256826148225417
484, 2.7845590482192075
485, 2.784207974656512
486, 2.587979375250042
487, 3.0044310205197404
488, 4.695818902718569
489, 3.2302130087952086
490, 2.8746956538007833
491, 4.009803179360887
492, 3.241533495946426
493, 2.394585302950201
494, 2.096845994940717
495, 2.717337534809981
496, 3.4095256461067227
497, 3.517507105802439
498, 2.869563540456183
499, 2.5673719325795856
500, 3.234633772857082
501, 2.358506349027747
502, 2.275670682418071
503, 3.055237030492504
504, 2.47315842444815
505, 3.2108771820777795
506, 2.8095333847242077
507, 2.6354086095473397
508, 2.790119777664086
509, 3.3987664318532884
510, 2.2126080063139
511, 3.1199898505249655
512, 2.9200508648866568
513, 2.152854738898663
514, 3.064719594304271
515, 2.802519116536968
516, 3.1998259976945245
517, 3.195646871805878
518, 2.388316932751181
519, 2.3181402310693047
520, 3.917910726502945
521, 3.586114576458233
522, 1.9143127862476497
523, 3.310968643253761
524, 3.0657705495063845
525, 2.0774833751579638
526, 2.298724115852624
527, 3.7872088948112537
528, 1.285105560408246
529, 2.3199935409880377
530, 2.6462030232526916
531, 3.0404218966594216
532, 2.7414571486610124
533, 1.822326533997347
534, 2.0318444404649028
535, 2.5454428288877042
536, 2.760802231529818
537, 3.4123521772861283
538, 3.0313333495327166
539, 2.598637964864723
540, 3.870334407232622
541, 3.1060594065518434
542, 3.0141995164938926
543, 1.7578025730283489
544, 2.419022092034074
545, 2.268052476979736
546, 2.6822201680537643
547, 2.3736970654107887
548, 2.8281356033194913
549, 3.1684994265202753
550, 2.7577990778200387
551, 3.335906266015589
552, 3.5148693227657684
553, 2.811768963237544
554, 2.468197464730497
555, 2.9373421752125286
556, 2.866516086105214
557, 2.324012638798966
558, 3.3405589703865384
559, 3.6844455083301013
560, 1.9903783922144707
561, 4.42073172928625
562, 3.1122096352959465
563, 3.0538844719795515
564, 2.2912713133604394
565, 3.7968106074811083
566, 3.9832153055044763
567, 3.9475685031675405
568, 2.24855819844599
569, 3.098623851210411
570, 3.045301801507693
571, 2.447005283723919
572, 2.7036338647458225
573, 2.606512726009375
574, 2.9008801804470465
575, 3.7211553354548337
576, 3.0919046107506745
577, 3.119533263551976
578, 2.927912517439974
579, 2.992356195256865
580, 1.8995473346050213
581, 3.922430558180092
582, 1.9932850758629292
583, 2.106666905661261
584, 3.668720761216558
585, 2.4973695264019957
586, 2.794543690293253
587, 3.225413947974744
588, 2.344441089853708
589, 2.499362898691144
590, 3.0846110334932115
591, 3.533755730287077
592, 2.4193349685962735
593, 3.205450596089018
594, 2.2950149607197567
595, 2.2215700938591585
596, 2.169272812385737
597, 3.030659625616988
598, 3.138404189304677
599, 2.4208160873689617
600, 2.9407524352868286
601, 3.1603834551400607
602, 2.768794177654578
603, 2.028310329586175
604, 3.0302181299535493
605, 2.4461001239456572
606, 2.0788904820669685
607, 2.0575018506413856
608, 3.160391450999597
609, 2.705537366739602
610, 3.494969262454487
611, 1.9463665848264815
612, 2.0487669112460023
613, 1.8982190850927008
614, 3.468802185132863
615, 2.5975019286965915
616, 1.756907797909395
617, 2.8979601323590827
618, 2.8647470371425956
619, 3.112420956540997
620, 3.01677643532332
621, 2.818436609042273
622, 2.553829625491986
623, 3.0156206188159227
624, 2.688872414040521
625, 1.9660179619971498
626, 2.463244915728478
627, 3.493964349159376
628, 2.3594529668189104
629, 2.2059307509825063
630, 2.2080053421212065
631, 4.088373142727833
632, 1.5978535367736197
633, 2.5499005162197905
634, 2.443940109033735
635, 2.410249643982947
636, 1.8482612425910412
637, 2.4079862664138583
638, 2.1797170608982754
639, 2.013865042346246
640, 2.5401455049523216
641, 2.477680249923452
642, 3.2898334327035506
643, 2.9328657305022108
644, 2.0248669270775688
645, 2.7724546410987543
646, 2.145909895753716
647, 2.9603485290797455
648, 2.2695393993457533
649, 2.708327325360759
650, 2.3939095798078327
651, 3.083048901286278
652, 2.777738012292864
653, 3.340985562231284
654, 3.109868833228591
655, 3.0829875540173046
656, 2.0770629391798203
657, 2.3893092821004713
658, 2.6939402089753073
659, 2.1066897431677254
660, 2.447738313765284
661, 2.263513288933454
662, 2.754177420167314
663, 3.064158545675531
664, 2.612686918968692
665, 2.3216470166704037
666, 3.362469596036231
667, 2.925713571386182
668, 3.1634936579200565
669, 2.2185432680177244
670, 2.603889906686457
671, 2.3700271694445005
672, 2.1087359166172956
673, 2.3288267218772676
674, 3.6100233283056027
675, 3.1521521431539616
676, 3.1586742964475256
677, 2.8496397220032423
678, 2.574551545384286
679, 2.4198431478735443
680, 2.145727176460848
681, 2.662570248925449
682, 2.7259228727046585
683, 2.024590291960497
684, 3.3296608192471133
685, 2.9353719564591954
686, 2.5875106696933665
687, 3.1804578664443355
688, 2.459660197599445
689, 2.7305249153294775
690, 2.3481024953219887
691, 2.8111326564547356
692, 2.537274764683681
693, 1.8233895939474407
694, 2.2854458274152774
695, 2.2842912889670055
696, 1.9935761649918582
697, 2.161075442739038
698, 1.9582316523269379
699, 2.3981281755735897
700, 0.7334442561343043
701, 3.447231966294464
702, 2.6841343889696567
703, 3.4792695178435125
704, 1.792589186293867
705, 1.6152744500071714
706, 2.0909399612312645
707, 1.5948609506883418
708, 3.094871713235566
709, 2.7996493371745923
710, 2.3592735072090427
711, 2.184443032719583
712, 0.36509524199322724
713, 1.3490964191718466
714, 3.2794831920581515
715, 1.4669929486347566
716, 2.192944425316008
717, 1.6474654407304323
718, 3.4650250662290136
719, 1.7899703927902246
720, 3.2614635942173664
721, 2.648471198770036
722, 2.0612970681838623
723, 4.8617802908050125
724, 2.2952327445490472
725, 2.3631483921167185
726, 1.9149518885209218
727, 2.004155736611525
728, 3.6086830507081498
729, 2.1985999106745417
730, 2.8844370970087696
731, 2.4924472833695996
732, 1.6754797880433345
733, 2.76035795466847
734, 1.444145850669918
735, 1.66285079456879
736, 2.3179303013692736
737, 2.778819708101206
738, 3.0004376912360904
739, 3.202151093775502
740, 4.691292900706558
741, 3.143238596124146
742, 3.0801836622008962
743, 1.6934476340533344
744, 2.191338492105152
745, 1.5453336570641787
746, 2.312468269708678
747, 2.420128245157048
748, 1.6459722822525888
749, 2.986279884750498
750, 2.6159454105110496
751, 2.4859445534224816
752, 2.538017910097595
753, 2.2470353199970403
754, 3.121697477500326
755, 2.9209253858223527
756, 2.9994953480383075
757, 3.1320454054101456
758, 2.460522890783558
759, 2.9291204435633897
760, 2.0983494156506537
761, 2.3678585408047463
762, 3.02459561696079
763, 1.2695350240668777
764, 2.753434946336295
765, 1.495327348252838
766, 2.1782673454915593
767, 1.8506940294804568
768, 3.4683170418542963
769, 2.312680500612094
770, 2.8074123774079958
771, 1.0981754189769866
772, 3.083319595509689
773, 1.4784855508423096
774, 3.3266965884775126
775, 1.3318007174939452
776, 1.5309437285922929
777, 1.6616117497877376
778, 2.1718371098137355
779, 1.5095956135234176
780, 2.351312294402812
781, 2.4240504388907254
782, 2.817185335949788
783, 2.1734815040667157
784, 2.2588132861898433
785, 1.5751755141750907
786, 4.221059294524114
787, 1.0191426400731651
788, 2.059532436820147
789, 3.870108154776127
790, 2.0073799715045118
791, 1.6811398305275524
792, 5.029974939289556
793, 1.8728310073801673
794, 4.919607827564753
795, 2.65177128641717
796, 2.820657057011964
797, 3.66709455109737
798, 1.28057795226535
799, 1.0866005899082587
800, 3.071665510543022
801, 4.508718837323367
802, 2.4208601382439374
803, 2.2615950108311202
804, 1.001497905695892
805, 1.4171699117579655
806, 4.170472325527877
