5.923570767141646, 62.4768984118705
2.5811254900022433, 4.299700515788482
2.618435402035985, 3.9728816576369126
2.5330020993074553, 3.426706133592801
2.4345935546946205, 3.2210709791143897
2.5469477289576288, 3.7751065807381656
2.471607220775126, 3.225525536397703
2.4877114184974602, 2.9843412100582776
2.4641318204985128, 3.2502512090819495
2.4175226543434643, 3.0693179446164693
2.50266410421062, 3.4139221659529917
2.4875654377654586, 3.2782426161116183
2.468173519583404, 3.1738704532801885
2.4569779351373766, 3.0953545053212497
2.465424070666654, 3.070875193603084
2.4583553576145585, 2.984923383221384
2.456941606977681, 2.965710894719577
2.4608901675107004, 2.9748102582168663
2.4480151246831436, 2.9320059851050515
2.447586207892443, 2.908143826211966
2.447403129635649, 2.9116507552383064
2.4415731647223704, 2.9329167741768623
2.4478303241443795, 2.9665589023647363
2.461317276715584, 3.0561259957349103
2.454699815569003, 3.096790438912718
2.4445072101922776, 3.1123692846526736
2.4408522510498427, 3.127052319917669
2.4360082004979615, 3.1531071556606483
2.4453934384367306, 3.204683353381364
2.445039733877109, 3.253289208835357
2.4394736830750015, 3.2801258626629854
2.4439267380298, 3.323347846418276
2.4286327393132146, 3.326256777324059
2.425061462274857, 3.3396812314799726
2.4205917908320957, 3.3407546129190466
2.428935637608416, 3.3548922462915476
2.442075130778018, 3.384702883445226
2.432390685372378, 3.3834982381146075
2.4334410806062565, 3.397757505993147
2.4319900115373474, 3.4001553417941146
2.4305837934230126, 3.414962098477224
2.4307019383317936, 3.3879003487513266
2.4424251438402282, 3.4160993740792263
2.431331801774705, 3.387525361233898
2.4405113707701185, 3.39060558394437
2.4422163036351674, 3.4157569410516095
2.431872553095, 3.426721073094768
2.4425837659039136, 3.459616037043209
2.4427513975466777, 3.4965133253133986
2.45283723796992, 3.494633903400603
2.467675410369377, 3.508504621019166
2.4713851664694926, 3.5280956927089155
2.459105937320708, 3.526225618964066
2.4642429708236966, 3.508637844001928
2.464431136061127, 3.502769885853128
2.4575340109570325, 3.5289971719343733
2.456981132546749, 3.5078578863804593
2.434361438151155, 3.522525785436217
2.4316566651971465, 3.5052828257497994
2.4311534614216286, 3.5634864721990467
2.419899171312472, 3.6124263170555375
2.4241215453738176, 3.656499768393099
2.4271042348722354, 3.7141345110733233
2.4303114638472794, 3.7839838712469294
2.431675215198793, 3.844210709929739
2.446584224989147, 3.8361764713091553
2.4403281256659723, 3.8631258793160157
2.4610970438868014, 3.8854236111146023
2.463191634984682, 3.905314067557042
2.4465002324815823, 3.9162865071124116
2.4514087322447304, 3.893547041368739
2.447417592846279, 3.8564991723368562
2.4521284790596374, 3.7899105378576943
2.439655459902608, 3.7394164340573264
2.4407633320132263, 3.7214843112601033
2.423979116544031, 3.711692658682903
2.429601731823007, 3.6956158776545975
2.4223120327381915, 3.6714797601818874
2.429131326160489, 3.657767263092348
2.448924413736662, 3.601273914967083
2.4481235362814298, 3.575501153981839
2.44923594898673, 3.5714910137694567
2.4466949014057784, 3.5833882506689143
2.444672081145904, 3.590843587542745
2.4345540874925478, 3.56585749783385
2.432642371815713, 3.5459067552822936
2.4346519242068743, 3.5364444556996637
2.4374770872130873, 3.5015158685628647
2.43381205980465, 3.4993836987578084
2.432177974095953, 3.470426648661694
2.4355053648240155, 3.4577963263094853
2.4329278226982334, 3.46895256198926
2.433259921204356, 3.436580533396981
2.447670112949568, 3.442333017181921
2.447071658717795, 3.4093352620482635
2.462935062926725, 3.4355796100484732
2.452576827845609, 3.4696494248513723
2.4476629069482376, 3.4727902118171783
2.4500928944428515, 3.4437920713112833
2.445512216050554, 3.44217449370401
2.4372121971782548, 3.426611532430239
2.4378127371659306, 3.394813812841643
2.436438185566465, 3.3759588098933335
2.4340098597293123, 3.414654771378397
2.4477734824584356, 3.44635393618276
2.4358441437589127, 3.4720067103833556
2.445071960896777, 3.462142362082747
2.454862045042458, 3.4532779856900278
2.4501784291511193, 3.453058723515922
2.4535176564765844, 3.460126436145535
2.4630320560575605, 3.4677875908428097
2.4652151697561226, 3.45808969444169
2.474451708324183, 3.4740759162583417
2.4743741202205105, 3.3973002762236533
2.4683489803005836, 3.3404942622753295
2.468485890215844, 3.284766506038433
2.461182261939836, 3.2463675829545187
2.4561996813099016, 3.2441472295558924
2.455572597920101, 3.21149774385446
2.451823866657283, 3.2172988678841805
2.43628969058643, 3.207462832766285
2.431654607002172, 3.2134657778277242
2.432650992648165, 3.2247222834735347
2.42923298935312, 3.2220158440690283
2.42375728722659, 3.2480301636847977
2.4312472222060575, 3.21896607863777
2.4268770326283002, 3.2102321667283014
2.4406700925524283, 3.198025868888787
2.4477962163230544, 3.210212246530959
2.4487988059041617, 3.2003845380438714
2.4536276403129476, 3.229947531573977
2.4600842968446854, 3.2615715830370533
2.4656731286697906, 3.3026591000898464
2.4707715353463136, 3.3122885857117685
2.478892011280963, 3.3500587037740934
2.487565987038188, 3.3740838166602813
2.5071189954346926, 3.3587198918933323
2.4876199124533844, 3.3491571574555308
2.4907640793569823, 3.341984545053265
2.492970519684431, 3.3428581690844714
2.5024892444794578, 3.322470671697758
2.4956586162237864, 3.318346702762961
2.4914720742007797, 3.2255011177029047
2.492796218513409, 3.2059328152512627
2.49822626469228, 3.221105723025301
2.485220563452642, 3.239465173611343
2.4824476756634137, 3.2603323466806855
2.4783989094151915, 3.3181160703700754
2.468081152776592, 3.3527067626789213
2.46530347892346, 3.384778629312976
2.4605090126053693, 3.386907117797029
2.4690513218465853, 3.39084305499321
2.4584354185657125, 3.4433477315838843
2.4518021295440766, 3.4902031366397437
2.436492705842137, 3.476729430610765
2.436164347519811, 3.5132186485959855
2.4270307093359174, 3.5735420939543117
2.4427200455258395, 3.5893000554095273
2.4388264239096764, 3.655539559554891
2.428960810027237, 3.7157955629354404
2.4367571228527884, 3.783856772268804
2.441062952557849, 3.824134893595141
2.459489454236878, 3.8933964925929265
2.4637035269256193, 3.9202854374443823
2.467445418907255, 3.9313335266405742
2.4640810654654968, 3.9254585587348316
2.464657972916622, 3.9355486620679954
2.4671367138501794, 3.9413254779594937
2.4783400747439535, 3.911638494342595
2.487619518049005, 3.8658250515143555
2.475692702273607, 3.8454270558249775
2.468387615676995, 3.8597323215402684
2.4542474509514434, 3.895969308819269
2.4427036443669357, 3.949019734903705
2.436838634811603, 3.9742194382856924
2.43185000123124, 4.013349002574001
2.4392232238814877, 4.049013787107851
2.4564433440695237, 4.079932010149212
2.4497825521082937, 4.130503662719795
2.4541444347848413, 4.143191858745359
2.466951992036243, 4.140509507524536
2.469345145415697, 4.101949866362473
2.4843556387978785, 4.021147246919968
2.493126291670919, 3.9696090439834393
2.5019526308279456, 3.93802326490774
2.520732192631225, 3.884357959534744
2.5270818021029493, 3.824653998022664
2.5040916950328134, 3.783449774990943
2.510725276149784, 3.761247057414149
2.508612046540707, 3.7915976640740725
2.508174429309884, 3.807690078908332
2.513544000593025, 3.8241427578576612
2.513199649608137, 3.84658901092896
2.527904259567526, 3.855822329719893
2.5289877996349133, 3.871106696277349
2.5271513697405643, 3.8894101515859143
2.5206689674408658, 3.8839104626115044
2.517309633673206, 3.8466465853185574
2.5039977257987562, 3.8112306591291985
2.501507121457383, 3.771542082464537
2.490472027052485, 3.751309602216913
2.489359037108816, 3.740369958037646
2.477036032430953, 3.722101927751816
2.4704243564222343, 3.6985680506673075
2.4652680716446276, 3.7016294059413233
2.464696797504498, 3.7179366106145992
2.4669998526755714, 3.74756059732629
2.4684394435628967, 3.7738414317088504
2.4798479811730045, 3.796278895718045
2.482592177138339, 3.8334507767682515
2.489400926886419, 3.8354920755314863
2.4832327559187175, 3.8195514093352783
2.4827021522428945, 3.8221159223461014
2.4817609638372415, 3.7890894674370683
2.4846640995857223, 3.7627292503998553
2.4766694807777436, 3.6943166303499817
2.4749181816004846, 3.6099617271806705
2.4910207607083956, 3.561399479573032
2.496611783937582, 3.511998732648739
2.4979660777323787, 3.433299515651999
2.4997557001556814, 3.37241048617787
2.5027224385986946, 3.3297209348754158
2.5144095856375883, 3.361416432948026
2.5130617968565914, 3.3614930363660678
2.5119588350928583, 3.34194443971912
2.508701326987602, 3.36895647543741
2.5164493598636657, 3.390115982758089
2.5148559041905023, 3.398908088602299
2.511304978871666, 3.405675386180504
2.5172632660692527, 3.4050003814445935
2.508692740195654, 3.447742370034246
2.509636284242247, 3.4746558230185913
2.5017707488748524, 3.391470477790751
2.505000038535225, 3.368683290917759
2.5078976582695414, 3.3839145092717273
2.5114390043897252, 3.393703073389724
2.4981963580120268, 3.4270582881391634
2.4815144750660885, 3.4850935326767805
2.480086008124659, 3.4763865639804075
2.4766138259894896, 3.478073552022104
2.483399278062641, 3.4622244404773306
2.483342705725331, 3.436277396246804
2.475212135759434, 3.4773648970024085
2.4697503457765135, 3.507824364258969
2.471374715992393, 3.488666180418069
2.4734359386114715, 3.471939375060834
2.4864956942830245, 3.447525747540626
2.482059490185041, 3.4056959181214053
2.4834562733645593, 3.3597246486710746
2.4821934873917693, 3.332669975111023
2.476369224344304, 3.3259814844098137
2.464541521945981, 3.346102951391296
2.4789101999627787, 3.3248023944287537
2.4740974684556987, 3.321811165699015
2.468485988573577, 3.358250212376545
2.4758274258906052, 3.324355354910273
2.4692640938749575, 3.3719016560477058
2.486876405829696, 3.3790651415674224
2.494579038075242, 3.4339294302595915
2.4862153365424504, 3.431827595174279
2.4863695670406236, 3.451958010580095
2.4881605526401964, 3.4372324834497725
2.4774711661438973, 3.4935747688277097
2.4733680539467082, 3.537262834592378
2.4816785612427976, 3.5559786308224064
2.4649776936436387, 3.6093301604860337
2.4491709832894637, 3.5870902785564214
2.444205415970188, 3.600718268323827
2.4200280849240445, 3.6408253685105185
2.4124830440045733, 3.710151412351941
2.4136463416751655, 3.7349440791019908
2.4227782024850413, 3.811284560072483
2.425281845766364, 3.8140622215222444
2.4294675857573376, 3.812213403523323
2.421932054172347, 3.8032199407127054
2.4412086302453595, 3.813446498608788
2.4565750494025886, 3.8394743594416525
2.44337454145834, 3.820064038165633
2.4474414030664158, 3.779108160452971
2.4559299739900062, 3.781320049358064
2.45971219832311, 3.756280445038577
2.459945669537984, 3.7152114203113107
2.4600293938980213, 3.665870936996652
2.467131082050018, 3.6500225377544133
2.459723879408142, 3.6576990685965614
2.448606574194074, 3.6670442970767025
2.4503800169430296, 3.6714713557236984
2.462408087517969, 3.6920401621329924
2.4665405398938747, 3.722562595488577
2.469162704240439, 3.719714325864891
2.470049051124971, 3.7176555555995305
2.473958534620242, 3.7271903363195884
2.476486446030873, 3.7553092902719483
2.476500320834144, 3.789836783327819
2.4854262744798623, 3.794137559658277
2.488272235609552, 3.7909054749383153
2.4807714157637233, 3.8128079879968313
2.4799516004041813, 3.8421813521991774
2.4849730389638105, 3.858044529004195
2.488738094821726, 3.8472914890416496
2.486344950268664, 3.8909588359531035
2.4750299077675435, 3.8957181791474524
2.47149317489245, 3.907101775872044
2.4635080764738264, 3.881611665781983
2.4663358223658904, 3.8968912995047815
2.465092961683598, 3.9126497385198533
2.468280185698007, 3.89603827685031
2.460194834484051, 3.911164696383081
2.4637547914272147, 3.9119535450514427
2.4692498019376297, 3.97042342475594
2.462198419311489, 3.941210951420152
2.4700592558361842, 3.9115932623984015
2.472303334586375, 3.933073899149849
2.47797546988462, 3.924184838836281
2.4809737295033716, 3.8554261576053555
2.4808555663437772, 3.8282027873100617
2.489563172440587, 3.7654538576365963
2.495932618706533, 3.7241295528307368
2.4919024044339393, 3.652676286872791
2.476831180314006, 3.6180654880349166
2.4805836139547734, 3.588805137147472
2.480432471782934, 3.5746436397473773
2.4809146248710805, 3.5087861471224615
2.4857870885920597, 3.4952895287106003
2.4863363626595727, 3.493979450773105
2.486768354117223, 3.439837865711297
2.476863592953834, 3.400979109200253
2.4857508248667886, 3.3457189365472737
2.4852502495058357, 3.327415921973504
2.491596428570415, 3.2985181376123984
2.5124788318158053, 3.288203036649476
2.504912521475756, 3.2925391559773765
2.510186738821465, 3.2917366245486392
2.5037639395272846, 3.2903594742205136
2.5057045669790363, 3.2931895889068614
2.508266437211309, 3.3218642832448877
2.5056129065543535, 3.353851821079032
2.5043572400756284, 3.4096415758681244
2.515844469664562, 3.472821923441681
2.516082031114885, 3.511272856708062
2.4942617485821885, 3.5082161764665556
2.5057998016924965, 3.506400389123995
2.4959700544368237, 3.506457758552196
2.4945398432359824, 3.5116872873592953
2.4881632680360437, 3.502924486506861
2.484878590246636, 3.48905453443876
2.494967508214022, 3.5119341521214347
2.479539344371706, 3.5122547925776906
2.47857258540904, 3.4783420077748324
2.476635674510313, 3.433043854675283
2.480887654339379, 3.429167516932767
2.4779303839358566, 3.4472634011572403
2.492343236412312, 3.4585836214393764
2.504084216041413, 3.404474391193065
2.50514752348162, 3.3855915601265694
2.50767012147132, 3.373203047383613
2.5101379102638717, 3.367610407817202
2.535394773166066, 3.318379324238292
2.5339609291602025, 3.3056602577825736
2.5437180729792783, 3.2770729877065947
2.542045937966376, 3.271509679563765
2.5274361165573644, 3.2343530588388787
2.527833778494946, 3.228827886077535
2.516838766627599, 3.255932201086079
2.5208879970763585, 3.2744381251412102
2.52676887335939, 3.28229610428765
2.5199959281050046, 3.2574017732097635
2.5072024160796165, 3.274587814401623
2.5103879995176754, 3.2529059431174723
2.4964613667237003, 3.2523550170471944
2.4980991705474747, 3.273859933171
2.5100126570998524, 3.2905719512567884
2.507261200492972, 3.2948810881881903
2.5165732631748727, 3.306300882568808
2.5152496142103744, 3.3402580981947843
2.504811114172359, 3.3610717139123545
2.512421394582073, 3.3969606475081022
2.5154167813201953, 3.414107929378075
2.5119422765012125, 3.4230795779657655
2.5323478160533, 3.4649797479892994
2.5297429458462264, 3.5055368311964594
2.5329423493535876, 3.553059140727594
2.5337339444006886, 3.5516963009539495
2.523009793284096, 3.594541484347117
2.5197267411559134, 3.6041112661506416
2.534541948158483, 3.630304801927861
2.528112435240482, 3.624220020882228
2.5346902867553838, 3.6500347856339714
2.533771085500135, 3.708793886040623
2.5284153773617093, 3.7537223105003106
2.535890106662287, 3.7585524201062035
2.545995358534952, 3.7824207503907656
2.5456426349899064, 3.846177524779294
2.5572670408467855, 3.8413314375335594
2.5681759228263656, 3.8355319441530114
2.5630453350678004, 3.894197164852261
2.5704918416316986, 3.9133903430305246
2.566483630279678, 3.9013372809963798
2.559581897252939, 3.915294194111413
2.5490151265355774, 3.9044349748225664
2.5480609474978717, 3.9000312036064835
2.535736122936906, 3.9035128514422217
2.5338443380085636, 3.8707582543995933
2.5230090958341416, 3.8994212961937884
2.506382812699035, 3.92803594043131
2.520655303967496, 3.9067899925310043
2.5195778761224963, 3.9189232130143217
2.5140309709754414, 3.9481215324239116
2.5107986297444453, 3.9681399322327673
2.5139854371597705, 3.959677726129675
2.506461027869679, 3.989267303168625
2.507038134705515, 3.9632756258666517
2.4984692771622257, 4.016057321599574
2.5021016365322337, 3.9928840066747213
2.511724054115605, 3.962076069480065
2.490354779223493, 3.908369508685366
2.4890328486657975, 3.8894470099208505
2.503798612050439, 3.899159114477835
2.4987297045439965, 3.872991963202066
2.513221920129319, 3.8662613831637342
2.5257221192480417, 3.8542621692005286
2.526918198448386, 3.835468934463157
2.5313099371752754, 3.7693820009100953
2.5377995135273417, 3.7320205113810943
2.5345363248405617, 3.72225251655131
2.5356689388334184, 3.726222520460694
2.5420207081328896, 3.7353283447712684
2.52956903667296, 3.67899354843737
2.547189402801817, 3.6327841616939116
2.536838333875517, 3.6126168657920843
2.5279257731473854, 3.577183155724471
2.5267355788483603, 3.561910832593179
2.523686049903408, 3.528809200020053
2.516530177246634, 3.547702718362557
2.5148558335935998, 3.5143829755077647
2.517341272300266, 3.499184661451294
2.516371929428218, 3.4471312489748422
2.521536771875822, 3.419285964484409
2.5170669371285657, 3.4006310923640335
2.5124128225181193, 3.349432804133378
2.515922592379037, 3.3216848428167163
2.525122229898289, 3.319430354479807
2.5255782795978092, 3.299553158694974
2.524103732136582, 3.3072393036564334
2.5241721702538484, 3.3183873628316776
2.5205693565232212, 3.3202354975946697
2.5099285449893567, 3.312316305158581
2.512500323581617, 3.2881455796048997
2.5185256233181805, 3.276189481197432
2.513430347652748, 3.298428682763592
2.506104563617776, 3.3008194496563847
2.4897244693667, 3.2618118597530077
2.4964618076568557, 3.239134672332166
2.5137184648743323, 3.1508557905846413
2.5037545386522324, 3.1328188698437383
2.515541472110532, 3.0864629650827853
2.524274597533727, 3.083067642485996
2.5159364067331382, 3.0842992654742103
2.506802859973594, 3.091422182628175
2.517030427191055, 3.086953637323567
2.531839475431304, 3.0768940489266585
2.532197464483859, 3.126838677268597
2.518534606385648, 3.14764260956598
2.5066227241389525, 3.180282583303477
2.510676343622408, 3.1703402273709056
2.5039225992466885, 3.172139385915957
2.4935945338800503, 3.178811578179159
2.4859597464924805, 3.1875372053741153
2.5031559432137493, 3.192843488910359
2.5045190919714786, 3.1978279625302024
2.490906139236944, 3.155405773392143
2.5001574065085235, 3.137490588740355
2.5073185537700384, 3.1142814324943755
2.5088801920153503, 3.13765413343162
2.5139154884998054, 3.191180713539169
2.5130160521807383, 3.1855700997556333
2.5143495034818732, 3.192259891345518
2.5178916760916885, 3.188993481186813
2.4968883731088565, 3.1490205606992077
2.488365289528472, 3.1338241718143385
2.4899196803207753, 3.139994094113355
2.4793826366699374, 3.134427474645542
2.478574875711644, 3.174332639071346
2.4640327187467115, 3.165826543115312
2.4688057501872755, 3.104731986226695
2.463342826273314, 3.11249382885761
2.457024419877675, 3.1214585588497057
2.467079721160066, 3.164556870017963
2.4783509138315076, 3.2097700155031683
2.48633146230205, 3.2499002123632628
2.4920795063347594, 3.2909418741656444
2.498191585119333, 3.2732593763344524
2.492777134263228, 3.245657541047108
2.49934840940431, 3.2688765008754914
2.5085358248041887, 3.2923527368171905
2.5125189776392256, 3.3121249361573226
2.512773259529206, 3.3156140723258134
2.5040697783549186, 3.3101608928579322
2.4940217367890822, 3.348837862015368
2.4986002602319397, 3.374348263513416
2.5067258132894623, 3.4131438332940034
2.516157273960636, 3.4658987619499415
2.522133399483017, 3.529069595415965
2.537840199256032, 3.5326857721399088
2.516205885033411, 3.56243264926199
2.517388632818929, 3.651673781024395
2.526901823573824, 3.7221869714656846
2.5276707445491775, 3.758599537599507
2.5361635435039456, 3.750418664667136
2.5214064761666113, 3.7606933108484517
2.5159957438811533, 3.774299438706747
2.5092438562204693, 3.791156872471654
2.516783535214814, 3.8190730680763076
2.497639150236163, 3.867934273094599
2.5039706995221733, 3.8810305939761798
2.5062609823325728, 3.8513908078856955
2.5065357718694985, 3.824394095334411
2.496265017080872, 3.8102093159051726
2.494557676357574, 3.8104328662055993
2.495434544363833, 3.745926034722725
2.4759150028661154, 3.7299591265324246
2.4832100555417056, 3.706763944675214
2.4743242965735748, 3.697797548100387
2.48664378028915, 3.678739262692558
2.5024368053997024, 3.6648655657336087
2.4954000998870627, 3.651863324428625
2.485929431497509, 3.636785810732504
2.494156060903588, 3.622172918544417
2.4794342421701008, 3.600377003675161
2.485615430615963, 3.6381048314442905
2.505561673420771, 3.6239209297203785
2.4935331061345942, 3.6120506376054755
2.500177139366626, 3.584397414623914
2.494892150175257, 3.5629056271448114
2.4735573374632405, 3.5551690349740093
2.479943876182368, 3.533036672151404
2.490348155673753, 3.5311522140877636
2.4972958181899676, 3.5466478011447413
2.505066976641652, 3.565970282157502
2.49723163808346, 3.559356998856123
2.486040645351111, 3.538250738138379
2.477932840831753, 3.562911940293872
2.475760505223656, 3.598304415594678
2.480056301247285, 3.580933180499174
2.4766300763888354, 3.6005783312365587
2.4791574115104873, 3.631312076070212
2.476041997684242, 3.621893392911402
2.4847011391979144, 3.625152527266072
2.484058768379647, 3.619201127917593
2.4833941933220047, 3.6516165305058914
2.486221969102907, 3.668468337326298
2.4862653841913143, 3.686381868247561
2.471546059379027, 3.658918387097155
2.464840981676648, 3.66155067760359
2.479508497125732, 3.6427496432319346
2.476811171416194, 3.57136733231536
2.4707660812498764, 3.5760312457150754
2.4572269708647503, 3.552833949507371
2.4481067758923336, 3.5438700965291003
2.4548213692325653, 3.5129718937586434
2.452938864348858, 3.5258247272666594
2.4604971919400076, 3.434957056413791
2.4688362772221235, 3.3987569328520157
2.4679684962156436, 3.375609968926915
2.4574522438890627, 3.37680032696714
2.456835089806844, 3.4109117578193406
2.4594941177475738, 3.4024189172752046
2.457534829078404, 3.4028950588423212
2.470409649694641, 3.4133290363611244
2.4686530427385938, 3.396259962355314
2.4646970676600146, 3.3627520102462554
2.4713404261893905, 3.3991816977563616
2.4675818474381983, 3.3939341028783216
2.475684039101594, 3.392000098959791
2.4876710055649953, 3.368201900545677
2.4877782949476885, 3.3375550254936455
2.5003640752204173, 3.3155506048758254
2.500973930003193, 3.298515609749002
2.5057203722553805, 3.291172331060178
2.501772811739022, 3.2741356786012936
2.512720212553578, 3.278502324233783
2.500184521215867, 3.2540076221102665
2.520384209283264, 3.242231828338652
2.514169955140818, 3.239767373251336
2.5039761883265776, 3.209061195862474
2.4929897564767627, 3.2130251897281346
2.4768252618810718, 3.1883648368127337
2.474088694969873, 3.159523101668876
2.4595909946945524, 3.1261481752912164
2.4741470066248787, 3.1251832236003305
2.4677109341152725, 3.1436926328570496
2.470980773639039, 3.1651388280754325
2.465879993747226, 3.2158952030210393
2.472454111221656, 3.2619364331949248
2.4712873163837905, 3.331254028545204
2.483670889741012, 3.392610785005804
2.4938160467906916, 3.472634627586048
2.4909634263819767, 3.5263333146815947
2.497030358560986, 3.5661500661295507
2.4931679027349456, 3.640953304555955
2.500730586212202, 3.6765740732060443
2.4976360203869534, 3.7210177524324033
2.507445165021978, 3.753339042269964
2.5042645286604364, 3.7579513444988186
2.5139321863311626, 3.76207682221765
2.5209395741159795, 3.755512764235177
2.51867270945717, 3.8009330741489094
2.520224798920561, 3.783031901235758
2.5318279365651724, 3.8197127572419256
2.5247509914624984, 3.842172838771959
2.5125007493667946, 3.8359798543819776
2.5080672843230314, 3.8373267325498674
2.489554214504999, 3.8469092031492536
2.483998386204501, 3.8721480255232477
2.482954776016845, 3.9447297436120947
2.478302201641864, 4.01362369551468
2.4775630779747333, 3.997964083751051
2.4859658992730385, 4.104452751881294
2.4805086947925723, 4.177596839883519
2.489660197086665, 4.18251358743642
2.4969080749506367, 4.24170649607445
2.5146435006420877, 4.3381865630849825
2.52090316300305, 4.355389831160641
2.5262807247647956, 4.391599032528314
2.515515599785709, 4.376685534836135
2.5045179097180217, 4.31398392596377
2.5044084318141806, 4.3270328418391175
2.4909484939872764, 4.316113729541957
2.490465866307491, 4.293725957993105
2.4819805318913297, 4.292703002593543
2.481444638515936, 4.28025122071302
2.4720985573450944, 4.212407864879478
2.4601806333196548, 4.235836373498592
2.456277409025925, 4.217091881825534
2.4541724241122957, 4.247044955021189
2.4558543506244503, 4.324348521787364
2.4670644387057346, 4.343518126897062
2.47840764192156, 4.3615483102843084
2.4743271015609745, 4.357037295702828
2.4703491059177396, 4.3630619836253235
2.46549527675542, 4.370308681415582
2.4612105214741486, 4.3721966478394325
2.4594886245493184, 4.289168047945232
2.4571192238219335, 4.2687460694364585
2.462555173258209, 4.220905471418421
2.4625053266709833, 4.21366719987554
2.4350673935238563, 4.171482974480292
2.4390179809411285, 4.121400097914419
2.4317978998631196, 4.133227327921524
2.434781247686737, 4.159899716507177
2.445276394544978, 4.146672558377591
2.4583484957815793, 4.154418374873442
2.465362519272913, 4.217398746528202
2.475245408541848, 4.242151157755584
2.477399325674551, 4.2751930900148425
2.4819460873137067, 4.227614884888018
2.4858890536327634, 4.230040169848089
2.4770715778772265, 4.241138811657678
2.477748663581103, 4.225782696160083
2.4817130495913826, 4.187563171490146
2.4786247431029205, 4.161756926905328
2.4731853764507896, 4.128703175049625
2.4837082089228977, 4.0883351701408435
2.4786609070839565, 4.0637960729662845
2.4827340790180283, 4.003078721041098
2.4811273191948615, 4.0107232089680425
2.492307396292775, 3.947259554088201
2.496440612625661, 3.9243407198423954
2.505362797974131, 3.8768752999725273
2.489464297899874, 3.828843928915885
2.4930655440756966, 3.828572181149249
2.4857545840849538, 3.7978137824597646
2.4839435805548864, 3.7597893165805836
2.4772407814351665, 3.6766953808144742
2.4763503684355253, 3.642524566170679
2.482764197475474, 3.5710693886738243
2.4726197071056673, 3.5727678213593506
2.4691806707469963, 3.5026069717746244
2.471559148378718, 3.4740175303677305
2.491631121966516, 3.4827492552964356
2.477245213273336, 3.4145765044864147
2.4895454089311686, 3.4202852525773304
2.4809621353265348, 3.4280985075999135
2.4864483858156112, 3.4728810882766252
2.4928927994793115, 3.457304438391278
2.4938525476849156, 3.4755489769283363
2.503295213921465, 3.505210162281782
2.504164250369177, 3.505786399755177
2.510731586437434, 3.4861693441331747
2.490118458136307, 3.4274512958757852
2.4967408149492547, 3.4399451611380534
2.4955625863644832, 3.4325557772702893
2.504454267275066, 3.3900595262719677
2.5107100822175394, 3.367866387316642
2.4899024273961343, 3.3905291398480886
2.4915622570100076, 3.367314807443144
2.494905039590215, 3.3407420901482974
2.4914002255262013, 3.335853790655078
2.4742149220243137, 3.3471111320979774
2.4908223460409036, 3.3762287780374662
2.490183738818833, 3.3751665065411616
2.4920678659431066, 3.3621269337573225
2.48891290027089, 3.4172593594044187
2.4925314917538115, 3.418724135082577
2.5058999885834017, 3.394825666126765
2.4987373278487466, 3.41152447043752
2.4924791457570015, 3.412957071024947
2.485424475646723, 3.4431484049558767
2.490869882680806, 3.4679325032009674
2.4830339137902224, 3.4716867408076473
2.4726030103490175, 3.5069126648053226
2.4681063220399295, 3.5411723039455025
2.4766054586385424, 3.545135281397372
2.4662792266504305, 3.588610031922927
2.4657476812044283, 3.640880769688496
2.4599763929645997, 3.6671193163478577
2.468657058934904, 3.7243020900781554
2.4808591594078413, 3.7180904955556926
2.484895252533619, 3.740735393347067
2.4949127554107435, 3.7780289930560875
2.5098843365380907, 3.764153960620105
2.5059586690035816, 3.7661553452247505
2.4972315052037386, 3.7882672710663057
2.4994940606818203, 3.7794163446233933
2.501436041438366, 3.7455044911703568
2.5034715113890216, 3.781313611396879
2.4853968150559376, 3.7801410063190337
2.480916868359386, 3.837039185588226
2.477800262594368, 3.8346196285597935
2.471687752519803, 3.854960464394325
2.4807402589035794, 3.892198328150684
2.481184449183241, 3.8984544268974695
2.4795229038126014, 3.9057777511431153
2.4812834302775415, 3.9473407649036156
2.473738416321353, 3.987783461688879
2.4823229577084147, 3.970084630002199
2.496932360042755, 3.987006170946106
2.506153016654122, 3.980498008492691
2.506516231457682, 3.9894672006681207
2.5148017294903005, 3.9545118481290777
2.497852789164461, 3.9796530486367656
2.501751522516173, 3.9671792709619886
2.5016414179982602, 3.9968645448713174
2.504227229235103, 4.019818007953058
2.517992202650182, 4.0527975620855266
2.5176881202251886, 4.10683165683782
2.522066835222158, 4.126539221875427
2.523566114679544, 4.188161107682683
2.5282648582293765, 4.220352260381619
2.5275339425075396, 4.28056390548847
2.536751766912626, 4.3291845581032184
2.541433679436555, 4.400606418308728
2.5329150868572703, 4.390733341061553
2.521155308527331, 4.402295729385495
2.508790082132104, 4.460086435691105
2.5010225520065075, 4.4873347218863655
2.484927599455505, 4.515119776360492
2.4828439133131943, 4.496774347228665
2.478373534234499, 4.543515630169688
2.4755351998036006, 4.551052136222148
2.4718542836915938, 4.524343201041871
2.464336680524227, 4.501024710211253
2.4749432632464416, 4.530139991097363
2.4856496394933867, 4.549535458835597
2.4936031519454978, 4.4990708878426044
2.500900192524278, 4.400017467844261
2.5231830731569365, 4.337840936793444
2.519706697281068, 4.319230845952037
2.5304581527833596, 4.213325731707894
2.5322655563898206, 4.193117557575527
2.5408143652671518, 4.1381422689068
2.5554743464632503, 4.103128105360275
2.562695977998334, 4.066552397448044
2.5758595336999406, 3.950523978667492
2.586213376963478, 3.903244170557488
2.5878810551452376, 3.8907300211114615
2.573911049362319, 3.8701567410124595
2.5772263314905928, 3.8298496061913445
2.5673219490725834, 3.858974984271452
2.5646334049310173, 3.80647990629416
2.568898022535372, 3.7609581300087305
2.5630916603332707, 3.7078765927625716
2.556461399783596, 3.6424213795393654
2.5401690995818287, 3.6252641531616163
2.5255179532853376, 3.5754807937852484
2.5184002107629384, 3.5518184778959494
2.5208528266586794, 3.5032968451590323
2.520084496291074, 3.469132705677359
2.526795458400249, 3.3756857349227736
2.521492455852504, 3.3498986883980058
2.5132147692494136, 3.3352736912343217
2.5027445517484175, 3.3486366148987825
2.5098930808324846, 3.364327963188695
2.5126485159079994, 3.3918931301244326
2.511039111487337, 3.403835400304812
2.509250928773825, 3.4720625967766052
2.517696158883674, 3.4696926977933216
2.51383279710472, 3.5093408337192633
2.5022448737938583, 3.5736588105140266
2.5051152873156792, 3.59825547231681
2.506000811590879, 3.648131858417517
2.513854827551363, 3.660639865150735
2.498085070497484, 3.6182546364379595
2.4944027827081787, 3.6374555705222242
2.496745099990694, 3.676860042093375
2.4946093944532666, 3.6469398677904374
2.4763261214710197, 3.6616942163219037
2.4839190815705683, 3.641509173329986
2.496797632738306, 3.6359049417456704
2.5043928219329867, 3.609229831904919
2.5152797314042052, 3.5764760115065735
2.506087609573228, 3.547218839778876
2.514757589097333, 3.54741278801819
2.5211955588302386, 3.4888264059901686
2.5279210782569685, 3.461332382063575
2.5340097874595697, 3.439677596636554
2.55305905516178, 3.4033230427552583
2.561279212626122, 3.35995901529039
2.5621197313436737, 3.342173406438671
2.564854430517361, 3.3614748841863706
2.552725080627327, 3.3614611140220623
2.562015214650979, 3.3700373112263113
2.557510522798346, 3.399494601429506
2.554068917368824, 3.4374314168722044
2.5549080061133473, 3.4323471020193432
2.5503898011335746, 3.457190301368083
2.5379966626853223, 3.4962613210765623
2.527277269967726, 3.5365143683535756
2.519182995081556, 3.5377374976207214
2.5061292349294457, 3.5267346911418387
2.5095334204063233, 3.5359595720812833
2.509564372292861, 3.536586050534443
2.5070955637137087, 3.5105095267797237
2.513412633515469, 3.5032161011905494
2.5202610348536982, 3.505233126178392
2.523836893998458, 3.4363155203019735
2.5273488644094035, 3.448838706096467
2.5221354537227234, 3.45058688128738
2.5165820882911687, 3.4473331105158196
2.512534041315522, 3.4105188763393413
2.515230261836984, 3.378823915561269
2.5071434534140087, 3.3592142207139104
2.516665172642118, 3.3630972656519424
2.510583605270569, 3.3439389651467963
2.5057622829833264, 3.306028073034871
2.5023725583143146, 3.3132123025516633
2.5027917230071726, 3.301661128082756
2.5004982824540023, 3.2745525940489904
2.522068733921446, 3.293478671162885
2.5246345916490314, 3.322131321270587
2.5164847396774235, 3.3634370158225364
2.5253929531276795, 3.386912211350593
2.522068253047889, 3.4104503578898315
2.522184587263254, 3.4259029441703257
2.519088276396477, 3.4442285427189554
2.520000103666321, 3.471021370849872
2.5177113947303815, 3.4501246736353144
2.5281634134999487, 3.46827298708021
2.5036547405310197, 3.467442598268515
2.5090117846201094, 3.452398201040247
2.5054849003173847, 3.408860091946726
2.487835416846212, 3.3877423713494963
2.494857846373351, 3.3748979440792404
2.4989823456958375, 3.3276832356234984
2.4948728378917564, 3.3220348622300904
2.4932529269981947, 3.307969688310814
2.5019557913206834, 3.2981006572033493
2.4999929570821053, 3.309020334556222
2.5055156257178557, 3.3060674391278817
2.5152789203315535, 3.338423278529871
2.5247834865413754, 3.3478429280613895
2.5396276841827663, 3.3652445564535896
2.532807663760317, 3.3660185417784403
2.525081442704282, 3.428288525899867
2.5266420499525224, 3.4620072568038425
2.537330432964777, 3.487232478939217
2.5332378553087587, 3.5120896531779224
2.530160915123832, 3.489454109686476
2.5196022380473417, 3.46349259615245
2.513556490304908, 3.4513470028008717
2.507753428664042, 3.4961361553040953
2.502225566415613, 3.508883256250447
2.503265021952292, 3.534755371091866
2.50022198370442, 3.5375682734399474
2.5004482093383804, 3.510762463812534
2.5022843854557353, 3.5284840513462563
2.501045569842412, 3.5421741876534854
2.5010286574330802, 3.5732795754200075
2.5105946395563437, 3.5985388058231123
2.5093083365110447, 3.610361364231609
2.509838517019683, 3.5964411654253277
2.5196424415342427, 3.616009748394892
2.518329665756552, 3.589347188854812
2.5240047773427317, 3.59550686407916
2.5250157419609356, 3.6134404947985006
2.5174985179128337, 3.6003165585896717
2.52202388204137, 3.619194157930598
2.5158014381672027, 3.5840189332917767
2.510727611001207, 3.5774571352190185
2.5141445730283767, 3.5920631748962135
2.5201773237984777, 3.5907524585189585
2.5175099029113945, 3.5814837111495814
2.516840098101624, 3.6018987221168466
2.5174746099456984, 3.61025940023978
2.525814519989492, 3.6032814674023483
2.5219816787194747, 3.6266251640438343
2.5075347276513287, 3.625488532051713
2.5123073788897536, 3.62601230460915
2.516950631482379, 3.607827364213121
2.517831730224187, 3.572952533548326
2.5165569794307308, 3.5583260816603293
2.5101778869557285, 3.565248901785958
2.5095683751260642, 3.54715530707161
2.5056378388229943, 3.522989524003524
2.50175016934638, 3.518029456623451
2.5068599222523718, 3.4601089782122045
2.524347235077589, 3.425344211156599
2.5262733111761975, 3.445427079150639
2.5243838376260492, 3.4740128494344935
2.5169855627616147, 3.48164742206192
2.51635537649734, 3.4759665799048016
2.50977371757842, 3.435820920534352
2.5040675482338344, 3.457660502840395
2.5167152830308877, 3.4280971184154856
2.5185954913175945, 3.4224266692838414
2.5146650161974153, 3.4456243683156025
2.5072999105896625, 3.4554930394164174
2.509073087924983, 3.4669417318568962
2.5121728027368815, 3.4469238230135444
2.519883566319865, 3.459803188858655
2.5192195533062587, 3.4779287202479012
2.5288075232159457, 3.50326977227153
2.5167348694059917, 3.4842748043849006
2.508150785527708, 3.500052883820588
2.5007693874698878, 3.568144247016993
2.507360259386394, 3.6057412266914484
2.501296551504022, 3.608966442344729
2.4939230423068084, 3.6120143061120276
2.491013604086561, 3.6539622491629897
2.4813676633787622, 3.6864863851450833
2.472285919532708, 3.7057873197762654
2.4742378974087935, 3.7192359855516437
2.4870360501037787, 3.752150074013632
2.4873424967385476, 3.7865088675725715
2.4888367293173976, 3.7639001593965538
2.4930296214302516, 3.7766231167215194
2.512568162490962, 3.7861126198216213
2.511134929094125, 3.7839105768958463
2.5088484434680445, 3.774140770856596
2.5105310586163427, 3.7609794456859165
2.506820070673949, 3.7819834687586877
2.501813627487352, 3.8025226313746585
2.5093363158229014, 3.8264606079308097
2.501902970908906, 3.862697518307981
2.500292857630979, 3.902774443200504
2.496411611687391, 3.9308007943712058
2.488226581793268, 3.9882838268617933
2.4895794401475917, 4.025048888871892
2.4862856139149634, 4.07141229168869
2.4899391896178296, 4.10915811138909
2.4858459567039484, 4.125146724491213
2.488364846817336, 4.13524772122861
2.4904609260616684, 4.140473714533606
2.500290693818357, 4.140967778815717
2.4931554598929635, 4.158175199469135
2.50287653063538, 4.141486937207712
2.4941905404768705, 4.138621445585132
2.4998870707402454, 4.16583224450928
2.5170010493154273, 4.148751321663095
2.5127116792371926, 4.190855149603838
2.523720085760609, 4.208721832225629
2.5227385165949245, 4.236380454602091
2.5260460731253387, 4.267627097307022
2.524293027023556, 4.3095314304572545
2.5402514175775615, 4.295213509917245
2.526403938425175, 4.316053315880841
2.537927854210517, 4.336994382052344
2.5466184252855397, 4.318154507910132
2.5460512555493695, 4.349157292803905
2.55029033223877, 4.349033227331917
2.5455728016758443, 4.386384172664707
2.548754804685983, 4.41677303899335
2.5487354511747755, 4.429342465827633
2.5563260581826386, 4.409542107316363
2.5396710917678673, 4.480728130218661
2.544017074829027, 4.467347522032481
2.529922835273517, 4.452627652871628
2.515920926202251, 4.466981322659225
2.5192975138575706, 4.485845303654786
2.5123125812634255, 4.446948288296758
2.525050719659556, 4.419367371210028
2.5176019912629792, 4.386905087802701
2.514307459345919, 4.3528544464587124
2.5146620247671474, 4.320824873405009
2.524279969037731, 4.242822270674205
2.5194785643627813, 4.2430203882233934
2.5125847726253676, 4.248899479211206
2.512578680790484, 4.2148245247531975
2.5012259279286164, 4.165701458902442
2.4970547220061516, 4.145164666211552
2.4816302477819168, 4.118854204804299
2.491705221529691, 4.089880111074901
2.499454877666356, 4.069056761776516
2.4965936977870307, 4.113481832713105
2.493278805610225, 4.133996945866441
2.4869987522168144, 4.127987812912871
2.49152887905985, 4.1160210629284535
2.499691158970749, 4.136645927462481
2.506544857663517, 4.1282971868595855
2.511727039644272, 4.1306847949631935
2.5285266943258193, 4.1217557351823455
2.5364176132391294, 4.145324508365478
2.5287037956953418, 4.143950414355554
2.5258479608920186, 4.106255122276293
2.529960479847702, 4.055731177678075
2.5362505807944564, 4.050498847248754
2.5369555907233368, 3.9953744536163236
2.5436833530865854, 3.991850159516609
2.551821015928763, 3.9860405397784646
2.5593193415309288, 3.936884271770346
2.56207460788678, 3.927558696250551
2.554240245649523, 3.8713902945326177
2.5627190400450486, 3.868547333170624
2.556678416722201, 3.8627981455139726
2.561660144091498, 3.882331412988397
2.564435819685516, 3.853702701406789
2.5649032869745563, 3.87765106946633
2.5439856186334486, 3.8682249718746275
2.5466425213337223, 3.848369595236749
2.5421887204266804, 3.880758430720431
2.539643093940564, 3.8300796292541497
2.539923470913303, 3.850382356028944
2.529986226329522, 3.8332130061054963
2.533837778786663, 3.7924294052145413
2.5319321750472383, 3.798621507561036
2.5320101325856186, 3.785232192820853
2.540180896259408, 3.761372188035876
2.5531243358672837, 3.7215969970159897
2.533423340871748, 3.688847265552961
2.539403508046824, 3.6683840612768472
2.5359916151362727, 3.6751403377068237
2.527788435649422, 3.655722109901711
2.5257880290220163, 3.6495327280171637
2.524774214173613, 3.633144308032975
2.5184082013408173, 3.5703345841117313
2.5127854145183504, 3.544140352482755
2.5187944570316465, 3.5298093552449314
2.517966698365387, 3.4930052782165597
2.5270018080119176, 3.483278136551887
2.5165721444285767, 3.484642266316805
2.526514893642367, 3.458770011800765
2.539052113179712, 3.4725989094513503
2.542254121629956, 3.4599282946836794
2.5410587483002773, 3.485552694990396
2.5325140785963236, 3.49754030198008
2.541841176247803, 3.483497909259578
2.5350868579191745, 3.476776013632427
2.5378149869614264, 3.47491818948874
2.5437473528869767, 3.4722299685068583
2.562250644656113, 3.446726430462339
2.5602682403990698, 3.443765308754455
2.558137271735908, 3.4240226713376374
2.5570622450587797, 3.4236495397042974
2.5651144053286843, 3.3936569640892387
2.572973878792142, 3.3682686488966675
2.5699704700179415, 3.3691730133389965
2.5715773889772024, 3.3611905803852573
2.565591724136877, 3.3916231063877276
2.5594453834778097, 3.3965118293003647
2.545176465194108, 3.38384458812954
2.5467470043214018, 3.4213250628788088
2.5461684517362833, 3.428204406349174
2.5466224739854466, 3.4662620494910157
2.536488455423588, 3.4831192818534715
2.5396821444379336, 3.5081892471878278
2.532678326643457, 3.5716852028662034
2.5382418376939784, 3.6531892787353293
2.5403088027583896, 3.704671302894939
2.535653016925269, 3.7553340774992434
2.546677855133333, 3.869072311556047
2.5365403285989547, 3.941058102891079
2.52305853190186, 3.95744205380576
2.5306166506879304, 3.9909138596504414
2.5375019512785046, 4.057609592419007
2.54208564636608, 4.113834850033133
2.5499651020780782, 4.151807115312337
2.54148360031325, 4.149288074200971
2.547090293253336, 4.151264575669694
2.562629319797835, 4.211035363327495
2.5591964932389404, 4.227848553450233
2.5566807313062725, 4.228128782906522
2.5734766606645323, 4.28431894956217
2.565379430593412, 4.336525018578361
2.557876844004372, 4.368670910535914
2.5602269231137433, 4.371824708332274
2.570448073536261, 4.388888157140743
2.5694378218009795, 4.4356325790243805
2.5709518512136205, 4.441986098862744
2.5660205100765077, 4.417827739303428
2.567297444145477, 4.354718188169417
2.572364609669086, 4.338699420708635
2.56167290476263, 4.277224823515558
2.563339799931259, 4.177139704659156
2.5772477750393845, 4.136515810949839
2.5763285013831334, 4.132984485670045
2.5674733042956768, 4.097707443066973
2.579864490520439, 4.029078785322782
2.5748201148395586, 3.988033467787832
2.5584297696261213, 3.9393524395217385
2.5495723714875616, 3.9137889632682556
2.554242426739196, 3.8600452619591517
2.5647501377866115, 3.8255006565962537
2.5653337901349795, 3.8087015354372964
2.565887911080704, 3.7690151092274307
2.56848409138169, 3.7291931005521106
2.5669653805655246, 3.65516712371074
2.5552534877151953, 3.589250695521701
2.554267342594737, 3.562843145354164
2.5630722561154022, 3.5356500205793835
2.577105177514913, 3.526335222303551
2.5788057028330433, 3.5142361436576612
2.5678964010038454, 3.5557334166216608
2.5649052795216116, 3.5528578494622387
2.558123289740592, 3.49711010872874
2.557834354368174, 3.4758118885284475
2.561195324908141, 3.4894354687634683
2.564358783611742, 3.5248296786004296
2.5700183731293698, 3.5197543060327106
2.5733768216964714, 3.5594064003503796
2.5664742786553014, 3.5489355643133664
2.5518273115477883, 3.5293689690259953
2.5551010942365107, 3.4751009153582237
2.5519011908015523, 3.4654485327659317
2.5582145509797027, 3.493682662381718
2.5463743949281827, 3.496517446965895
2.538283506707919, 3.4868628294112023
2.5426248763981047, 3.4900144721826023
2.535029455658375, 3.4756134840907498
2.530385328022779, 3.4404737049067244
2.5278286450534795, 3.432354676027161
2.529050565924346, 3.463692864666764
2.521559574432706, 3.4934879779461676
2.5247346366415853, 3.4943884699056404
2.5201890090733152, 3.4779192831277648
2.5240031485040406, 3.4678450670532457
2.527938914540991, 3.4432867483150806
2.516701124353643, 3.42127537322364
2.515104642691249, 3.429748174279952
2.5185393825071705, 3.409220934931787
2.5279225233799365, 3.4090170384647407
2.544391209882926, 3.4145093692439494
2.559218074609598, 3.4168682260397043
2.564409769871341, 3.4233347863907055
2.5687025998811377, 3.459987620650375
2.5655982832869992, 3.4984422891792164
2.5658920552847784, 3.5635992691225966
2.5713184619819414, 3.615228939313552
2.5707414789778036, 3.6487413715007273
2.566280357363179, 3.7012137999863475
2.5550188894570454, 3.7643755710692117
2.5488690522328623, 3.7960176434461794
2.543194473140431, 3.818091105593544
2.5515153257762804, 3.8570722890352664
2.542782284574529, 3.8822232474848564
2.5446448518567824, 3.9059521606021903
2.5438742749532963, 3.9095952770739197
2.5532173081394083, 3.8982335869497384
2.5592816828680847, 3.9207358032170334
2.5712673934671715, 3.9466193062514363
2.5822924228487425, 3.956563832949558
2.5684389200865567, 3.922941164274415
2.5751213781810534, 3.9306370796450762
2.56399702530868, 3.9027939675276437
2.5630099570182554, 3.861054510078474
2.5643906114175747, 3.8356799948826086
2.574139390758032, 3.8264943931536015
2.5623354178212985, 3.824843550939915
2.559629122994005, 3.797587354593351
2.539352135019976, 3.769612637483339
2.525365490270889, 3.69248119926257
2.5314481836047595, 3.6815246235016543
2.525675555473584, 3.623929449891255
2.5309730185107786, 3.6084241952129767
2.530270085327887, 3.631009745457264
2.5184568828818272, 3.6110517656926846
2.5058784100992995, 3.5839280302140097
2.510304245789737, 3.5780076655042072
2.5181324725381464, 3.545385767739237
2.5343856978104435, 3.558593922544508
2.535765645131094, 3.5832746073736153
2.5325605430626696, 3.5814842581867126
2.5330833857279513, 3.581522992620853
2.5218293954550672, 3.592934423147473
2.531389158997091, 3.5613153885095863
2.544521872980743, 3.5539297610564153
2.5358016166632984, 3.5433743220458984
2.5310736617425613, 3.4909441728698476
2.5241051812810147, 3.509787630551641
2.5147297598382448, 3.46125056640275
2.513150700947514, 3.434840144689093
2.516458192311147, 3.429204658091529
2.5013869232754424, 3.4266283580374726
2.5081056112693085, 3.400801698840103
2.50320108276465, 3.413491797069777
2.500841439808235, 3.419990939967673
2.5079613742815097, 3.4547539562103546
2.5068159452399272, 3.5046346737346754
2.5109148839413047, 3.4806189763528637
2.5079163691364066, 3.481198818813805
2.5039672623186853, 3.4831917636744487
2.5064238536997605, 3.4911000404647736
2.524356247470898, 3.514747751076078
2.52751696857988, 3.56823076701631
2.5269692457417667, 3.5804115671628836
2.5385085206449474, 3.5605834391423103
2.539249549768699, 3.544768803759678
2.541339301440656, 3.5253341965264915
2.5377318701182245, 3.555426963198181
2.5456827134383295, 3.5631203963324323
2.556699111984765, 3.577428998291029
2.558308359755867, 3.5687024069994537
2.5502299307874026, 3.559216274587313
2.5491295971880916, 3.5480705565151767
2.5577533536396437, 3.534399898707611
2.5498707392851285, 3.557984795449625
2.55713908924456, 3.5531936844069376
2.5691351819736803, 3.5547474385896662
2.570787396455564, 3.560981297004055
2.5667865907085075, 3.566249232632496
2.564407754185895, 3.5518238459369478
2.5640571539156407, 3.536348247754103
2.5736078054187645, 3.507847427163411
2.5654266460980386, 3.490750460722886
2.5551631529057164, 3.491173156906067
2.5474938864347845, 3.4820913910148166
2.5427274647476894, 3.5062695612566985
2.5442288755108446, 3.4801316851295043
2.53116585783028, 3.4764740707906725
2.5469712531813014, 3.4501229093911427
2.542535503395245, 3.479547864081924
2.546867509774356, 3.5162701951821953
2.550115234161668, 3.5636436483111495
2.5665538461482, 3.5681792234829692
2.5679791213544947, 3.5383790057097997
2.570783869437375, 3.5596265995779737
2.5693534249369607, 3.5206003070849214
2.5582187455235665, 3.5251456041558376
2.5737668285404482, 3.4916155819137957
2.55788854454066, 3.504418970582286
2.560488001008041, 3.5265060728072313
2.560777535551415, 3.52250829735652
2.548129903152103, 3.505167775709077
2.5338508713085064, 3.4831533542743194
2.531010467454773, 3.507849049369116
2.5323681259044193, 3.4896747879829944
2.532161313521539, 3.491206979957377
2.532508134165867, 3.525177351298667
2.52367197522147, 3.5200487481769898
2.5314729692078553, 3.529761710827728
2.531536200184031, 3.508907361958566
2.522654062072548, 3.4906363643395517
2.5366538047592364, 3.5228303380380566
2.534684395716524, 3.5426066088384447
2.5266362364721395, 3.5608219096051044
2.5256332614954617, 3.589322124808768
2.521826822842729, 3.618363788670164
2.5256241582739642, 3.6167231932075126
2.546815171314515, 3.657876163010323
2.556772387785091, 3.6974598094284183
2.5672889816113162, 3.7000715331333742
2.563254287201301, 3.761444099379444
2.5554380197387276, 3.772666781484528
2.5599505858065643, 3.7925567373821045
2.573852265359408, 3.7988714614250556
2.5704576310432663, 3.7783935734149856
2.582699174879203, 3.8079698787165084
2.5835451418554363, 3.830909429605531
2.5614433286153053, 3.8753879253524866
2.5416476382767894, 3.8562756152355577
2.5304523320678505, 3.8891841665685924
2.5291977974832736, 3.8778562950406488
2.5296710827083118, 3.9076886357628298
2.5393760032677988, 3.931142984843645
2.533371786955481, 3.9333384629996386
2.53533439385323, 3.9988375064413986
2.5258989121433304, 4.022101558269129
2.5213855447428317, 4.082520225851177
2.531097998061897, 4.1078398013336495
2.524482299525977, 4.20211937670284
2.526829311317944, 4.2437899873433516
2.536173195842149, 4.279341780598456
2.538623799009291, 4.299758247858012
2.530831045599945, 4.3592225456993905
2.5434158290939437, 4.425390033465915
2.5570088053515017, 4.445548368810947
2.5631260314692677, 4.4431982055379695
2.5577544352225665, 4.38658123966625
2.558031298107511, 4.359557383815567
2.5716798532214793, 4.347802119487275
2.5638791970140575, 4.334747025367848
2.5610802925168565, 4.363259918670806
2.5590297837826457, 4.326260667691366
2.5615154400112132, 4.27374606588229
2.554306282045784, 4.263069361304026
2.539543018064158, 4.238896650381151
2.5436808534424205, 4.227870798917371
2.5551910495544536, 4.230155430933866
2.543405668611171, 4.212934652056583
2.5322999601402025, 4.1458068530403365
2.548571515371466, 4.11927309904815
2.558795064325948, 4.085768603109334
2.5547602624682137, 4.106972002781248
2.5525457650060077, 4.107584100267624
2.5459360099049144, 4.102382074651456
2.5529183012508625, 4.120426125098528
2.543309460072952, 4.128991446392185
2.53295100342991, 4.1734371090162
2.5509997510941087, 4.154361161587913
2.564182333032592, 4.167973586031604
2.56037302939847, 4.181379775369951
2.549718281545675, 4.134822108211488
2.5478647814281854, 4.136250504255658
2.5455332924004472, 4.100175557326086
2.5518697326214985, 4.08548348451295
2.541068347824714, 4.017203167302427
2.544486405436815, 4.010073832527781
2.5470274622712386, 3.966365762361078
2.5337251342761316, 4.011135228311586
2.5339238642113573, 3.9984906641700007
2.523995307461118, 3.9746232083254185
2.530896095446176, 4.01531059284398
2.53150517034094, 3.9997098639162614
2.5266841679568106, 4.003542171177662
2.525614129095481, 3.9876238439738843
2.537356787437772, 3.989605841924308
2.5430465650048646, 3.9779940411177703
2.5401700247343486, 3.9688525700360793
2.5396528707959236, 3.9299391169793645
2.5366571532336724, 3.914939075633852
2.534221747093074, 3.878050099953159
2.5257318642530473, 3.8469372876314294
2.527634226545059, 3.7984198425870046
2.5272243579700318, 3.818064546074462
2.5055249383856557, 3.823005828313002
2.4940514539985554, 3.8092050607810095
2.488251916115118, 3.7832737530734697
2.4964412259289657, 3.7810633575346744
2.5023135136767864, 3.786429047684109
2.5019983752107824, 3.796177194612343
2.513430985788657, 3.8207655908186324
2.508980192739269, 3.8228441387387506
2.5084406421547905, 3.863551828518157
2.525401331125251, 3.8613082959522296
2.5341435999322566, 3.882764785681784
2.5447232484141624, 3.905090579968326
2.53762238211291, 3.926355112844015
2.531616346288285, 3.926560957062783
2.534403182911514, 3.9391205037203485
2.5223526175793163, 3.9253758787069044
2.508213382749871, 3.9219657855241037
2.5070359828900655, 3.8931865226491924
2.5218911600267053, 3.85580887800228
2.5094415034046302, 3.8426144777623343
2.527211909060193, 3.8098753599185047
2.5259704539615955, 3.8137102994440895
2.5321104226081554, 3.8140203831387014
2.5296832355934407, 3.819145817487809
2.526576619130691, 3.820870017073576
2.5437383104747635, 3.8379007873403785
2.5605927169244582, 3.8339008942952075
2.5776512552868946, 3.830478013520559
2.564742289101654, 3.799897962591288
2.563428456860083, 3.7622818577614323
2.556697737997946, 3.7418256113418495
2.5624025838913624, 3.726980036072186
2.57532087155259, 3.710708406285348
2.5894721547670825, 3.6875273322174222
2.5857245208879847, 3.6389108037528386
2.58583315792832, 3.6016549725014384
2.5839934084075207, 3.585781254578319
2.5769650643136046, 3.5873512588546106
2.579249897449688, 3.599912352044961
2.585496252371647, 3.618066878148698
2.579625071657345, 3.5908653782440547
2.582662722378882, 3.60018146896498
2.5713702031353938, 3.5802811102279586
2.565519788519196, 3.5481752258462116
2.565488552265767, 3.596475196849294
2.561633459332417, 3.6140188303736025
2.5598861818324923, 3.624743226772124
2.5601625098465806, 3.6625281717126112
2.5697037565714904, 3.693075341179859
2.564107525848163, 3.723002383720101
2.563229838822172, 3.7584904331026094
2.5625050410070953, 3.7556734146473
2.5690056971686013, 3.7798302596327638
2.5643693373924683, 3.801475619002318
2.5688524429799644, 3.7859623471127755
2.5773203565939413, 3.7786098038671434
2.578618116455962, 3.7981099184873366
2.570911688071638, 3.8168821580324765
2.5670430125068995, 3.813312114205438
2.5666212034159086, 3.7891625558688182
2.5751492807039935, 3.808874929888519
2.5654589883084733, 3.8178987742046386
2.568138412197045, 3.819002528045297
2.568242324999311, 3.865735483685654
2.56730054209127, 3.878014229696685
2.567057732465517, 3.921144822839844
2.5745264824410317, 3.9283576618614418
2.592046150989076, 3.920662413614804
2.5975368837309434, 3.9556927889339213
2.6030448944321045, 4.047002300215309
2.605514533191071, 4.062878201486095
2.604897391857528, 4.085458700353439
2.6048106305271395, 4.13336678976754
2.6127372531697612, 4.1480630568161745
2.6100147544750327, 4.191210063300892
2.6103914440428375, 4.1759597693733514
2.614234035923551, 4.220141519572447
2.6053592286424228, 4.231694210058263
2.586059414383879, 4.275306004277619
2.5751098101051073, 4.204174623027014
2.582846201180271, 4.226982960461222
2.5829545800572307, 4.274814323634648
2.583304747179324, 4.28755059451133
2.5744141546761212, 4.287401318126163
2.5756444167114805, 4.288921605760566
2.566395632654251, 4.30972802920259
2.555566190870831, 4.307756506035331
2.5582451770289745, 4.309568504039371
2.559749434596491, 4.294837397743212
2.5764152793820934, 4.317887114444329
2.568755435430897, 4.258174389987877
2.5637109278558254, 4.188921590078444
2.5473024991267055, 4.1292996065563345
2.548316250281188, 4.07533137575326
2.550399220721043, 4.007653930963094
2.5442677777729736, 3.9731142574887577
2.543886252586514, 3.9019403195743037
2.5350586599452756, 3.845865359240321
2.5461419445800453, 3.7679787903739688
2.537994004481022, 3.7478146423518117
2.5362377489665064, 3.746522180812124
2.5515335343314747, 3.7109533381962776
2.556423191628626, 3.6500242012993747
2.566312704246828, 3.610047910113378
2.574047379257977, 3.5775055276108843
2.5824982732162067, 3.511897251147739
2.577856358324148, 3.5155953002249802
2.58205045572228, 3.4837584842607576
2.571447210338189, 3.4424917787488725
2.5714242640451443, 3.380913328935405
2.5623257068596286, 3.340729820858776
2.5541576712205836, 3.309435024067249
2.5542251172232504, 3.3423578702725285
2.551742247327907, 3.3546924535569658
2.553613832076074, 3.3286904718060684
2.5569176149490143, 3.372551669153643
2.5608474250984115, 3.339917309039015
2.5653920529350867, 3.333257808137796
2.562857940444956, 3.3569702324609865
2.5659208940583733, 3.3717903257229658
2.5706830615605964, 3.352287960250056
2.5796236531505157, 3.370373181776075
2.5913179054789666, 3.3235012039911567
2.5823226082951436, 3.3135502908474153
2.5745364688331804, 3.3067135912827923
2.569516742857185, 3.2807720677954193
2.578221026154119, 3.275139205443643
2.5749209121836043, 3.2879339872243145
2.5818479556271656, 3.2765121633398295
2.5918679000520006, 3.2328898963220896
2.599187860060112, 3.231733205840012
2.591472906140033, 3.2472464760016835
2.5816415290581416, 3.2701574234403217
2.5856224712138465, 3.279110525948333
2.6063967972857314, 3.2912913628051306
2.6095690638223816, 3.3108337852317207
2.6030837569305803, 3.3338330095719457
2.596967346677178, 3.342208465167375
2.6022867969240457, 3.3759464928700877
2.59416593690686, 3.413254617187859
2.591283391351992, 3.425662908831993
2.603809833117892, 3.4423027960585473
2.602979985620405, 3.5146556493760293
2.6110226150136704, 3.601647755172536
2.581747413071839, 3.6696597442596732
2.577352186230659, 3.751905206380015
2.5770565216312074, 3.836426514549781
2.5888910784169332, 3.9304797988006164
2.583758533634937, 4.002774412349224
2.5874044147849333, 4.10647952387662
2.5967058979536595, 4.189238068990893
2.5774378110072216, 4.264234369312371
2.5876045745025453, 4.3210934374347305
2.5753074427982363, 4.351812787470358
2.5927712643933316, 4.406804988427659
2.5934100904346855, 4.436151759483874
2.590995265577484, 4.475145367501981
2.592018424110947, 4.479923729413145
2.6017243637396086, 4.506144669831258
2.5847170421010786, 4.522626159684522
2.568551022628758, 4.54866668888996
2.575955568151194, 4.548640573843475
2.571959281344877, 4.526102591830838
2.562916153532778, 4.476148530677379
2.554159862029382, 4.44508928128881
2.5552151583775187, 4.394083752589519
2.5535311702295007, 4.344934377797385
2.555340076610708, 4.290682793226409
2.545146348023004, 4.228648154782246
2.5433278202210152, 4.182653758241391
2.5529531897504305, 4.1487288306001755
2.552386167242195, 4.105786857246503
2.5465030126517436, 4.081958999246397
2.5538732469511745, 4.086550162014011
2.545928571531712, 4.0729378472471165
2.549464974646271, 4.0755652123992965
2.552690240038183, 4.051346820653003
2.5619687588602718, 4.06506531632262
2.563179661506619, 4.054801935617945
2.570436567716019, 4.021518634601374
2.568408921037224, 4.012050911148727
2.5790332574819526, 3.996167731218653
2.5832373955502046, 3.964225209157573
2.586786276566424, 3.9208352047371564
2.5831229505556745, 3.885101839474056
2.57648042262252, 3.836301829026028
2.5855433220153308, 3.773784247662099
2.559105748546309, 3.7317547579179
2.5524768236946, 3.725670521809451
2.55283411030062, 3.7277562632464294
2.547728798314863, 3.713348988258481
2.537737513076455, 3.679044463098883
2.533151979027155, 3.66659041431215
2.534851720006401, 3.6300147887478764
2.552408789194894, 3.633837905171947
2.553327912160608, 3.6143075558082742
2.547239500395814, 3.6274791002313345
2.552697867567386, 3.6067364441657275
2.5568295268506005, 3.5727105710386864
2.561951566666844, 3.5551627365941223
2.556916203668663, 3.5257807056527577
2.5559481331567717, 3.500922709688581
2.5568646810551177, 3.4894453242743366
2.5562225144597237, 3.507089875593022
2.546629898326903, 3.459600213321697
2.5468978641600333, 3.4868306371631106
2.5414767282125657, 3.4451720162294586
2.541524744148467, 3.451446852057468
2.549925705984604, 3.443599582854996
2.55235325131911, 3.441545985032139
2.5660806465133814, 3.4550772762983164
2.562975355555928, 3.459932609198461
2.557057661243929, 3.4423932096946834
2.5634779978131057, 3.437986575987641
2.555959136674418, 3.4816647810334027
2.55624543759082, 3.443852629812583
2.559790271819782, 3.483738773453088
2.568210728077636, 3.489401069901773
2.5660590599210824, 3.5028965305814204
2.563814196001463, 3.485691646092936
2.562017440152935, 3.4920349001127833
2.5699850813593073, 3.517817696848695
2.5786860448844195, 3.5357715745956226
2.584774461096338, 3.5275304407843393
2.583341765165633, 3.5339724202279412
2.5842248149907934, 3.540748402436514
2.584041941372969, 3.5131883921890115
2.5720691318434166, 3.5130043941310065
2.572832812641903, 3.5029328204149053
2.578976822385939, 3.5034887956401954
2.569315076569291, 3.4834626618437823
2.552808140670243, 3.487883873106263
2.5537153740437732, 3.474282986560444
2.5422777327039108, 3.5089408342101036
2.549409050067575, 3.4735626852091315
2.5539416093961687, 3.477573271237391
2.550540202581045, 3.5159385330018864
2.558320906147006, 3.4908888294607494
2.5514406647470613, 3.4839346119295245
2.5422681327058085, 3.4880649888716
2.542931759081139, 3.477736613481267
2.5546997872238224, 3.461508325664789
2.5378453927308433, 3.4619441767971764
2.543916981347893, 3.4111060147664367
2.5497250361262402, 3.4126271578710075
2.538532823536246, 3.3825271195248012
2.539635873698146, 3.3822209593160153
2.554172804015832, 3.4117870065121068
2.557013496341852, 3.4146048067869033
2.560802869744172, 3.4402553528179594
2.5684290823489104, 3.4592926848559897
2.569844308022666, 3.494628778191989
2.5816863439388866, 3.546974047485287
2.578396553622499, 3.6637427600906953
2.5724744449196555, 3.7142967265745304
2.588224974463807, 3.8172239091834337
2.5903389178345355, 3.876930456864263
2.5811989287052453, 3.9681684826157806
2.5763057121052797, 4.037226987884763
2.5572808944345793, 4.096586697208165
2.5570505814415965, 4.18118456172085
2.5582188218898727, 4.251172264050636
2.5560689160275896, 4.341114062619022
2.5505911721019734, 4.354323849359082
2.5409105963638257, 4.429213989271161
2.5317912735211854, 4.45768810133516
2.5317531637637605, 4.469560231987479
2.5295151551488546, 4.458825234353831
2.53500629764932, 4.505793875131284
2.552631299153651, 4.5079785836844195
2.5503079566127704, 4.503376330555262
2.552650034657125, 4.47778179017264
2.559573591463817, 4.456606391707856
2.5617985229659497, 4.461763017683762
2.5773770759313512, 4.47420989469682
2.5835727361128713, 4.502035328701434
2.5742057014541158, 4.510581737681186
2.5656586527811127, 4.528107206302218
2.5574074198111765, 4.5350955719396255
2.555500740391919, 4.570551768347409
2.555900551704153, 4.587909970319191
2.5576110546391497, 4.5753832521925535
2.552887931908845, 4.540467031320629
2.5583987544257054, 4.518033570093551
2.5425613541451604, 4.493490484766696
2.531877050255534, 4.462141490116198
2.525529703238918, 4.445953398836011
2.5251732437850785, 4.410555170183426
2.531428870791684, 4.381562656296763
2.53371786689306, 4.3698648635680435
2.527327761011873, 4.3762744943015175
2.5053834660079337, 4.419374079264609
2.5105516214972967, 4.407573920045463
2.5114339133061536, 4.415872469362651
2.5229308648749145, 4.40266187878871
2.535801456973979, 4.389754234702273
2.5494865884790814, 4.407222487001137
2.552654837215826, 4.4480104080892335
2.5528133831280786, 4.4484285648652655
2.5399574814035275, 4.40924324151675
2.532844003473396, 4.377865132159656
2.550820513274213, 4.326063842560706
2.5457704794790117, 4.29725552946328
2.5385448640593227, 4.268450851151952
2.5374256937793467, 4.258136326210311
2.532808855779636, 4.2309381184498065
2.5219387149493633, 4.190647381300761
2.5177323935337426, 4.12991986919325
2.5222764564218316, 4.1153628646286196
2.5306307291109893, 4.110089972957349
2.5536012480484387, 4.073724880877264
2.549044694780707, 4.045265414754384
2.5512574780294943, 4.042250876665315
2.555884915160199, 3.9903631750731625
2.5605292435353615, 3.9965062276685708
2.5568457780340843, 3.9587995619862943
2.5531328575020065, 3.934979023591448
2.5550576812648407, 3.9158957048728125
2.5497325575199374, 3.882672887377322
2.5470373331497553, 3.819381464936735
2.540917813784267, 3.7765218594238794
2.5450108492812022, 3.7636648335917555
2.5377795887326875, 3.7362290952996924
2.5328151259185447, 3.7240078177027898
2.527820378754595, 3.6926542542111016
2.524454461705578, 3.743404085973009
2.5449732485248417, 3.7718220088112964
2.543359721004441, 3.7887032887530943
2.5451628480132995, 3.800603310025933
2.5384197399314106, 3.8448909385602663
2.5258986038614135, 3.9012530717476963
2.5272608822802485, 3.905613390584513
2.5368140776747508, 3.9513735157541254
2.5328902335236654, 3.9986711197731166
2.5404663770648725, 3.9852713548083507
2.5447733675772417, 3.981559523878971
2.5371376782976838, 3.9533209473143684
2.5477838356355083, 3.940069662021254
2.5504944288424944, 3.924385253249705
2.5577264920829386, 3.907318987305284
2.5657045591432195, 3.885411084676543
2.5594915745835247, 3.8975526619036622
2.558912631061754, 3.870611095151383
2.5604929182454432, 3.8246279016819025
2.5531431295830957, 3.8114463165968857
2.559766423060255, 3.774448819837277
2.5628374062603663, 3.7377358056083616
2.568738168194562, 3.694767450064668
2.5712845338650565, 3.675312732390419
2.5796277766566424, 3.657684357183167
2.5914774772164213, 3.6035676087119564
2.60490822232222, 3.554857169113627
2.600661298413382, 3.507507306519698
2.60849134699499, 3.5233574658677185
2.6052792141891423, 3.5236298903936367
2.60447476511495, 3.5052353156012908
2.6035899692025355, 3.508037791036304
2.5854024613268143, 3.5296743550176033
2.5780507205129246, 3.5249599189923577
2.567935262512369, 3.5052693372062604
2.5597675228980825, 3.5135288307077586
2.545103375507103, 3.5094520930823405
2.5555230546236856, 3.539311910353907
2.5544225336383617, 3.5544186169866743
2.558349663448461, 3.544084621133121
2.5471896257412823, 3.530654838698625
2.544880342722195, 3.527493442069427
2.5534498682893245, 3.5022011728875535
2.563718818527196, 3.516685626857536
2.564510819995929, 3.515863727446688
2.5569318085019273, 3.5206703956945518
2.555912705976808, 3.5544220319192084
2.5548278328906586, 3.5434833892652833
2.551499100892559, 3.564543606889738
2.5688065135857983, 3.5993537125363924
2.577313419490185, 3.648427762587596
2.588256009429086, 3.695960245659639
2.5809920468266503, 3.7464852732895344
2.579380547805366, 3.800611048252071
2.587953444502669, 3.8682076900074462
2.591595972925183, 3.926597352786577
2.586375638201358, 3.9851830634116228
2.5780627338285984, 4.056623774047219
2.5834463764641407, 4.076852173476693
2.5800668388740546, 4.107749399139407
2.576116857766962, 4.1682185983388935
2.5705268737282383, 4.178829740350992
2.5841846276275366, 4.217659495455687
2.581552262145921, 4.184858293529327
2.5807590799380047, 4.20763643509938
2.5716266057054806, 4.212695764322747
2.58803268048318, 4.199849566688833
2.5848544381051513, 4.20376854665021
2.5878989553496914, 4.191525494778533
2.585007031208334, 4.166491637391576
2.57318739835733, 4.1186470127691255
2.565341146952858, 4.127763832407588
2.549759969934628, 4.108358137835074
2.5549512670906744, 4.085567152556203
2.558446954776408, 4.0354120289889455
2.570371658396901, 4.022148533281556
2.561310743602347, 4.020576107867081
2.5723109963874293, 3.9895921324679664
2.568879416332585, 4.000388120390303
2.573773234380747, 4.007167883404474
2.5940978526293303, 3.996032185625095
2.604939164124083, 3.9894173621225213
2.6238842219335883, 4.003914208098364
2.6184098029951977, 4.034618023545666
2.6166034317873206, 4.0503373833570695
2.6159190666326584, 4.068421131862137
2.612355273190131, 4.0597705004144
2.598941793860567, 4.050309483614958
2.5992462012866295, 4.030621605993083
2.5909635829189868, 4.006758690650393
2.5856902886041047, 4.039554615007827
2.581104759241926, 4.051969873635577
2.5622875320525025, 4.043124953148827
2.5581293805441065, 4.05334165310656
2.5590060068488016, 4.099573445457471
2.5579417312472605, 4.074033886183662
2.57298146486585, 4.069593363500013
2.5742393427139385, 4.085573782484259
2.578583840403725, 4.066920212920862
2.5652642365706138, 4.070299656876381
2.5651001945950958, 4.03320929020513
2.560836202971764, 3.9672925046535132
2.564793526383599, 3.9194016194657584
2.561295715487971, 3.835108496491757
2.5540620822591467, 3.7522605716607567
2.5641739178736325, 3.7257190402465765
2.566177411207884, 3.7014916163790588
2.570672039853318, 3.669817614328182
2.5640136459525324, 3.6579471342318755
2.5755739154743837, 3.652247302835132
2.5847847838808193, 3.6046620201109243
2.599580652697486, 3.597306997290032
2.5987908432078517, 3.5565467642708604
2.601310410789945, 3.5482318303493408
2.5990375769740455, 3.5151503691445027
2.587641188048436, 3.4710614009084844
2.5741049226149224, 3.4109541230961646
2.587592757872037, 3.348780450138515
2.5959398767918835, 3.2773518272372884
2.5890739615313714, 3.2440240384085657
2.574331710831669, 3.2293018216520712
2.5791305049394895, 3.209019173476219
2.594663694509833, 3.20337515817383
2.5927220595524902, 3.1988379906643796
2.601902536662102, 3.2153381452109735
2.609637691721832, 3.2240214977162394
2.6182556231289285, 3.2476662702796935
2.607830482475273, 3.3037022880268956
2.587128998462224, 3.328075402969901
2.59628482622849, 3.320381121139382
2.601222870970445, 3.33739904219131
2.5829572287516394, 3.322676364591409
2.574272430612779, 3.3542947512377403
2.5844258396362516, 3.3532404581042528
2.5736666785069717, 3.3263437930969837
2.5710213528267203, 3.3697110054183192
2.56792831096302, 3.382481983624429
2.5772693656658325, 3.343058825333278
2.5856082250253243, 3.379239295613959
2.5768853254375386, 3.381701533000554
2.5762731858500443, 3.406824056553161
2.5788745298475537, 3.424070096032932
2.5688615445135765, 3.4067528953507753
2.549620156831831, 3.4189652264801658
2.5550640852185076, 3.4306819640814252
2.559421805856748, 3.3938003111003967
2.5673982996558973, 3.345808241510516
2.560612373761761, 3.3631815338052062
2.5621959373002254, 3.3503645022264608
2.5610070590001337, 3.389904142168529
2.5568261866311657, 3.3874217573432226
2.5527628448613617, 3.4668991897177506
2.5589811276752057, 3.5345423910674016
2.589772682887058, 3.630192074394574
2.5828404906507365, 3.7027562408627555
2.5866299544567632, 3.7910417077421195
2.574912415647891, 3.906518150995197
2.5768224401445714, 4.0296594886779475
2.595868618049329, 4.128972648143066
2.598181631410568, 4.204940456246375
2.6153415881425883, 4.292726247047935
2.6255974378564773, 4.308109851361488
2.635820257540763, 4.37205400105194
2.6260236354093736, 4.409343278252471
2.6289539746041815, 4.4701129794653
2.615089324519092, 4.515405546868751
2.604280813719437, 4.5774433893677315
2.594057130312519, 4.574928197398977
2.5745550888293063, 4.57724270133248
2.5946962315801985, 4.592815153363079
2.5835042318291785, 4.60652618591179
2.5767796516951984, 4.652129933158556
2.5663445980046253, 4.647791646427036
2.559608116538665, 4.656807995900215
2.571501489568263, 4.638811007534693
2.57817479314187, 4.5997838888200295
2.5896126145409055, 4.546292304061377
2.595115748306264, 4.499508544537052
2.6003007324901324, 4.457088151992999
2.585493557867244, 4.431656995577283
2.5949672901901435, 4.356841357739465
2.597727053333795, 4.325680167679494
2.6011915221484148, 4.27495340088466
2.61001598733167, 4.222015514255556
2.6161373806612676, 4.179229306373299
2.61646244181385, 4.163586720167388
2.6215895801831213, 4.142727526723567
2.623346531368162, 4.152763840579975
2.623026601334555, 4.131811981721113
2.619208389318731, 4.100223883357844
2.610913695136948, 4.097795458695208
2.6081496737450083, 4.035018447340834
2.6080173082343427, 3.9773530915611266
2.5965300465542174, 3.9141022519743
2.5876862165691934, 3.86835900797335
2.591435232393632, 3.81003282419531
2.579964109608212, 3.7451474006282957
2.576299731727539, 3.7073481071993966
2.574460290742875, 3.6760275210635633
2.5698612813064545, 3.6104087467862165
2.574622013137323, 3.5547410914520583
2.5792407323722464, 3.5338396867459485
2.5753879903831134, 3.5091322458953416
2.57174107485957, 3.475648409224179
2.580837536340179, 3.425299299130736
2.5679448495487938, 3.408022780349684
2.577920662571599, 3.3919197087145063
2.579104684906019, 3.344705155084436
2.584742208028943, 3.336402690795007
2.597185535705079, 3.3587239408860414
2.5928707610138875, 3.372259869073029
2.5938720977107925, 3.351226195375797
2.599196904751307, 3.3471249744469516
2.598299242271861, 3.3451063362868636
2.582209743237462, 3.371421001010765
2.586316496682913, 3.359406568632918
2.583681480307913, 3.346420521399452
2.5958190631100995, 3.3283467493784906
2.5973708142745764, 3.3086802892384446
2.593101897065229, 3.270556985752741
2.588106600753413, 3.22736795163616
2.5726503454053202, 3.226198316028391
2.5690484511128178, 3.228737524626708
2.579463729609109, 3.257516618622057
2.5897813383355484, 3.2344669604045606
2.5881795616853047, 3.1966767407702648
2.592038872225097, 3.1889759153895847
2.573585068614654, 3.1949268714455985
2.560504385559013, 3.199648867535889
2.56890673412572, 3.146639331962751
2.5774114928173013, 3.128365856721569
2.5892147776647723, 3.0920528988549387
2.589900288452427, 3.082241829866961
2.587161782228225, 3.032363874729941
2.5722973985303548, 3.0135712344801364
2.5726801574081652, 3.0279236011602033
2.5695645644656415, 3.0321444617271913
2.570695706279717, 3.0160364609237362
2.576809066338055, 2.9924937868477217
2.568201611715507, 3.03314397228674
2.568686644757816, 3.076787124186446
2.563494857412569, 3.0890029406711617
2.55864809512586, 3.094498909446097
2.5647407927552224, 3.1273930615543035
2.5822805758071636, 3.130743516754678
2.588472301873728, 3.1646025097034114
2.5856362871218357, 3.18325144114426
2.5936768430607087, 3.1934414657177066
2.593223569451246, 3.180627510929997
2.5867186786275314, 3.1810940745608463
2.5771383034454134, 3.1781299903832116
2.583947915591513, 3.212741095451773
2.596031994425741, 3.2250849701440627
2.5895389721383877, 3.226547005966816
2.576493279817968, 3.2936854523263506
2.57340904337272, 3.333830943975785
2.5842554717505353, 3.39466576046582
2.5741089573532916, 3.4731749046121463
2.5656044162503346, 3.589629408453594
2.564972668679519, 3.69781348814323
2.5623059379629907, 3.8437858436715557
2.5630468480995243, 3.9370468260534226
2.555782913762009, 4.056389986424315
2.550591490055525, 4.166306654667238
2.5465698217819766, 4.296226580586234
2.550450055303122, 4.432247918592695
2.5423708613166807, 4.530374796942268
2.5554737455796963, 4.633780886422804
2.5562247892706065, 4.748668823830147
2.5450185326646495, 4.817682709211827
2.5583084489258545, 4.831985310029437
2.5576099464075823, 4.905724498352501
2.5636634020592286, 4.956798882502178
2.566085074394972, 4.995984691826395
2.572087471070689, 4.99846525791518
2.5651175321240802, 4.992713045817809
2.567262772239521, 4.967366621435241
2.5586689015401505, 4.978317472714214
2.5721807080280614, 4.939462171414874
2.595313732378024, 4.915327377629231
2.5875370614869033, 4.9477448778391
2.5785566481832314, 4.945678482153899
2.579534866364052, 4.91364177642678
2.5820997060582394, 4.924392829269967
2.574534029396805, 4.92845850944306
2.571166480262834, 4.919417564251907
2.5631918025749623, 4.952543116846417
2.56342101802937, 4.9000857266206745
2.553510794809391, 4.858167076456928
2.546057782213104, 4.861800545027039
2.5472763487676824, 4.8202839497434775
2.550753828662252, 4.748745966518987
2.5457532393482376, 4.69804617922072
2.5356812403852222, 4.654161538631381
2.5351299271886547, 4.59966981806282
2.5426832868852243, 4.572395137027332
2.54389972350058, 4.534216531577009
2.5481881039733154, 4.5190989317016115
2.5549692535525743, 4.512500308899578
2.554943744266423, 4.487765129664631
2.54384258162453, 4.450547492866328
2.545547123180579, 4.451540216749858
2.547788922186851, 4.459459140539126
2.54040893298719, 4.418730905987692
2.5506473482626957, 4.382987589538089
2.5405215000346573, 4.331851042803827
2.5477280049551485, 4.28622951195438
2.5495854439189003, 4.267348058371893
2.5524630593907975, 4.236718385243395
2.5595742819110034, 4.198994139020306
2.5717311720831226, 4.143147804500316
2.5778796667864734, 4.1080610497574686
2.570621800355163, 4.053923158168172
2.5787495298832486, 4.0556551490877855
2.5733099529356798, 4.059215586264594
2.582937061346199, 4.068114504874017
2.57034084360644, 4.070119947989947
2.5702890748434326, 4.006382926438965
2.5859492084132145, 4.009283343453413
2.5802067103898514, 3.9757399807680445
2.5823132286099946, 3.9737723462179986
2.5790094524383007, 3.9551281484424976
2.585675885649075, 3.961798829817667
2.589886767423285, 3.952076618817992
2.5966988226033125, 3.929594073983817
2.5924048082768874, 3.879748593300421
2.587655852525556, 3.8255558005359704
2.5909071428128843, 3.866691355648632
2.5740465129855585, 3.8006827225730446
2.5763116132003065, 3.7793903090517253
2.5669782926531775, 3.772291046756822
2.56379529187667, 3.7798391003765857
p_std: 5.00, v_std: 5.00