p_std: 5.00, v_std: 0.10
bad:
1, 0.14121390512715115
2, 0.051192757041373715
3, 0.05153557164591515
4, 0.05028181712114859
5, 0.04934283287285558
6, 0.051218264368652344
7, 0.049534749616679155
8, 0.05022479702670541
9, 0.049282743562888656
10, 0.04973710243906739
11, 0.0494927210721777
12, 0.05039463346307889
13, 0.04913935297856044
14, 0.04940148631203569
15, 0.04903500989027338
16, 0.04902879095597746
17, 0.04939906086718066
18, 0.049073912448750936
19, 0.049146210448906616
20, 0.04846598946297519
21, 0.04971924242245714
22, 0.04899820424980644
23, 0.04880429529898535
24, 0.04933784010446951
25, 0.04894592714716749
26, 0.048455567245229786
27, 0.04880803579691029
28, 0.04814043352495691
29, 0.04955458497606365
30, 0.04854599363882745
31, 0.04929899658411945
32, 0.048804368713252444
33, 0.04757207278364459
34, 0.05027259420093309
35, 0.04804727373389007
36, 0.04804069919407475
37, 0.0489052614644237
38, 0.047485052019264215
39, 0.04990840534284423
40, 0.048071202379400164
41, 0.04898805630471496
42, 0.04799340311992469
43, 0.048471690542070095
44, 0.048565699378098175
45, 0.04864583134834303
46, 0.04797701027637672
47, 0.04940553366463945
48, 0.0489077822819472
49, 0.04781250123396713
50, 0.04878208890488994
51, 0.0486761670333189
52, 0.04956160041850097
53, 0.048626287156890054
54, 0.048633684031143126
55, 0.048382416095546006
56, 0.04855819038103209
57, 0.04888802018555071
58, 0.048678760263912976
59, 0.049221401703448395
60, 0.048073562078998176
61, 0.04856743518473207
62, 0.04925609681589508
63, 0.048180252347708806
64, 0.04940532057682517
65, 0.048183634006342756
66, 0.04879936055865723
67, 0.04888822197007178
68, 0.04837587994143846
69, 0.048656699948152
70, 0.048444631196789815
71, 0.04871304225414595
72, 0.04875862420129981
73, 0.04827401413012568
74, 0.048739636676186464
75, 0.04905903403353812
76, 0.04889058099619314
77, 0.04837959043423936
78, 0.049167503365355275
79, 0.04913457493619562
80, 0.04893533827730034
81, 0.04956133845046454
82, 0.04911047309256795
83, 0.049042277670659024
84, 0.049035082503976514
85, 0.04839552286190764
86, 0.0493846876530029
87, 0.04865193583329804
88, 0.0487707993568697
89, 0.04759867643538351
90, 0.0493586904467884
91, 0.0485602727949225
92, 0.048383091803185625
93, 0.04813962586855584
94, 0.04932969363822534
95, 0.048834499828274106
96, 0.04897919091417283
97, 0.048468372426817286
98, 0.04892851806670974
99, 0.04916022280546526
100, 0.04711845019860214
101, 0.04925834827847973
102, 0.04820442249899376
103, 0.04897480023699397
104, 0.048746412823504615
105, 0.04929244780567784
106, 0.048775822902217957
107, 0.048510935670789984
108, 0.049223351590380764
109, 0.04778205853332178
110, 0.048157763311421346
111, 0.0483704169148427
112, 0.04957719240536309
113, 0.04863282020310255
114, 0.04927129820537143
115, 0.049240009474280574
116, 0.04846242821216613
117, 0.048255120647252014
118, 0.04873702904899855
119, 0.048412439880716064
120, 0.04859526399014743
121, 0.04909643220651521
122, 0.048764018269041136
123, 0.04861956441926952
124, 0.04923470051925598
125, 0.04816528868819431
126, 0.04870519233102024
127, 0.047461416029780386
128, 0.04810052967206878
129, 0.0488371262871487
130, 0.048478981892496706
131, 0.04964184524731705
132, 0.04964183028471987
133, 0.050121176758408055
134, 0.048608469448842596
135, 0.04859593900500057
136, 0.049566701661534714
137, 0.048089243395479674
138, 0.048795554245966884
139, 0.048640138925640175
140, 0.04849687641111846
141, 0.0486974288587
142, 0.04910245812914188
143, 0.049923425045904524
144, 0.0490117260881861
145, 0.04901723622278099
146, 0.04949934808262052
147, 0.04904021538426201
148, 0.0486597290026391
149, 0.04855213947121074
150, 0.049313957830104706
151, 0.04936733297738251
152, 0.04935952746730605
153, 0.04903345586555944
154, 0.049614263251236496
155, 0.0486878556091014
156, 0.049627369494756324
157, 0.050693036388274104
158, 0.04946085506948009
159, 0.048028578999959035
160, 0.04883483298447942
161, 0.04928495247182445
162, 0.04872406709232522
163, 0.04914436502785698
164, 0.048160640938831566
165, 0.04961417716654517
166, 0.04959598047383416
167, 0.04840126717665355
168, 0.048753253900596545
169, 0.04904491770815476
170, 0.04913184542263774
171, 0.04877183687878486
172, 0.04928649692584644
173, 0.04802077908040447
174, 0.049340769207878075
175, 0.04879638662054305
176, 0.05025983150972768
177, 0.04895894741096058
178, 0.049148305602345996
179, 0.04798626386429286
180, 0.048574822080022395
181, 0.04913976662150415
182, 0.048698960748649045
183, 0.049064486517840546
184, 0.04946718735254772
185, 0.05019639888900511
186, 0.049480125173733146
187, 0.04865225616419366
188, 0.04905489182515173
189, 0.04835032585208203
190, 0.048761184339662825
191, 0.05040025128587565
192, 0.05104511691392989
193, 0.04967786986867077
194, 0.04886884240498796
195, 0.049397488556054095
196, 0.04850457200648046
197, 0.04824589931989224
198, 0.048014617644721716
199, 0.0492879720017603
200, 0.049201376883854314
201, 0.04885559470879975
202, 0.049458236177892315
203, 0.048697587968115755
204, 0.04911230857283234
205, 0.049278783421239154
206, 0.04933259648317263
207, 0.048515266687783935
208, 0.04987113249258516
209, 0.05038557010342103
210, 0.04949692775105903
211, 0.04881723214428423
212, 0.04970652037373117
213, 0.050155197725102026
214, 0.050009624377450115
215, 0.04933748674310798
216, 0.04936635132845827
217, 0.04903566992338994
218, 0.04961693093163681
219, 0.04819518672978179
220, 0.04982224474065226
221, 0.05120843783171546
222, 0.05083870353418804
223, 0.04961840753848795
224, 0.04795150817726617
225, 0.04939891263316443
226, 0.04940713455527601
227, 0.0491872385118352
228, 0.04777742870208543
229, 0.05084732846115696
230, 0.04932983251731612
231, 0.048544965519042936
232, 0.04958979381885259
233, 0.050265722899922594
234, 0.0493896536325508
235, 0.05085024962466161
236, 0.05018563340838075
237, 0.04985386996492016
238, 0.05070520471926147
239, 0.05029587748268398
240, 0.05105348314242429
241, 0.050396576842234496
242, 0.04873206409241512
243, 0.04971598894486609
244, 0.050543215065518766
245, 0.050400473805546284
246, 0.04686015177377851
247, 0.04610440851298667
248, 0.046834508962220085
249, 0.04764762736174833
250, 0.045521317192374636
251, 0.049398226569253224
252, 0.04656579997847531
253, 0.0468710267288132
254, 0.04514017813875278
255, 0.04552236046580291
256, 0.05138020520100858
257, 0.04672672710304085
258, 0.04314738057735682
259, 0.044220739937342046
260, 0.048467632798407614
261, 0.04761194968699471
0, 0.050613132677911274
262, 0.04679685557897744
263, 0.045036353162289475
264, 0.04503335293528862
265, 0.049411865108726756
266, 0.04669341371432226
267, 0.04594308788322624
268, 0.0426747961256263
269, 0.047081506882634294
270, 0.049361310957253796
271, 0.045862584681943916
272, 0.046762135292917485
273, 0.047666786064756064
274, 0.04862967859945764
275, 0.048028368402455106
276, 0.046140137687334805
277, 0.04708488505326078
278, 0.04999835707397835
279, 0.04673684760206515
280, 0.04841321456896161
281, 0.05431431221721825
282, 0.04661210419979584
283, 0.05149955862965395
284, 0.04911704579196954
285, 0.04391045636104629
286, 0.05244981096288896
287, 0.04906310848166403
288, 0.049322125955667616
289, 0.048794275908774616
290, 0.04971101376173071
291, 0.044951179808335254
292, 0.04365743136710146
293, 0.04754711251265762
294, 0.04850501446305881
295, 0.04614061463012243
296, 0.048196590363012985
297, 0.048126256947208165
298, 0.04813395701783275
299, 0.0481810100351988
300, 0.0487986577965696
301, 0.04490625465984861
302, 0.04615400308768777
303, 0.047166490576454057
304, 0.05014741544993452
305, 0.04810839314179008
306, 0.048458305584348764
307, 0.04060123671467205
308, 0.04660260333356027
309, 0.0497795566916678
310, 0.047169816084969944
311, 0.04717568497408532
312, 0.053295570590033065
313, 0.044408564730463396
314, 0.0496574266602879
315, 0.049170555958133536
316, 0.04968488343042534
317, 0.051177051270405866
318, 0.046137902763819065
319, 0.04391062892366272
320, 0.05280812828827748
321, 0.04111180393469038
322, 0.04926066492587686
323, 0.04540828133909599
324, 0.044465846775028635
325, 0.0492259817096681
326, 0.0505519673488119
327, 0.04862616405181018
328, 0.04863463883808746
329, 0.04379958591176251
330, 0.04708146268294407
331, 0.0466847251466053
332, 0.04817110532314463
333, 0.044743814863356726
334, 0.04800624642647894
335, 0.04749664314417444
336, 0.04561266894658231
337, 0.04161780716695852
338, 0.04917576294466026
339, 0.04790539643054129
340, 0.047606195431240145
341, 0.0464923754133997
342, 0.046121833165453166
343, 0.04958706014606386
344, 0.046100254495060826
345, 0.05175916862388718
346, 0.049559722275454916
347, 0.05018665637847921
348, 0.04711513059674858
349, 0.047343072677645384
350, 0.04818963502792029
351, 0.04529107116504858
352, 0.04831520576779668
353, 0.04558884332332076
354, 0.05018763499253152
355, 0.04552484467039737
356, 0.04772582463174843
357, 0.04869707665801708
358, 0.04374706962459846
359, 0.05171520099445383
360, 0.045886906423398634
361, 0.05091775519506064
362, 0.046686346818672134
363, 0.043965919676652115
364, 0.04993525948417322
365, 0.05131807802427464
366, 0.048371374954984434
367, 0.04879457723539702
368, 0.04916244259450279
369, 0.049166001536270425
370, 0.0430626075637773
371, 0.04661251316080024
372, 0.04752470106746691
373, 0.049236047923319905
374, 0.04635625280371945
375, 0.04714839716876661
376, 0.04671544213495417
377, 0.04638941151934414
378, 0.045963026624432336
379, 0.04373554562496728
380, 0.04830030715575146
381, 0.04533853970073509
382, 0.04495681125762206
383, 0.053930205724032086
384, 0.04709684642333232
385, 0.04200223118898201
386, 0.04503510078657993
387, 0.04749615554007813
388, 0.04974625668155791
389, 0.04981215841520774
390, 0.047332946865000405
391, 0.05036669366588066
392, 0.04431487545401749
393, 0.049686654025428746
394, 0.04672116104760542
395, 0.04987526248406675
396, 0.047058063116142135
397, 0.04399888346885654
398, 0.04594291493791446
399, 0.049992452919437325
400, 0.045175691018761774
401, 0.0481069894345071
402, 0.04573119357404695
403, 0.050789366201392294
404, 0.05026709417685208
405, 0.04826229815098322
406, 0.04445396667492896
407, 0.047579357198654824
408, 0.04761983743069869
409, 0.04280672125255166
410, 0.044478711268768664
411, 0.044379138030156244
412, 0.047018967995873004
413, 0.04704564207251485
414, 0.04733638592353854
415, 0.042516651974179094
416, 0.0472583258556918
417, 0.05012746974424044
418, 0.045979743224252176
419, 0.04396047514960052
420, 0.04909568270567659
421, 0.04997676974007637
422, 0.04682316687521321
423, 0.046406158873422136
424, 0.04751104971222602
425, 0.04921085059556084
426, 0.050057663627923785
427, 0.052299373683294126
428, 0.04965330961389107
429, 0.049483544103941235
430, 0.05155462517619046
431, 0.04603705083993618
432, 0.05195251476473412
433, 0.04632684855099065
434, 0.050097763001063826
435, 0.04277182130491253
436, 0.04832705785902068
437, 0.047212344519435345
438, 0.05129370644205131
439, 0.045817872251231254
440, 0.042630863440022856
441, 0.04529530422297116
442, 0.05474749522205987
443, 0.052152897079513066
444, 0.04621449355495489
445, 0.04648046680919763
446, 0.043091668689186284
447, 0.049967478898194966
448, 0.04684572244527503
449, 0.0456808298075557
450, 0.0459994019857578
451, 0.046183326720021456
452, 0.050470075442324895
453, 0.04964277025544772
454, 0.04641890302678139
455, 0.05230307388088537
456, 0.04928891889824371
457, 0.05078105382186256
458, 0.045724299649779025
459, 0.04885223662271992
460, 0.04789649519772148
461, 0.04595340846281262
462, 0.04801754293141141
463, 0.04593316997511602
464, 0.049009287235635364
465, 0.04523138386339737
466, 0.04730651381442971
467, 0.042025663161648345
468, 0.04454120301284042
469, 0.055171700869731444
470, 0.04565623835625578
471, 0.0489293711973799
472, 0.04809033821446442
473, 0.047030824009402804
474, 0.048702070662894635
475, 0.04660097719373571
476, 0.04773562454997446
477, 0.04914755694562975
478, 0.04345802215159908
479, 0.04383610289106474
480, 0.04698502098933024
481, 0.05142554003400846
482, 0.04193739114871696
483, 0.05006142053351384
484, 0.047769153760178595
485, 0.04714960407401856
486, 0.04499820783763153
487, 0.05431177222753758
488, 0.050603468360004025
489, 0.048806453814717994
490, 0.04727136406232846
491, 0.05013371791630129
492, 0.05427161027799907
493, 0.04776144020648337
494, 0.048195010581750033
495, 0.04611632188554372
496, 0.047171941191071765
497, 0.04599861377331817
498, 0.045857235448380496
499, 0.04816450237067919
500, 0.048152198163859114
501, 0.04368217041898968
502, 0.04632907295513695
503, 0.049480416907774695
504, 0.048784094625379144
505, 0.04910195354440448
506, 0.04581365321410266
507, 0.052380479918823296
508, 0.04631281931171446
509, 0.04786401857969417
510, 0.04361629149920626
511, 0.048269141392636265
512, 0.04532349255867382
513, 0.05138558264080786
514, 0.05044367120826461
515, 0.04680200654835727
516, 0.0496390265395922
517, 0.04316978786001518
518, 0.04533221572435262
519, 0.05224274656802917
520, 0.045114354968910184
521, 0.046323714434837536
522, 0.04826820184852467
523, 0.04584334804712434
524, 0.04141547536013633
525, 0.048256443175384765
526, 0.048748588721467846
527, 0.053163024695123934
528, 0.05213042455713747
529, 0.048429442894814705
530, 0.046231003986431866
531, 0.045358922944642686
532, 0.04710066231443471
533, 0.052101919195872884
534, 0.045029860641963806
535, 0.04251975158356239
536, 0.045372842453669876
537, 0.048611594593261524
538, 0.04763289683535711
539, 0.04873510911954674
540, 0.043440841076375955
541, 0.04797669868885478
542, 0.04859022076494687
543, 0.046570834682731
544, 0.050148155854313495
545, 0.049417445962224825
546, 0.04737703259250882
547, 0.04185844834560096
548, 0.043568544424168
549, 0.0487773910463973
550, 0.04251016222366954
551, 0.045282992772156645
552, 0.048631181875162494
553, 0.04705860516529899
554, 0.04822262010014342
555, 0.0460053552037879
556, 0.053572484918062234
557, 0.04823363482752063
558, 0.05539634049867965
559, 0.04735217210705519
560, 0.043389826532878505
561, 0.04862227612890292
562, 0.050175789626444554
563, 0.05415244495122726
564, 0.04709940728471056
565, 0.045380510951612794
566, 0.05234359095224294
567, 0.05154360487088329
568, 0.042896972943893205
569, 0.04679949058957162
570, 0.04513266222663588
571, 0.04515966887270568
572, 0.04891061575044463
573, 0.04088337031985407
574, 0.04958618233777831
575, 0.04642656965756067
576, 0.05000553915312889
577, 0.042119630282387126
578, 0.04636361946839
579, 0.048950774667245844
580, 0.04787473728239358
581, 0.0478206311754354
582, 0.04563096884184576
583, 0.04842587359711807
584, 0.05012034093232829
585, 0.046705721480194994
586, 0.05006321960091909
587, 0.04743517837431558
588, 0.044456282066197665
589, 0.05052831145561479
590, 0.05065398963270378
591, 0.04630633774690064
592, 0.05120821974106685
593, 0.04888763430219781
594, 0.04453122887321386
595, 0.05013530041063532
596, 0.04832219095208953
597, 0.043597621940388104
598, 0.04518464995658756
599, 0.05005829916182517
600, 0.048088968322847904
601, 0.047005286357119314
602, 0.05264505326420176
603, 0.04648653874584669
604, 0.05087087730255476
605, 0.05011664700738918
606, 0.04302486473762328
607, 0.048838246939511894
608, 0.044161409264386914
609, 0.042292423458562114
610, 0.04844125437160301
611, 0.047895800701543624
612, 0.050135426385776165
613, 0.04715746486943412
614, 0.05039026200673899
615, 0.04687550303868257
616, 0.040720495935715736
617, 0.051867892203423985
618, 0.047594493823290056
619, 0.04592363975203154
620, 0.04319184017170451
621, 0.045791283746573645
622, 0.05169497844153087
623, 0.047610436534403444
624, 0.0428739104372934
625, 0.04826645914654676
626, 0.046940619791393585
627, 0.038577144080295306
628, 0.04445366894429398
629, 0.04701354757323168
630, 0.04280069022177231
631, 0.04797260449619418
632, 0.04241952812001881
633, 0.04146880127182372
634, 0.045668371692432305
635, 0.04408531333952406
636, 0.04487381846724139
637, 0.05072344375454953
638, 0.046495075699456836
639, 0.05305794399774033
640, 0.04325057862040138
641, 0.04927925495325398
642, 0.045843721924734106
643, 0.04304292306329221
644, 0.05078653955677641
645, 0.050149927597517366
646, 0.0497720974114909
647, 0.04984380726475588
648, 0.045148738978169636
649, 0.044445242204130556
650, 0.05010117047086215
651, 0.04723765271090661
652, 0.04447795186236078
653, 0.048330838874153174
654, 0.05036848035119743
655, 0.04597659021451684
656, 0.04766773142823445
657, 0.04549163405134454
658, 0.05158778129054405
659, 0.047112126286817074
660, 0.04430276432751526
661, 0.051162906898817286
662, 0.0450078994146234
663, 0.04529731811848336
664, 0.041687191834058356
665, 0.0433377708955117
666, 0.04843637955570973
667, 0.050510489142129404
668, 0.048888857390534446
669, 0.04551193919729222
670, 0.04170597614065825
671, 0.04721321452274572
672, 0.04505640687205828
673, 0.04536491646012539
674, 0.04728501471220448
675, 0.04700670541781876
676, 0.04636497865942063
677, 0.04709532012069692
678, 0.045744860840270796
679, 0.04839488372360349
680, 0.04459188398410194
681, 0.05053612048355218
682, 0.04804378891274812
683, 0.04981925942482066
684, 0.04455181079126511
685, 0.05049981393300981
686, 0.044807313511754175
687, 0.04992897592473114
688, 0.05470260850019305
689, 0.044401872595381656
690, 0.038723002634743604
691, 0.04722127767376157
692, 0.04684682315116306
693, 0.05702423142712992
694, 0.04748505210595581
695, 0.04437581790450183
696, 0.04672448107312098
697, 0.050358684693198486
698, 0.04763558900612742
699, 0.04397425280598723
700, 0.046505423772094004
701, 0.04688410017989615
702, 0.04324907856684421
703, 0.04383131555463179
704, 0.050511086357731105
705, 0.05056762178423263
706, 0.04791313942671942
707, 0.041577207701281996
708, 0.05440065173721333
709, 0.0487495404833424
710, 0.049487366375109934
711, 0.05039786773048098
712, 0.04317414777729442
713, 0.048667870180403874
714, 0.04708102813406918
715, 0.04864218816466772
716, 0.04282081110229289
717, 0.0451493983945068
718, 0.04889125651542567
719, 0.0471940146823961
720, 0.0433776016365393
721, 0.04548177020877467
722, 0.04729854804433254
723, 0.05092177925525528
724, 0.03720868838757417
725, 0.04650381234905662
726, 0.05030498967857181
727, 0.05153037486418027
728, 0.04413157589762652
729, 0.051429784753103
730, 0.04544863464434794
731, 0.04820357260547905
732, 0.05127712359899019
733, 0.048817766897845144
734, 0.04245086870857166
735, 0.05564103097580926
736, 0.04686427642970279
737, 0.047229663757136824
738, 0.04338242796158185
739, 0.0502963126545297
740, 0.053953628436186285
741, 0.04557075236768863
742, 0.0467435470886549
743, 0.048084817890704595
744, 0.04528284238046974
745, 0.041121272441459904
746, 0.048026186478801206
747, 0.04262769683032079
748, 0.051366727366406
749, 0.04714566548033045
750, 0.05195125355724141
751, 0.04778490743638543
752, 0.048265708783274824
753, 0.041757536786304894
754, 0.04733335618556936
755, 0.046081834077375
756, 0.052561010565312025
757, 0.04809211092450474
758, 0.045539247618158835
759, 0.05239823810648392
760, 0.042976766296458725
761, 0.04505695936428611
762, 0.051311430464300964
763, 0.04446705788365515
764, 0.047776069117153354
765, 0.04869633328001308
766, 0.046443739865669825
767, 0.05028123721281733
768, 0.04459683877420837
769, 0.04556452593658484
770, 0.05435882254799781
771, 0.04994296444134856
772, 0.05261707595647457
773, 0.04644693135665607
774, 0.04294721462555046
775, 0.044898402165234656
776, 0.04008170502150639
777, 0.048650085501653034
778, 0.04554879836165727
779, 0.04753392306933709
780, 0.05045789460787769
781, 0.04639686008981084
782, 0.05047289589059337
783, 0.05264445413728296
784, 0.04480737175121789
785, 0.04801838806187805
786, 0.04550706749488923
787, 0.05145472510385254
788, 0.05070353787697608
789, 0.04360165138254867
790, 0.05655642932777959
791, 0.05157458507315109
792, 0.05736050313979422
793, 0.04650593249176535
794, 0.05178188043139039
795, 0.047283215435267055
796, 0.04032037326622231
797, 0.04906014353396164
798, 0.055038154215209155
799, 0.05018594576369409
800, 0.04380841147824512
801, 0.05136422939228191
802, 0.04610305001331208
803, 0.04657685837471391
804, 0.05162783386991403
805, 0.048034688553753715
806, 0.04639087879154667
807, 0.051716882138178884
808, 0.045523033170036024
809, 0.043680293219652264
810, 0.059378668152757795
811, 0.0490692409263206
812, 0.04549151451086592
813, 0.0509762619027706
814, 0.04418205412326178
815, 0.05141315459766646
816, 0.04292123339574865
817, 0.052293504235223505
818, 0.04707948637265073
819, 0.05745077529860949
820, 0.04675383326811197
821, 0.048610731920163554
822, 0.04578593090247682
823, 0.04530346696652401
824, 0.0547643792176579
825, 0.04856151011023293
826, 0.04355216965054766
827, 0.05011601966988482
828, 0.05314616590562292
829, 0.053369820774376
830, 0.05314512235363214
831, 0.04446638199767708
832, 0.044144065096316944
833, 0.045742254524496234
834, 0.04482345435201809
835, 0.04726864059559716
836, 0.04099050734674345
837, 0.04644515088958831
838, 0.03497854649994911
839, 0.04724011070966095
840, 0.04447769458896849
841, 0.04541145756829071
842, 0.047986922376436855
843, 0.04232075108312831
844, 0.04344886915178669
845, 0.05526979786691222
846, 0.051053657315398016
847, 0.0446384056597123
848, 0.05077207912908282
849, 0.04776572166434079
850, 0.048677126466618446
851, 0.04895327423254747
852, 0.051749289392695325
853, 0.0427721900157468
854, 0.0462943286776095
855, 0.049871474005876895
856, 0.03961037375810084
857, 0.05146445698692428
858, 0.056122433880265235
859, 0.045975090096321565
860, 0.04952369068561365
861, 0.04142752664787641
862, 0.043733271846903364
863, 0.0537547743087106
864, 0.06082134167615126
865, 0.04099664635967895
866, 0.0478996051064919
867, 0.04759444181026774
868, 0.049841495667046244
869, 0.04388828863056921
870, 0.04918570432753328
871, 0.044498771191893785
872, 0.045564377495491984
873, 0.05282475065060542
874, 0.038820437916608365
875, 0.04385729730892489
876, 0.051478612989150685
877, 0.05606860705239736
878, 0.05648338350989294
879, 0.053635317011186734
880, 0.05215780673030603
881, 0.03781421207869517
882, 0.047195097635462334
883, 0.05254404511953398
884, 0.05600701153407017
885, 0.05092571604134457
886, 0.05866484422786544
887, 0.04357748306798545
888, 0.04809653351575025
889, 0.04484893336691859
890, 0.04971940832893151
891, 0.05027723785808373
892, 0.04475417430588992
893, 0.04422465886233245
894, 0.047670470360726205
895, 0.04365418898477144
896, 0.05099072354250957
897, 0.03730201819815461
898, 0.05783856085938412
899, 0.047667314715883556
900, 0.041934523366987914
901, 0.042564322705282466
902, 0.047472124852543644
903, 0.057184152628128135
904, 0.04429274360080934
905, 0.04686515482838571
906, 0.042803775466575204
907, 0.06549785145168002
908, 0.04781124125659042
909, 0.052466232935146864
910, 0.04036583778681595
911, 0.052810921210500614
912, 0.049474187185607046
913, 0.040027198930059064
914, 0.05363992738578336
915, 0.05266097217132313
916, 0.04801234398845656
917, 0.04689724882389755
918, 0.047768302512823234
919, 0.04957578037031995
920, 0.04942255368032968
921, 0.04849712521740185
922, 0.05186596380941024
923, 0.04525773416747603
924, 0.04361044519743956
925, 0.04703310497100073
926, 0.053025585553208465
927, 0.05477490707335255
928, 0.04221081805828364
929, 0.04479410572827821
930, 0.04624617853697001
931, 0.046207138314941776
932, 0.037574381874163267
933, 0.04442079594066648
934, 0.045134754040135255
935, 0.05977614144012068
936, 0.055551784051129
937, 0.03454910339725621
938, 0.05472882004277484
939, 0.05004569482213783
940, 0.040448953446593064
941, 0.054133534197222145
942, 0.03877844960276698
943, 0.04332029398241813
944, 0.053586462602978314
945, 0.05208982654660248
946, 0.05219461949736953
947, 0.03927084801431885
948, 0.043766027580849756
949, 0.043347285925183485
950, 0.05767538447947805
951, 0.05707446297024162
952, 0.054791991174272935
953, 0.05333668468487016
954, 0.05834984032304828
955, 0.043863975959823505
956, 0.041290497511415135
957, 0.04543767345454202
958, 0.04403479113936239
959, 0.05938147029791633
960, 0.05469438323721561
961, 0.053584723972447235
962, 0.048866654614396016
963, 0.055099195146071554
964, 0.03732286897496232
965, 0.044962950651131046
966, 0.047474167294543554
967, 0.049726281815354
968, 0.04757778042859192
969, 0.0384022266345124
970, 0.06761433636520864
971, 0.05255556835585164
972, 0.045549526121853555
973, 0.05229736517432861
974, 0.04870923382659985
975, 0.04634557902263832
976, 0.0380130809012136
977, 0.05779531548722731
978, 0.07002939131976064
979, 0.05927750403464953
980, 0.05740876903003657
981, 0.05845857583347493
982, 0.04728619970294783
983, 0.04500902215968773
984, 0.043655743129069065
985, 0.04669888563517125
986, 0.037713286421385064
987, 0.05071951742541335
988, 0.049244530187827054
989, 0.04847993805233891
990, 0.0386104018768035
991, 0.04824673098131504
992, 0.052865549983073135
993, 0.046747971883135626
994, 0.04808198927750331
995, 0.04948571282573032
996, 0.05297925773722473
997, 0.04623342248498342
998, 0.04794971401168545
999, 0.04727996041357951
1000, 0.05332264114193328
1001, 0.042063407625892245
1002, 0.04549131808340495
1003, 0.036417104176895795
1004, 0.040323351590990285
1005, 0.040229472457384736
1006, 0.048712012381313785
1007, 0.04077682552709387
1008, 0.041436914326980025
1009, 0.0455693792844409
1010, 0.024994992796334235
1011, 0.04048186988011039
1012, 0.050477471851571434
1013, 0.03901247378280522
1014, 0.04556874531976592
1015, 0.05713637717610698
1016, 0.04756653439548473
1017, 0.03875094503912453
1018, 0.028749942765122834
1019, 0.0490919574792064
1020, 0.055678784150384165
1021, 0.04963754871560382
1022, 0.03598819430579503
1023, 0.04382666786630417
1024, 0.05610299527708903
1025, 0.0507171139624113
1026, 0.04005863498303118
good:
1, 0.04712464248766784
2, 0.04785726198978446
3, 0.04781377156588267
4, 0.047305528921772276
5, 0.04786943387521683
6, 0.047295168196741864
7, 0.04750788322483303
8, 0.04810671039732314
9, 0.04765334725946149
10, 0.047456046808296196
11, 0.04716404756300397
12, 0.047803477941553825
13, 0.047396448465361965
14, 0.04791144418430499
15, 0.047925793655774186
16, 0.04814508358271573
17, 0.04805283315467165
18, 0.04736175667257535
19, 0.047999595801970066
20, 0.047884449416129855
21, 0.04775515646632888
22, 0.04777330569180039
23, 0.04756857750918803
24, 0.047838524600579774
25, 0.04787283390638216
26, 0.048199103239872365
27, 0.04797480350817872
28, 0.0481084413844651
29, 0.04802503305173939
30, 0.0480154842361746
31, 0.048242303955876566
32, 0.04837999156464204
33, 0.04784966697165612
34, 0.04778538054520303
35, 0.04797457629932783
36, 0.048032888250310594
37, 0.0481073874073456
38, 0.04815055901124919
39, 0.04818696802328028
40, 0.04797120427584871
41, 0.04719463085822547
42, 0.04828192002842648
43, 0.04793955876368946
44, 0.0480333863607525
45, 0.04764947768703196
46, 0.04724796938509987
47, 0.04794630859213911
48, 0.047672590071480364
49, 0.04824543436395764
50, 0.047941156986024726
51, 0.0478771089346033
52, 0.048168026859270914
53, 0.047745265329541646
54, 0.048268765907121175
55, 0.04766492568431359
56, 0.04769622337517347
57, 0.0479064463393765
58, 0.047740819039163045
59, 0.04791209859060155
60, 0.047583117651585946
61, 0.04800602179242847
62, 0.047473533343632184
63, 0.04743704988135546
64, 0.04774132938085253
65, 0.04815388517548602
66, 0.04782958029848915
67, 0.04734996975801993
68, 0.04769336889957779
69, 0.04735208801280681
70, 0.04774892404936915
71, 0.04762160480717954
72, 0.04764894796302434
73, 0.047824351613907655
74, 0.04789560970589967
75, 0.04752599901850224
76, 0.04747816602436631
77, 0.04751603645037442
78, 0.04764212284086697
79, 0.047883866696601725
80, 0.04742939453269239
81, 0.04766963135269305
82, 0.04744467522656863
83, 0.04768706789864818
84, 0.047393818878403986
85, 0.047548235844535214
86, 0.04761742303247709
87, 0.047659867227940515
88, 0.04806620148105846
89, 0.047021750840375964
90, 0.04817525240171787
91, 0.047865609724173065
92, 0.04814082016254692
93, 0.047692007792339355
94, 0.048046361003850964
95, 0.047236838664575266
96, 0.04783065275533583
97, 0.04812097194475506
98, 0.047481499901923775
99, 0.04757989925813281
100, 0.047463321561896046
101, 0.04732541311818416
102, 0.047606503237564275
103, 0.047755028620549214
104, 0.047404922945483235
105, 0.04778243517280208
106, 0.04720867529809696
107, 0.0474220936817752
108, 0.04755721973527037
0, 0.04802985567498696
109, 0.04801104418449496
110, 0.047951713425006384
111, 0.04797670387551202
112, 0.047988944703818044
113, 0.04772743339951851
114, 0.04752136855683273
115, 0.04815805770457803
116, 0.04764080926845122
117, 0.04758250088087553
118, 0.047728169183489225
119, 0.04778444596972025
120, 0.04753501995710226
121, 0.04793314397844957
122, 0.04754171801018747
123, 0.047830452898240325
124, 0.04794634654485588
125, 0.047866907969021974
126, 0.04811118439740858
127, 0.048276877860282216
128, 0.047559903765835534
129, 0.047916724419456
130, 0.04786323235807621
131, 0.04742052424998029
132, 0.047943614333455245
133, 0.04748864808261562
134, 0.04835410329338028
135, 0.04786288112446804
136, 0.047887598879963064
137, 0.047680135885927365
138, 0.04800259970358375
139, 0.04765081813205226
140, 0.04770104131808741
141, 0.04804869127180116
142, 0.04768624369875193
143, 0.04790771963281311
144, 0.04763423399557081
145, 0.048043928517853496
146, 0.04787489205959834
147, 0.04829857570181226
148, 0.04785396648778822
149, 0.04766809819380683
150, 0.04822075532380365
151, 0.047716741717762
152, 0.0477465009156914
153, 0.0480827100387617
154, 0.04798116076191892
155, 0.04810640729441024
156, 0.047674926637678146
157, 0.04795782211650891
158, 0.04791617304349209
159, 0.04769286312823358
160, 0.04775664438271587
161, 0.04792929660316777
162, 0.04795627984417655
163, 0.047530496740127944
164, 0.04766218528816869
165, 0.048059678625124266
166, 0.04756290730545709
167, 0.04776264802901352
168, 0.047726350722165065
169, 0.04768894556280497
170, 0.0478411382281179
171, 0.04746233539364325
172, 0.04749152482348298
173, 0.04771115867578379
174, 0.047734117544352576
175, 0.04737337600513548
176, 0.04795202885660654
177, 0.04758234044699904
178, 0.047846126656528536
179, 0.04800168653536826
180, 0.04794262975607829
181, 0.048335393563143064
182, 0.04740070726219977
183, 0.048054432897781545
184, 0.048075615585239866
185, 0.0482769858752903
186, 0.04735641535360894
187, 0.04764228314161812
188, 0.0481352270557494
189, 0.04750887528341109
190, 0.04775859847053339
191, 0.047479239249189516
192, 0.047462568412358803
193, 0.04770369268988394
194, 0.047987143311397105
195, 0.04756359963038679
196, 0.047765144866160625
197, 0.04803492772474834
198, 0.04787457019295915
199, 0.047828933907003164
200, 0.04757622261828644
201, 0.04744061773142701
202, 0.048034028660843754
203, 0.04778733781351029
204, 0.048046633425405744
205, 0.048120457836745165
206, 0.04834787896613667
207, 0.048175851894011
208, 0.048407771213874
209, 0.04742948280602403
210, 0.04846119632509623
211, 0.04821503610918027
212, 0.04781557073314944
213, 0.04777830554163778
214, 0.047814640136040885
215, 0.048743896994948945
216, 0.047815314714070724
217, 0.04797646562111624
218, 0.04843079473915419
219, 0.04786143918484399
220, 0.04786777642800865
221, 0.04847495039888322
222, 0.04828537503401715
223, 0.048436155806505655
224, 0.047332158648029254
225, 0.04808778697874953
226, 0.04849838159885953
227, 0.04886929301870943
228, 0.04840572265822388
229, 0.04871365015116899
230, 0.04890051165458821
231, 0.04886705595219219
232, 0.048495437173692583
233, 0.04830935921367098
234, 0.047783474901191676
235, 0.04830929410209137
236, 0.0485636063761698
237, 0.04803850009765196
238, 0.048711721273829355
239, 0.04798046584994879
240, 0.048580643345644714
241, 0.04834638185772603
242, 0.04879452363168196
243, 0.04919889942495139
244, 0.04854821578483737
245, 0.05019571444086275
246, 0.04875956654531921
247, 0.04765759328989634
248, 0.04846836773870561
249, 0.048942305330170036
250, 0.04817830658988542
251, 0.04914321803538131
252, 0.04977285960998624
253, 0.0487547123956103
254, 0.047475687574478884
255, 0.04772435897355089
256, 0.0481881242382811
257, 0.047412199765530495
258, 0.04821015032924733
259, 0.04850509076780821
260, 0.04904777790885494
261, 0.04864151086394429
262, 0.04894137803874015
263, 0.04797721016969604
264, 0.04778173837432373
265, 0.04735452878341411
266, 0.04864089269796034
267, 0.04835487974879308
268, 0.04879429740799557
269, 0.04827383833687615
270, 0.0479501023665353
271, 0.04769992506199753
272, 0.04859311831904806
273, 0.04893644473889804
274, 0.04736760053654625
275, 0.0476801224530659
276, 0.047234704116657845
277, 0.047249591635676026
278, 0.04701167493108485
279, 0.048461311479748415
280, 0.04860150918230329
281, 0.04784528029284521
282, 0.04933493098120049
283, 0.04874642738051304
284, 0.049025408826968896
285, 0.048413965748732316
286, 0.04795762180774149
287, 0.04735688116692906
288, 0.04924333320523686
289, 0.048621155259486515
290, 0.0474767423770315
291, 0.047469342144089884
292, 0.04781317887286604
293, 0.0480624580701904
294, 0.04696424647213752
295, 0.0473869059501947
296, 0.0484763217242377
297, 0.048302418473883994
298, 0.048902606274610065
299, 0.04636187822825572
300, 0.04936596974216059
301, 0.04977419609511198
302, 0.047992945551248396
303, 0.04749585111645268
304, 0.04784677547456041
305, 0.048706650806052784
306, 0.047594276216271256
307, 0.04674875606885842
308, 0.04738646848219839
309, 0.04645198330150117
310, 0.048199219032075476
311, 0.046298518942382946
312, 0.04767452917324286
313, 0.05040833622081375
314, 0.04727483822516727
315, 0.04759334107783539
316, 0.04755273513726939
317, 0.049602379056915724
318, 0.04769135820996611
319, 0.04929257886061945
320, 0.047459129163277755
321, 0.04836513878407318
322, 0.047043999567508266
323, 0.047101450591737676
324, 0.047241775082288974
325, 0.05168010993516951
326, 0.04808499720135736
327, 0.049603940664700516
328, 0.04959711945063423
329, 0.04974087887498341
330, 0.046486774270016656
331, 0.047873615271992215
332, 0.0466111019582357
333, 0.047408032122865436
334, 0.0465958127023867
335, 0.04639715079246617
336, 0.04717112752887607
337, 0.04937187271172626
338, 0.04701756662690397
339, 0.04770134310012466
340, 0.04807822607537424
341, 0.04704350762277315
342, 0.047840604262454484
343, 0.046498942601578816
344, 0.04817632997012973
345, 0.0492507848227481
346, 0.04631394239143369
347, 0.04842778976659135
348, 0.04742523108545419
349, 0.04763120605569744
350, 0.047712560455545026
351, 0.048878376728113064
352, 0.04870397404299506
353, 0.0465860334123013
354, 0.048692287784035664
355, 0.04711661669402861
356, 0.049635622001367084
357, 0.048159421954424395
358, 0.04739310638975422
359, 0.05080547416440329
360, 0.048425660007973666
361, 0.04678556187205902
362, 0.04808066222832218
363, 0.046391972339006056
364, 0.048709108071809684
365, 0.046287644525369466
366, 0.047318107195440516
367, 0.04871525337538872
368, 0.04786856881950638
369, 0.04648600297146111
370, 0.04872508206901208
371, 0.04791746655165297
372, 0.0467418701473227
373, 0.047882945205605924
374, 0.047383184755677966
375, 0.04806773655547767
376, 0.048415513340988175
377, 0.045644100541726074
378, 0.04521791391402972
379, 0.04700863259835307
380, 0.046308008007792674
381, 0.04678643492790381
382, 0.048680396909371565
383, 0.048280480411753
384, 0.04831706751722753
385, 0.04745343689036062
386, 0.0475578200002509
387, 0.048800000900704264
388, 0.04748523339486268
389, 0.04674740806010452
390, 0.046861032822631786
391, 0.047465063703450924
392, 0.048486719103741
393, 0.048054181078083257
394, 0.04869515704669085
395, 0.04716109499616388
396, 0.04589287946824717
397, 0.04458713641370142
398, 0.049316150936146365
399, 0.047821716432970444
400, 0.04893116216077213
401, 0.04994130074141899
402, 0.04628685148921639
403, 0.04955098985980629
404, 0.045315412809016596
405, 0.04714004917138079
406, 0.04685552846183336
407, 0.04714885955262611
408, 0.04758638509452215
409, 0.04906890348456301
410, 0.04844100631927427
411, 0.0480853299434406
412, 0.0468397363193137
413, 0.04888715348095088
414, 0.04954794540043636
415, 0.04789783210634065
416, 0.04727487753074786
417, 0.047860685989612455
418, 0.047337341161800106
419, 0.04723329862251492
420, 0.04612146244969384
421, 0.04815917585099544
422, 0.04812581737332993
423, 0.047377076173272845
424, 0.04912408066065697
425, 0.04700306617610544
426, 0.04768586326353524
427, 0.04799392904787672
428, 0.045780250516872865
429, 0.0514330486128975
430, 0.04865960269231611
431, 0.04773228732865358
432, 0.04768341914366713
433, 0.048974752081776624
434, 0.04643718988324164
435, 0.04727510215090784
436, 0.05078905946270874
437, 0.04677887920812682
438, 0.04584432853125441
439, 0.0481253559839009
440, 0.048140382637668774
441, 0.047690442602491466
442, 0.050573801315120716
443, 0.04749140679461333
444, 0.049759674410043156
445, 0.044973711526970356
446, 0.04638035895231341
447, 0.04751981303222997
448, 0.048199173303479455
449, 0.04959831351477154
450, 0.047445046020142365
451, 0.047904071289770075
452, 0.04727577247007997
453, 0.04741918991452603
454, 0.044558861208266826
455, 0.04878792927089135
456, 0.04636263403531292
457, 0.04732699623066972
458, 0.046810246453948164
459, 0.050868787536445845
460, 0.04943779357263331
461, 0.046211227574049524
462, 0.0487909216733611
463, 0.04780422406181234
464, 0.049294662253631605
465, 0.04788708300143866
466, 0.05057862481308874
467, 0.048871085070764604
468, 0.04698146524616724
469, 0.047649773800523855
470, 0.046975670332531486
471, 0.04883199974385955
472, 0.04730132862599953
473, 0.0502279858040009
474, 0.04701918857538476
475, 0.045085227141050094
476, 0.047270610320655236
477, 0.04753193766609935
478, 0.049151016910453316
479, 0.05076896535455317
480, 0.047798859171271274
481, 0.05024470152573668
482, 0.04569002234822396
483, 0.047480497542376196
484, 0.04916284490903353
485, 0.047846872775819435
486, 0.044557306685872336
487, 0.04716054673497773
488, 0.04548400509337367
489, 0.04743900646979352
490, 0.04729409460081346
491, 0.048206148234628925
492, 0.04777586752435296
493, 0.044820584827789896
494, 0.04484445781653693
495, 0.0480360090925753
496, 0.045333985201500435
497, 0.04867482078155032
498, 0.04776332910927501
499, 0.04844638540330358
500, 0.047909357729372846
501, 0.04835424791391296
502, 0.04633426971929611
503, 0.04479638468928851
504, 0.04792476885844
505, 0.04731718805947215
506, 0.046849787721339096
507, 0.04473619523344252
508, 0.04448913118229162
509, 0.04785028965947879
510, 0.047190575327672436
511, 0.045285468286936144
512, 0.04627475300509454
513, 0.04789854979050025
514, 0.0496262342527846
515, 0.04768903706213211
516, 0.04837285727969768
517, 0.04640222763165756
518, 0.04717439373539233
519, 0.049740491510799775
520, 0.04726166742904484
521, 0.04718529942349527
522, 0.047694611856134335
523, 0.04635514586520454
524, 0.048541819780644216
525, 0.04565740849321478
526, 0.04896144458608266
527, 0.04913446018581835
528, 0.045460151620576233
529, 0.04758250185945832
530, 0.0459821331799157
531, 0.048305617570717475
532, 0.04810505116470952
533, 0.046345158872690397
534, 0.04568975945597372
535, 0.047198720135182955
536, 0.050316478736045014
537, 0.05000163064931879
538, 0.04763540846646983
539, 0.05083458166575839
540, 0.047218141540232565
541, 0.04697417087773633
542, 0.04668890218381794
543, 0.046313627685610564
544, 0.04725488434018931
545, 0.04828428364602372
546, 0.05002135741540216
547, 0.046383450478190535
548, 0.0477466504377609
549, 0.050959231763935874
550, 0.04665047605171532
551, 0.04513163563538832
552, 0.04846081223643637
553, 0.04907320746442115
554, 0.049612512124900615
555, 0.04647789994294125
556, 0.04764276745590823
557, 0.048080504199968135
558, 0.04649235964937329
559, 0.04556844800354148
560, 0.048712707010297736
561, 0.046309833724676064
562, 0.04854858388558431
563, 0.0466200997405193
564, 0.048843807410045056
565, 0.046412483667662
566, 0.04539690389028059
567, 0.0457297162730594
568, 0.045315054468633376
569, 0.04853848178053571
570, 0.049338085944035014
571, 0.048387498860062834
572, 0.04592064131317115
573, 0.04533760032299135
574, 0.04854533997388772
575, 0.04902554290443123
576, 0.04667127707408734
577, 0.04767484420098147
578, 0.04666591183180702
579, 0.04707323713881433
580, 0.04904119784958714
581, 0.04874378651166965
582, 0.04725719494935504
583, 0.04665178052670688
584, 0.04718177939160172
585, 0.047815063685756325
586, 0.048860971854655356
587, 0.04777049687093291
588, 0.046600342550209485
589, 0.04796645749620529
590, 0.04656708599243281
591, 0.048255418736942786
592, 0.04435239013487759
593, 0.04628108225283599
594, 0.04502123682172741
595, 0.046697208983841804
596, 0.04671603338005586
597, 0.04739877707306876
598, 0.04838049623132287
599, 0.04867466706160379
600, 0.04666948002017605
601, 0.049133812233869596
602, 0.04722286494349569
603, 0.050097554516119434
604, 0.048533876871382144
605, 0.046367395234723684
606, 0.0457348662502922
607, 0.04544844303240933
608, 0.04692710626124865
609, 0.04486236658060751
610, 0.04776729305993954
611, 0.04723674757618362
612, 0.0468610284348818
613, 0.049361014091395726
614, 0.04632061889819544
615, 0.048175011914444774
616, 0.04823844074131833
617, 0.04898590804939129
618, 0.04469994099913531
619, 0.04829311725147353
620, 0.04671410413200434
621, 0.04916493349675059
622, 0.04341872703908586
623, 0.047540435535265706
624, 0.046702026175865184
625, 0.05048738394948539
626, 0.04959621425518493
627, 0.04936695347652002
628, 0.04839055098871251
629, 0.04630705341821728
630, 0.04838499290645221
631, 0.04522220984733072
632, 0.047828305227315376
633, 0.04965127028989418
634, 0.04739058348740993
635, 0.04544209009838443
636, 0.046233388687615305
637, 0.04817422709438999
638, 0.04783757708593446
639, 0.04545808882675359
640, 0.04445978411255351
641, 0.047298813383645014
642, 0.04503743697824259
643, 0.04889606308032825
644, 0.04775762863709873
645, 0.047437942573042194
646, 0.04510458433864997
647, 0.05001455136584809
648, 0.04583684611785542
649, 0.0458054176240914
650, 0.048597289725608304
651, 0.04769777158235755
652, 0.046540061564801
653, 0.046825194088055216
654, 0.04964599750522481
655, 0.04732452623061617
656, 0.046907409623807066
657, 0.04714961539678418
658, 0.04719566726251001
659, 0.0459908861156631
660, 0.049114075908902405
661, 0.050716837906651636
662, 0.04912014968833469
663, 0.04899858225277457
664, 0.04810814040783943
665, 0.044373413083904016
666, 0.05029840724427569
667, 0.04864485421371752
668, 0.04650430557394626
669, 0.047264111816458135
670, 0.04942904239938791
671, 0.0488564709780529
672, 0.04595051928907671
673, 0.04891045532182469
674, 0.05039709244075926
675, 0.04579066459392818
676, 0.050706232728148976
677, 0.04845419699111062
678, 0.046492759557270655
679, 0.04891592558760805
680, 0.04731238223239695
681, 0.04550601731387098
682, 0.04727018438854384
683, 0.04834603680455333
684, 0.04927992195636991
685, 0.04683994596965583
686, 0.04825466197421333
687, 0.04811150067830533
688, 0.0478033815372518
689, 0.04772181388097367
690, 0.047004524055437695
691, 0.04767483852089135
692, 0.04686160605047986
693, 0.046117332148060665
694, 0.04661559450461821
695, 0.04680841496436935
696, 0.04774326924098657
697, 0.04685204170853052
698, 0.0473236239879409
699, 0.04885347395180791
700, 0.04610660809219644
701, 0.04714643536578564
702, 0.04818928238610604
703, 0.0444815179851461
704, 0.04850002853108879
705, 0.04930805495501906
706, 0.04688042002277935
707, 0.046850568020476345
708, 0.04720734781111177
709, 0.04863600470846203
710, 0.04733983392167279
711, 0.04554552317243108
712, 0.043303007525191596
713, 0.04561070713317417
714, 0.04666264644545513
715, 0.04484707121015895
716, 0.04824593387461503
717, 0.0469478395349604
718, 0.04783246704565149
719, 0.047391971286745084
720, 0.04644222056068054
721, 0.04781803483157863
722, 0.04836323021999445
723, 0.04680626415599832
724, 0.04866949476586079
725, 0.04701734663202456
726, 0.046584650868808045
727, 0.048513898927705724
728, 0.045917469819094704
729, 0.047492336948481845
730, 0.0477353313401337
731, 0.05069598051216533
732, 0.04802851125293317
733, 0.05061948155355489
734, 0.04663490892214718
735, 0.051732688499533844
736, 0.04559045135228075
737, 0.047826561011744734
738, 0.047419158662204
739, 0.04432368940987959
740, 0.04872740952536787
741, 0.04669227361331956
742, 0.04698297145878872
743, 0.04530854991124084
744, 0.04566203118040308
745, 0.04792106708177513
746, 0.05299760277154185
747, 0.04906886371814928
748, 0.04890413620155135
749, 0.04942325165032018
750, 0.05003161723540726
751, 0.04591176263981297
752, 0.04870191042198668
753, 0.04607511362931451
754, 0.04575208455909991
755, 0.050444444689299636
756, 0.04668421705777741
757, 0.04845089232632788
758, 0.04931876498359604
759, 0.05408628156740939
760, 0.04691383673377819
761, 0.04694919363620404
762, 0.04746330192337487
763, 0.048602596948032484
764, 0.045759639507237826
765, 0.043983381083291494
766, 0.05063066990088246
767, 0.04703390823501579
768, 0.04883830377160436
769, 0.04609969479744323
770, 0.045586120390987916
771, 0.049838149442837563
772, 0.049100818739869746
773, 0.04697136177643885
774, 0.04619664441322585
775, 0.04683821119286473
776, 0.0464979528628098
777, 0.04734274656390233
778, 0.04866347269718117
779, 0.049541473594897516
780, 0.04565833479770136
781, 0.046713386803827216
782, 0.049050942130676636
783, 0.04771704581507101
784, 0.04543267060672045
785, 0.04964374203025943
786, 0.046023898300701485
787, 0.04699368021356252
788, 0.04737132678916078
789, 0.048164368950044285
790, 0.04532342411203128
791, 0.047532978896396356
792, 0.049416746715656906
793, 0.05053590329149808
794, 0.04820001531267038
795, 0.0519589694845541
796, 0.04713217993351113
797, 0.04635138654514919
798, 0.0484576061914584
799, 0.04462576089911476
800, 0.04867792116901494
801, 0.04516593407549193
802, 0.049056109316713614
803, 0.04259821397967807
804, 0.04303220900507448
805, 0.04652933992299482
806, 0.04650438683297101
807, 0.04873431911977144
808, 0.054198051077305555
809, 0.046273662293410775
810, 0.05111157637899173
811, 0.04805360225210127
812, 0.04855924017550191
813, 0.04603008630848621
814, 0.046814223933917515
815, 0.047336503140573034
816, 0.05044216286577298
817, 0.04681924940282658
818, 0.04776727864819327
819, 0.04665877159176213
820, 0.048745932933162386
821, 0.0462581064045297
822, 0.05042420398995681
823, 0.04869275179696766
824, 0.04868128279674815
825, 0.049630719338539776
826, 0.047075219633524866
827, 0.04770674543162836
828, 0.045242267927005
829, 0.04999448094010744
830, 0.04651130925476844
831, 0.04606607872887997
832, 0.045878646272969004
833, 0.04740616397854222
834, 0.04594133224432169
835, 0.04859109215968813
836, 0.0470962388488022
837, 0.04908094586508889
838, 0.048327704845458015
839, 0.04783352970962604
840, 0.047045097290280884
841, 0.044263558699407395
842, 0.046512022662006096
843, 0.0447212985660629
844, 0.044638956346342754
845, 0.049307540965771994
846, 0.04938277557661681
847, 0.04815458086463202
848, 0.04522547187117552
849, 0.04603076574346709
850, 0.04309236710367565
851, 0.045503771867341926
852, 0.046394037086136666
853, 0.043293671749636845
854, 0.04893194809652781
855, 0.044492531115709756
856, 0.05204821272016564
857, 0.048376912890586043
858, 0.043251202214398286
859, 0.04833822575356074
860, 0.046825992148104345
861, 0.04800091281661499
862, 0.04830159689042857
863, 0.04810624978648786
864, 0.0484532204143681
865, 0.04890473425833549
866, 0.046584777237247334
867, 0.04888871003756999
868, 0.050741637000711576
869, 0.04411510527879896
870, 0.049906655239871936
871, 0.05028282962100695
872, 0.04680611854034626
873, 0.052936148217084596
874, 0.04797406998137825
875, 0.048440515504193676
876, 0.048861750661585185
877, 0.04668117928037569
878, 0.04383850112039148
879, 0.0456344079179896
880, 0.048766560314828344
881, 0.04783464539597295
882, 0.04677378202148342
883, 0.042641029399910345
884, 0.04391961506988464
885, 0.04469485414934659
886, 0.0516792604127899
887, 0.049992024461546436
888, 0.04418751205153612
889, 0.0488276553553974
890, 0.050507058140628634
891, 0.0474462563571262
892, 0.0487684242304027
893, 0.04469009547902403
894, 0.047463222199083804
895, 0.04808754683973724
896, 0.04622098235766417
897, 0.05018847872724369
898, 0.04704635252415753
899, 0.048484388461230495
900, 0.05096181551559214
901, 0.049979925083083444
902, 0.050051684520320924
903, 0.05016687901065701
904, 0.04345734795356024
905, 0.04715705252196291
906, 0.0438988918053612
907, 0.04924085981686845
908, 0.0486577657709378
909, 0.04683691115120734
910, 0.048379081471631266
911, 0.04708617728923215
912, 0.04792907687385569
913, 0.04672373159281485
914, 0.04860023614765502
915, 0.049294062133212295
916, 0.0473285226407131
917, 0.04742122032288789
918, 0.04515151109666179
919, 0.05361429979283324
920, 0.048487195173273774
921, 0.05494906968921427
922, 0.04893353452606735
923, 0.046153448438039216
924, 0.05153677231113479
925, 0.04520738876580857
926, 0.05327544398386957
927, 0.04526849316927544
928, 0.04459958884957068
929, 0.04967196147266722
930, 0.046853445966225524
931, 0.03874935361567905
932, 0.04623283224297805
933, 0.04676966628422743
934, 0.043465004559871866
935, 0.04525873714871639
936, 0.04841363174633245
937, 0.047003012051814626
938, 0.04539788063221842
939, 0.04929769836574308
940, 0.04568849814158814
941, 0.04933321765522393
942, 0.046829957359778934
943, 0.050743463858979196
944, 0.04950688660925187
945, 0.05097941580229359
946, 0.0453287998351572
947, 0.04181816041134305
948, 0.04608392701813115
949, 0.04711378745228277
950, 0.04763543220943855
951, 0.044758453159507314
952, 0.04627557456715003
953, 0.04656411241382617
954, 0.04729222878196958
955, 0.049431675462355516
956, 0.04690795073715472
957, 0.0491293717809087
958, 0.047970185362154034
959, 0.04704260584800553
960, 0.04407614099940764
961, 0.04788354664710505
962, 0.05194978026673955
963, 0.056694800319215984
964, 0.05042005142769833
965, 0.045799442857533665
966, 0.046490975628443724
967, 0.05209076192828389
968, 0.04981348658521218
969, 0.0511528901576247
970, 0.0429501747716361
971, 0.04461660322898232
972, 0.04825657528131406
973, 0.0498401278029409
974, 0.04926407933569141
975, 0.04662400708656108
976, 0.04453411193480746
977, 0.048949363221432896
978, 0.04532488291766001
979, 0.04360105349234522
980, 0.03972894259906485
981, 0.043950053366764046
982, 0.0478318242632634
983, 0.04624972794932344
984, 0.04317738611054385
985, 0.04745921349559642
986, 0.047271287696170165
987, 0.04791633914772817
988, 0.04675043881412557
989, 0.04482400952229969
990, 0.04340303496434385
991, 0.053923319281093576
992, 0.04425154831907631
993, 0.0443118992309176
994, 0.04746579933991153
995, 0.04433511372383574
996, 0.04820624956562327
997, 0.04935156193506901
998, 0.045791800489152865
999, 0.04336468904736436
1000, 0.04879375932589044
1001, 0.045050107217246484
1002, 0.04510805497243061
1003, 0.04888191257770159
1004, 0.04643031481353896
1005, 0.04719401417843389
1006, 0.05188246982460874
1007, 0.045008088850657255
1008, 0.046291769718635564
1009, 0.03838598972753865
1010, 0.052690260013202136
1011, 0.05104531757897767
1012, 0.051441494714822275
1013, 0.046538524712167934
1014, 0.058255164925117724
1015, 0.04752088075631612
1016, 0.05104373442067146
1017, 0.04522659140769431
1018, 0.04461289524647211
1019, 0.047961289899229195
1020, 0.04073459893974485
1021, 0.04102824309490961
1022, 0.049474020564137126
1023, 0.05141632225556162
1024, 0.0452653587761312
1025, 0.04280237342322883
1026, 0.04371448542908388
1027, 0.05400678745848622
1028, 0.04085589159600897
1029, 0.05050446251551762
1030, 0.050222253758876456
1031, 0.06699521349669783
1032, 0.05104229236745872
1033, 0.05178742790445329
1034, 0.03866028261122367
1035, 0.0435932178028592
1036, 0.05071719926405539
1037, 0.04124071900201168
1038, 0.052581360031247804
1039, 0.05520135967392829
1040, 0.050829426907747464
1041, 0.03971209582283336
1042, 0.04020393766790231
1043, 0.04049912607538883
1044, 0.059284391629422485
1045, 0.0347650553930554
1046, 0.0469280751830433
1047, 0.040843610985816015
1048, 0.061256263895574425
1049, 0.03905856474569896
1050, 0.04430331372135704
1051, 0.054063217842070396
1052, 0.04033517886512319
1053, 0.04355258068029049
1054, 0.03472459734342308
1055, 0.04616338327676087
1056, 0.04085160457066429
1057, 0.04450574132658587
1058, 0.04138602002882523
1059, 0.03702218927562386
1060, 0.051715628917219425
1061, 0.042034598927832116
1062, 0.05774795388563897
1063, 0.045229503994784995
1064, 0.06332878772759118
1065, 0.05039070509080272
1066, 0.051323929671521475
1067, 0.0527352963706025
1068, 0.043711215319445114
