6.06861528182883, 62.40667990850727
2.7810785370009716, 4.307174708668276
2.893344254222572, 4.0374858983853965
2.81703734348607, 3.6315589469949368
2.829780119953687, 3.4060058511641573
2.8518603767927417, 3.514696718476555
2.781196154588981, 3.3628652066098312
2.776938218336608, 3.042275019571412
2.901074009166384, 3.020690973401691
2.843372924575187, 2.9736504634265857
2.8321725119961485, 3.3924389020526484
2.8391281629921012, 3.2167595276615275
2.824471750960785, 3.06567098393173
2.8254347639120097, 2.9835894946861825
2.827299623472184, 2.9241628111352798
2.816915609577605, 2.8587854047056034
2.814589938284567, 2.8098931840218135
2.836702654568921, 2.7954404212022097
2.830491835541477, 2.789723110573938
2.827798316663661, 2.7776702660559103
2.825750139594041, 2.809112177849569
2.8160801486267837, 2.833864024451228
2.8170969692274186, 2.885952170535839
2.817309362428754, 2.9425580902183346
2.8145302418548264, 2.996355007492033
2.8250058775815905, 3.0550763298619885
2.833890167266669, 3.0976448668026886
2.8166858553411855, 3.099717661542195
2.825918644140486, 3.1420730991812014
2.823447840657694, 3.17177047995098
2.8275672628324315, 3.2033642879058974
2.845624717654828, 3.24663902635709
2.8572285694213924, 3.3065910214434053
2.863763190082798, 3.279968173555774
2.8649544066634167, 3.26441629526309
2.8535320078254083, 3.277581075517946
2.848472373547253, 3.2641714388997416
2.838671773047013, 3.343249446599997
2.820812302014339, 3.3561314067372896
2.824043032147458, 3.3800378051333992
2.824083421139513, 3.3885859997557253
2.814117738694695, 3.4215607753688615
2.804319859397765, 3.3814324341025115
2.8051452698276007, 3.390637491702448
2.812868156165423, 3.4414274663298174
2.8192563871978895, 3.4181577345911727
2.828362443396714, 3.4674191008161666
2.836569682149846, 3.4551664461586684
2.8558794707052515, 3.465690056542242
2.8509787192314446, 3.5079823365121596
2.841165131704642, 3.511034994355949
2.8278852268604195, 3.5260307178021444
2.8402325526794674, 3.587608405708411
2.8403959856681973, 3.6316935781774893
2.8448796644053624, 3.6071231938589627
2.843781445409447, 3.661340592039516
2.8373982604145818, 3.6494997509046656
2.8477628432343636, 3.674871166263734
2.8377235807455636, 3.715195450596596
2.845350870606461, 3.7187057807831136
2.8420752363112345, 3.8156532790521673
2.8601540124529046, 3.850834355758959
2.851688700458798, 3.873518890843441
2.8455667556393864, 3.924813789619178
2.8390952119113506, 3.9451528415926838
2.8415473704249417, 3.929114217521908
2.841965244188278, 3.945028467101422
2.8284017084901514, 3.9258941560086513
2.8287689355905252, 3.881300572597605
2.825408078952362, 3.8628864090218356
2.829078345908421, 3.7745864331545973
2.821880711434279, 3.7297987313015653
2.8254415142126925, 3.657854961125678
2.82271107586898, 3.6045113713124812
2.8213634195902486, 3.6142364280861683
2.823334018568515, 3.6410721466180354
2.8250206991010995, 3.645675130522032
2.8367523123374925, 3.662188086392026
2.8472210741088984, 3.6632186455136635
2.8431979703139127, 3.6450770196598965
2.8455183184005812, 3.6604537662481818
2.8515915558355434, 3.6723049984211107
2.848909858175785, 3.6726130283869174
2.847002374004042, 3.6458568754547684
2.8409185658125624, 3.613930480621434
2.8461457662800123, 3.564428771978059
2.83864366781473, 3.557363583386669
2.8369993689852007, 3.5043079597802
2.8259213848883316, 3.50588064185483
2.836250196120489, 3.5071219201845083
2.841451659820007, 3.502217489186548
2.8357709565431586, 3.4740464809818823
2.8480290162390762, 3.463900695201142
2.858453690582854, 3.4679291051714336
2.848893434167464, 3.441039908516651
2.8426839026868977, 3.424277253909216
2.8514309068800596, 3.385017155159295
2.8577348831039027, 3.4248386509357545
2.851844161625248, 3.389972085494749
2.8478379224961623, 3.3653006997750268
2.841639615400214, 3.3238093447521067
2.8501095042102356, 3.3034634468796336
2.836844719631461, 3.3027978509543146
2.829539984597184, 3.318759061357473
2.8384773186495376, 3.334942607738615
2.842728680058576, 3.343622567123635
2.8377002787777093, 3.3687099316683513
2.8335891544798453, 3.352782130792525
2.8402822521085147, 3.363203723792804
2.8503684418432202, 3.3871832292593447
2.856229712575049, 3.433361815849178
2.842791280357262, 3.4187841829145817
2.839772608480768, 3.4259692868410463
2.8460187631610645, 3.37487857429184
2.8541777035581095, 3.3478456980977453
2.8548744337482934, 3.3108319550988137
2.8489250864698894, 3.2938705996915907
2.8415491717008323, 3.2474478400431463
2.842766068252426, 3.232772339797566
2.835965158713301, 3.2278730388181613
2.8332825127374104, 3.1796817969612325
2.845603880205647, 3.1748627848796596
2.85529907668002, 3.14322277041098
2.8413120320127088, 3.1476027012631906
2.8318527403577334, 3.1336669214952297
2.8297634734210844, 3.1276017672762486
2.842743654592633, 3.112281970338091
2.839791196071309, 3.1225765785884616
2.842428730761739, 3.1166434959432765
2.8557989773214887, 3.1198875284989303
2.8528576474849254, 3.1384314240474427
2.8342114225038, 3.207039498648568
2.8296593213353334, 3.2484743591765786
2.845714281858432, 3.281016901188933
2.8546713923591653, 3.3273585163127004
2.862561404499407, 3.3467151031948825
2.8523605200078994, 3.354131913656957
2.872527550433697, 3.3314782419834374
2.855494920792954, 3.3476474557191276
2.8256870796004594, 3.3087998489620274
2.822695859086268, 3.2980641844882257
2.8386433422443043, 3.2688706190145234
2.8291904676388873, 3.2294852734239776
2.824246125291174, 3.2186082818352517
2.810871747446005, 3.2146685172307414
2.7947746610039372, 3.2372677669403
2.803939825293046, 3.257639307654004
2.799758032621768, 3.3032909470104395
2.80543048234871, 3.3006475556192756
2.828373104845884, 3.3097236663921423
2.8414055665472326, 3.361741835724426
2.8448110818445826, 3.350164131815135
2.8531743661019355, 3.395674608956272
2.846543871464118, 3.4242023515428093
2.865846842376482, 3.4575051937428527
2.8791873108291797, 3.4782569782181936
2.8731013258967786, 3.503296650800146
2.8689033748441295, 3.56491738174728
2.873138607261149, 3.6419918620171012
2.8519133544536297, 3.7370372469380833
2.8379169361968914, 3.777779258588101
2.832202422907055, 3.8072316054477775
2.830139391667312, 3.8581119978218785
2.8367018638088535, 3.8543807238107397
2.833328088026246, 3.872903760727236
2.827141969541474, 3.909229774078335
2.8318330897683213, 3.8917553120324397
2.832906214914453, 3.86190817792518
2.831719149712349, 3.853765745643853
2.8374278785834384, 3.8127449024343703
2.841924215364519, 3.7965725310415595
2.846786817581447, 3.855678575872782
2.8584912717878237, 3.878337823135456
2.860058736753775, 3.9080076221610454
2.8469445514589613, 3.955808146509147
2.856793249779888, 3.952164538984802
2.8529070974191657, 3.9791512747816937
2.846511278238573, 3.973918066363516
2.8590244416483985, 3.9961105894903746
2.87464414912976, 4.012087987106322
2.889139087664355, 3.9959388497217945
2.8850960955350162, 3.942554329082985
2.889014916815982, 3.8895298623609236
2.8904512333274153, 3.872911914299312
2.8859656952275485, 3.7991560352244576
2.8734060844113243, 3.75919794506909
2.8747204956660686, 3.762029364866443
2.862620124903974, 3.803627738971224
2.85998149829022, 3.8144810349105263
2.8523691946133884, 3.787440111207018
2.8282390291555806, 3.8084608874358934
2.817646943675519, 3.837941289675766
2.8046262334874825, 3.8049561720894323
2.8055569145241956, 3.778013491351307
2.8109289934346027, 3.7921451334061147
2.819105823295959, 3.801213318473656
2.8140531725994533, 3.7512003995830967
2.824845534830323, 3.68183157811621
2.8160535197223737, 3.6224775579145794
2.8099095065299613, 3.611156637116615
2.83262104777376, 3.5511862676378856
2.836126779956884, 3.5163409389875384
2.8349499983652264, 3.5689111294488414
2.828220542941098, 3.6054064698288735
2.8299810741186002, 3.626200469255791
2.8178167146988287, 3.661810127452547
2.818698279672529, 3.744654870132627
2.8148855244108533, 3.798967761365751
2.8214226999958796, 3.8225761871770345
2.8223714754249003, 3.857238493643424
2.813873764281381, 3.907519294473741
2.822330496173406, 3.881905965087622
2.834816530835871, 3.850433122716428
2.826656727233114, 3.8091239838571056
2.8331064542447106, 3.7658149143113855
2.849918926936488, 3.70199271398081
2.848587370769253, 3.63156717524767
2.848487118979752, 3.575998544103097
2.8430054448058177, 3.510234087710532
2.8365082180439725, 3.472135319882489
2.8445207034057485, 3.3897888582562823
2.835734381844462, 3.3983106260470755
2.828764487459279, 3.389471688784293
2.8383654808222065, 3.4376643129108273
2.8319857683846577, 3.41443699730317
2.805766684574637, 3.4258239696314305
2.8107135098427682, 3.4127404669407584
2.8180330469612898, 3.4138030121393044
2.821143530209109, 3.425368120078076
2.829557407555636, 3.3931669578184644
2.819838284511638, 3.416802358694131
2.811901083240135, 3.4327973771113967
2.822452026695508, 3.4103676168720396
2.8287355659082225, 3.34674149881672
2.8307718920393556, 3.3684308437837815
2.8559706570705665, 3.3781883109346977
2.8566747414614553, 3.372301745725231
2.8452701565833314, 3.3929001830537127
2.8386276204540883, 3.38883168732671
2.8425229970928854, 3.407739036314568
2.8545850997559326, 3.4340582491151124
2.862451214179486, 3.4217550428172387
2.8612255467762053, 3.414778343865607
2.8663426465632647, 3.4300845778568045
2.87879972693863, 3.422971718114705
2.8598591187583082, 3.414250105925312
2.856735834735793, 3.445387184239814
2.871698319530567, 3.4540941416563333
2.8806584900135808, 3.456733999890509
2.8849733800602175, 3.4413535409962277
2.8573970038477774, 3.4326957665173836
2.8731583626709565, 3.4329329841315954
2.8672342466511087, 3.456215104143836
2.8573755443219695, 3.448186294343844
2.8590379840114264, 3.424935566469889
2.8599530489106235, 3.427365128834425
2.867706500271547, 3.429137145439681
2.854320722008838, 3.3917834214453118
2.8505657945231446, 3.4052572398572005
2.831831409203879, 3.4211027392545845
2.855367374051469, 3.4248323080422467
2.8410223260529075, 3.450578789694928
2.8296454973795973, 3.490215512257555
2.8205629968818196, 3.559183318503886
2.792572877930951, 3.6314482890004043
2.802025393096851, 3.663822330719932
2.797561051163508, 3.7188093683505246
2.806899625314492, 3.793146641459541
2.8088630171527975, 3.818045558661211
2.8253187929267396, 3.8652428547839364
2.823081304541127, 3.8989676359739156
2.828957305989951, 3.9269153447347165
2.8263666267539325, 3.9431251735450017
2.8376707107454138, 3.928201745677941
2.853950685766924, 3.9212027398718705
2.8488469769582965, 3.9158373510113145
2.8655133820613328, 3.867744302990489
2.857176569352147, 3.8319203891677818
2.856315478324071, 3.8283064868860044
2.852622889171207, 3.8050129527907073
2.8433863581521157, 3.779702439564688
2.8461675767333094, 3.7596658860254535
2.84538826002166, 3.768654896241043
2.8290617698676943, 3.7802668370872325
2.832193205803433, 3.8047157069142323
2.833622907771367, 3.849287579737717
2.811976321648063, 3.859249885578137
2.815424224830191, 3.8783616133563266
2.813871440564739, 3.8792111025518805
2.8149950719277923, 3.898710870831708
2.823525951322318, 3.9166137218971633
2.8200133882372085, 3.9178230926280166
2.834367824349387, 3.8810661926653034
2.8463957918155915, 3.9088303254691157
2.8362824147880703, 3.92756350248071
2.8412222421708875, 3.927020413610754
2.8433934902912648, 3.968534180206015
2.8392658556196984, 4.020947231141635
2.842712160474519, 4.07553289198671
2.8408921709110677, 4.1102151451476505
2.834329612390456, 4.113702066062761
2.8325211342335024, 4.107114249266344
2.835497700792364, 4.118019904376033
2.8289374610441516, 4.101534738578034
2.8429433624845677, 4.069606262206616
2.8482319316688933, 4.021258447595019
2.850517414774468, 4.006173371398332
2.8470333627637276, 3.9612452085324295
2.84629378120212, 3.9269446397893666
2.8492303507286425, 3.9034104752679744
2.8556202640233606, 3.9277139654588935
2.8561943479164236, 3.9493415481136047
2.855652073397778, 3.9372021447108736
2.8656715014399703, 3.8831521554351944
2.8503469991766885, 3.8555703809414736
2.85444497589991, 3.852490515822781
2.862671489571968, 3.79804114248477
2.866527256653233, 3.8240629486132063
2.864423794443157, 3.8015600493969766
2.864359828959945, 3.771353464167136
2.863533771817027, 3.711707857820327
2.8673643444854218, 3.6378044036889037
2.877948976114534, 3.6031850491777804
2.8766865581750163, 3.602240864840904
2.890356288559243, 3.5915827238087497
2.8826921842076016, 3.5613095794842353
2.862017251345131, 3.544699039800425
2.874201980474302, 3.4405939440543407
2.8754665580631347, 3.408636001183652
2.877582714718461, 3.3984961858085945
2.877117228698255, 3.3608746841139316
2.8776368048460386, 3.346754068393486
2.864326613010136, 3.3623752416654247
2.8586279165447497, 3.3463998999656566
2.849154096391983, 3.3325286294258367
2.844882331078565, 3.342788860335645
2.859937288526944, 3.36819475268314
2.8479006657874293, 3.4329927868966217
2.85681745549925, 3.4768439569200824
2.8575848460183746, 3.4904693801107114
2.842858353356183, 3.5367056728786883
2.8463651468454816, 3.583375790572726
2.8400779489142165, 3.578214644616282
2.843762561556033, 3.632655851128477
2.8310840287155026, 3.658016465507766
2.8307643128269633, 3.6592065256138704
2.8344055864085647, 3.6433799337724393
2.841271211545693, 3.606981501821204
2.8290930131614678, 3.5538114965339043
2.8263829792083492, 3.5398915893336644
2.8385094359281053, 3.511204420091976
2.838185137056496, 3.5375607325265817
2.841892419599599, 3.5535230893958185
2.8388755240334627, 3.486540416381647
2.8484251392758395, 3.428224450889316
2.8444370841637747, 3.400045201838927
2.8321996118393065, 3.3735005540396807
2.833177035687817, 3.36234077526293
2.8358629561304993, 3.3471433604737415
2.8249436745716197, 3.3520568687578205
2.826700608922786, 3.3627652687665046
2.815754172154815, 3.323050616178301
2.808429050045062, 3.2734549470112575
2.8123155755727023, 3.287273442942447
2.822695305033538, 3.318723438333236
2.81940267736886, 3.354043656595772
2.8303577475907917, 3.3924108492644445
2.816287859461718, 3.3875534485797494
2.8166883647229186, 3.4257830955892685
2.8235718801959413, 3.4394465113986
2.8287134287788858, 3.432968727659875
2.844774717893951, 3.4327841180578815
2.856698075205538, 3.4678952083647454
2.8487185303902196, 3.4564892870211352
2.846137668587167, 3.4665983544203045
2.8523737452609352, 3.4630973416118236
2.8492775374354173, 3.4860333709537357
2.864242480243422, 3.5320618629440625
2.8667128280904093, 3.5563397340402547
2.876936887878696, 3.575700273958968
2.87267527091027, 3.60222191273562
2.856931616219943, 3.6431287469165397
2.864300363141775, 3.6629872470450224
2.8685349221689616, 3.710189996585368
2.8677575778925055, 3.7270016775976957
2.8772434006211127, 3.775707160164427
2.8803809774223788, 3.7817051089241955
2.880390347911271, 3.789868592042397
2.878644047017354, 3.810681335045858
2.859736776150336, 3.807208131583547
2.8558666054897506, 3.834786649147836
2.861320156627591, 3.851875928737338
2.8475737339291656, 3.9038695566394006
2.8445781694949175, 3.9252800996860016
2.8338837432457358, 3.934504939435127
2.8326233834436048, 3.9302988889394364
2.8303372429817912, 3.953120104434924
2.8254232484118496, 3.992800773022233
2.822700277086307, 3.991883478955683
2.839488441640184, 3.996865681637645
2.8318822007159694, 3.994831053675143
2.8261980015273855, 3.99304209381853
2.8264929770871547, 3.972482236056828
2.8286175683805572, 3.9828610220397236
2.833743160281233, 3.9876935500643214
2.822337657571794, 4.0005786380493396
2.8197518194500417, 3.9856292966995484
2.825651886091739, 3.981900621822067
2.8212720289863364, 4.011074320037332
2.809319518422826, 3.9968350475598604
2.8280504263328123, 3.996601869093973
2.8343221861241106, 4.003154788636251
2.834295179075787, 3.9971834416273118
2.8389589957281682, 3.968278706635856
2.8356749546968274, 3.9260647228132988
2.8417129703447266, 3.8771060782244327
2.854021173076613, 3.833597878794586
2.853083628974599, 3.7672576877095514
2.8606383960111104, 3.6976454400019905
2.8571568833648144, 3.672653167223669
2.8464654439700396, 3.6100319959509855
2.8532182708896636, 3.5424179594268024
2.855648654327204, 3.5289395642096744
2.8528747525877947, 3.5216037850887156
2.850149649600818, 3.583728507626727
2.837661831313415, 3.578360036480072
2.8298787073506046, 3.570470752044072
2.8191502787983804, 3.5974741103772843
2.815955658140843, 3.6135700883212345
2.827698028951663, 3.631427745028451
2.8290667941812258, 3.644791616339517
2.8211372171865188, 3.6532335532436413
2.8173220313942235, 3.612317656645966
2.8304030957596398, 3.5889747473269886
2.837831882796066, 3.525716215224519
2.85020465216461, 3.5034521267230003
2.8469351903938813, 3.492803580417759
2.8537513444473173, 3.439084767580721
2.8533817209342653, 3.3997827500491837
2.8476279311545976, 3.3833177315039293
2.8535999238576317, 3.3892158808823054
2.8455073647672977, 3.366369996947019
2.8428600223811555, 3.3541880649623907
2.844851666649769, 3.3345778085242492
2.849141956064377, 3.3209828772252905
2.8503143936710105, 3.333455795146122
2.8492010379830304, 3.3356110656160802
2.8411894017311727, 3.356708822242294
2.852763931861694, 3.323263515060699
2.8566040874892056, 3.3096398841400743
2.8552551596455458, 3.277476961629174
2.859793213285272, 3.2658454789130866
2.8516416714192525, 3.274404047538971
2.847436001779966, 3.256914696552839
2.844720355224973, 3.2296893232961295
2.8455153312817387, 3.2318549943169317
2.856521539952393, 3.2207445962834726
2.8630184168780377, 3.180554898274612
2.85551681292758, 3.206251114164781
2.857956384159352, 3.2079037904663137
2.8504456115252923, 3.2443127292225933
2.8609884936805385, 3.2662238535633192
2.8718354769541805, 3.249402439384743
2.8655242964204692, 3.2676347293693118
2.862108453893125, 3.2653598986133368
2.860659988879754, 3.231485224913771
2.851642482689249, 3.2020709114271853
2.8409056036263367, 3.241732481734773
2.8351973047933425, 3.2341243730114377
2.830816761100034, 3.231623452467185
2.835071818427808, 3.172036854571062
2.827063028165212, 3.158368236411041
2.827333880552466, 3.1282438500993592
2.8171882550006493, 3.135122261223315
2.8134096881707666, 3.1385738027401295
2.808928174325411, 3.151494540533563
2.806397722335294, 3.203688140589315
2.81415712301957, 3.1566028854006767
2.826184985586132, 3.150411418097168
2.8218448549093877, 3.1344955615746697
2.814475420030045, 3.1652800548593243
2.827450449743552, 3.1642488038289684
2.8278124999803307, 3.2093542403555233
2.8471959713743624, 3.2480500507673833
2.8574188583624753, 3.2485116318926806
2.8562340622070854, 3.240573007706194
2.8529870864029396, 3.221426665820892
2.863488020735973, 3.241825765672445
2.863186491128052, 3.250738495197974
2.85931597849811, 3.257895726934796
2.853764381639468, 3.30955240092725
2.834917877155166, 3.336896864223223
2.842407579783592, 3.330787582543987
2.828759965857382, 3.28265634121045
2.8298330638030307, 3.3311513107748505
2.843706863528273, 3.371072718083751
2.852883934171112, 3.4132029718822094
2.8632554615717223, 3.4348432566169995
2.8525132461796883, 3.4757992980355814
2.872985977250198, 3.5043969526833534
2.877805431953361, 3.4902974126417696
2.882598169121755, 3.547199774657108
2.8793823533568363, 3.5916736763005717
2.879353872287644, 3.645251320792738
2.879350176480444, 3.7052467808588014
2.880576274183869, 3.7587106188400634
2.88526571083867, 3.7888071915909434
2.871044961548508, 3.8767825128355136
2.8631148114451035, 3.90009303771368
2.845586831384826, 3.9379011920867875
2.849146316812957, 3.958693113379396
2.8386036659379736, 3.939613314084889
2.8424259010040744, 3.952742421635132
2.8414555094456535, 3.950271488994905
2.8426953966688253, 3.9264011000035604
2.837780309390492, 3.87374335331698
2.828031351430668, 3.8578474681262924
2.831239025407883, 3.829745519122516
2.854476768017225, 3.8588612453485753
2.8653770414936917, 3.8479154971204346
2.8863258313336337, 3.8546303998481997
2.8941845845878738, 3.8367781945967314
2.8944973424850704, 3.8497215018637143
2.9008475419137114, 3.8603172705570215
2.8977759078824583, 3.8579663276392266
2.8833210011562396, 3.862667770652023
2.887519868977691, 3.8750769822875326
2.882876981126441, 3.847078961201725
2.8685338434055887, 3.782857017530014
2.8583761474664113, 3.750076816988313
2.845856128813111, 3.714979909503664
2.851904342441856, 3.6671329809851785
2.8375433968704065, 3.6277082238925624
2.8377001989048423, 3.564611888724184
2.82925361165584, 3.5302716896102404
2.836941680582672, 3.509163117616244
2.8264495318777083, 3.4370956373190564
2.8331093774153167, 3.4201258527411085
2.8399025594548655, 3.4268048694864093
2.843641560998299, 3.425898587350359
2.846698190139972, 3.4212281410650034
2.8500091321497787, 3.486877292695643
2.8511388319464723, 3.4853561726195563
2.848218483688651, 3.5307657266975143
2.863839707289308, 3.5466836427276958
2.8699323926024607, 3.5936409715391755
2.8609364942896756, 3.6269361218767555
2.86166859679915, 3.644447327621866
2.853870311241651, 3.670052143749031
2.863481917879685, 3.7336598496823625
2.8522009958971886, 3.779067347652126
2.848047020444998, 3.77211002254728
2.8481007706467727, 3.805677708253473
2.8462085886087056, 3.822504547806679
2.8382207459031665, 3.8046049425497785
2.819692745211318, 3.8014236063356095
2.837359475819652, 3.83611322513008
2.8299495846481157, 3.8310449929494568
2.834996005577717, 3.8001390792706666
2.8394326771027907, 3.73382707642306
2.846818378599643, 3.6960246123948592
2.851671766150605, 3.6668912749890312
2.847133201907359, 3.6188596276151594
2.8502857319334582, 3.581918708762769
2.833348785270961, 3.591025792605244
2.859899246291207, 3.551257627532604
2.8586918474867944, 3.512494684127733
2.8630910033110046, 3.4889259961223784
2.8577095246634494, 3.5200884286772394
2.842602474391401, 3.5205156472767585
2.833934321379618, 3.523871037637039
2.8195672176916013, 3.5355196347011257
2.8433784389884686, 3.5538559311332585
2.847080699797715, 3.537991332216788
2.8639606952159804, 3.5502547502519604
2.8582035334226807, 3.5696422275840867
2.866165770091979, 3.559252139801354
2.8636142451697264, 3.549760520369645
2.868069026630057, 3.5515829080004275
2.8699793041748314, 3.5345466560284273
2.8687494014331074, 3.538509912009443
2.880178838404426, 3.517343051583018
2.8749908297253106, 3.506712695553091
2.872699830958946, 3.509005028270083
2.869576920447039, 3.4910145815250018
2.871953694603004, 3.4466320484213364
2.8679727313405903, 3.443965380364643
2.862060208299197, 3.4444191920266514
2.8724143161010565, 3.375202482754529
2.865002975364816, 3.3863143895621244
2.875932975469433, 3.3616361734964166
2.8704776758109034, 3.3620689207793775
2.8628697037149022, 3.3783291189056377
2.8753620486251528, 3.4347203516126528
2.870233307384388, 3.4528116427786992
2.8597845326161786, 3.5293534587344695
2.8513034666940498, 3.5647312711431995
2.8567058155588, 3.6068893153933965
2.839553238236081, 3.6556553702047276
2.86198321028784, 3.7013930105966324
2.852275332872204, 3.7448708959777735
2.8611142203226763, 3.780057695259205
2.851753861104733, 3.83648340808562
2.841588379892814, 3.838742278563757
2.8448570014699053, 3.8777204295503376
2.862579156683961, 3.8731213482566895
2.868376408665269, 3.905500277999664
2.859678728379086, 3.9143498266472556
2.8632133652132983, 3.943840730588606
2.847506152905487, 3.9698172808473218
2.849297646934073, 3.9963560460782817
2.839035592289984, 4.032538923683353
2.8416471722037517, 4.042063427924828
2.8367112378723043, 4.08450441846486
2.846672646135819, 4.109312976069285
2.8243241202005867, 4.136764057757533
2.8142784773108707, 4.170879300196114
2.81469534679733, 4.216897222281319
2.818525539613625, 4.271449494765438
2.8155652783319494, 4.338531833445196
2.817565059920159, 4.412250439610104
2.8161307284446173, 4.453869163616014
2.8236772623034434, 4.480709207680372
2.8121707661010475, 4.5094822038146685
2.8163169381046034, 4.525126436359155
2.8196710768949957, 4.543204678782695
2.825707633991764, 4.539533354263705
2.8409375930720238, 4.578063477706991
2.8511948354673216, 4.5791807806924805
2.861128511582975, 4.550123043637142
2.8601086508149223, 4.557896800118885
2.856359931458789, 4.579687632920806
2.8559707835094486, 4.565076711848372
2.8697530565966183, 4.540286590060056
2.859603858214769, 4.534146098039708
2.856262857070854, 4.566166260086159
2.856799696861588, 4.599516145294521
2.8524709992104436, 4.618703838534089
2.841970709907023, 4.645327352230058
2.836939170596282, 4.690619411856407
2.846370661261893, 4.634118353836007
2.848325588394226, 4.618548982199213
2.8489032542102857, 4.634087661173837
2.834975278236395, 4.621237926698148
2.8289634669516164, 4.6058804750239215
2.837520531611376, 4.564606685212633
2.828767779554032, 4.508089223107854
2.824313047883179, 4.445828555762849
2.8368447023834458, 4.429112064542624
2.8461182333929314, 4.395474125481939
2.825750845913154, 4.396141440984723
2.827987583037958, 4.345634513487945
2.8158519962209683, 4.325506030048738
2.8176803721924477, 4.335891293060707
2.8212062989465174, 4.342036221614634
2.8098937432547824, 4.313353075517976
2.814994650314082, 4.315622431944004
2.81221295183967, 4.297418966313407
2.799710048863434, 4.237365484295818
2.775105437737581, 4.131558846316384
2.774010372512252, 4.037001209646884
2.7814332166610654, 3.982040901686511
2.7880954423638555, 3.9272356672937776
2.787974972673183, 3.878396892587215
2.7956584762961443, 3.8277839737354915
2.804367095148012, 3.776093097672907
2.823275879822893, 3.710080061134297
2.8380856873165947, 3.6496635930641306
2.839876217664719, 3.627746590792492
2.8417518599710814, 3.607357465822149
2.8601073316569305, 3.6292316028139844
2.8472973012467326, 3.6103351341465304
2.8548690790543634, 3.6068153637001594
2.8623846701844635, 3.5611231751323764
2.865131268591056, 3.5158944481048864
2.8647078479951915, 3.518349282543214
2.84532234213406, 3.5161886733659755
2.830489583993477, 3.5123539617155957
2.8265481135429096, 3.5099469324322725
2.8393048237626757, 3.525164482331782
2.8398703301746013, 3.5523764590098805
2.84259164454516, 3.562046704485385
2.842324502722857, 3.5373509903373397
2.8448918328941657, 3.5317070241423947
2.8434130830110536, 3.510291306397364
2.84503464696456, 3.5223739587301055
2.849613080347158, 3.509089303781537
2.848416879135244, 3.5108537210996276
2.8609987690315664, 3.4558738105139475
2.8584520321937874, 3.457154562944236
2.856801431361138, 3.420365482262825
2.8616165197529173, 3.439962379939724
2.8494731376699916, 3.437590934143729
2.8476750752976363, 3.460944769922412
2.8415175477296057, 3.483253537335435
2.8412495144341197, 3.485492420124392
2.840007023443241, 3.4871443073552526
2.8435826213337436, 3.500759133260952
2.8277345623731756, 3.5242703472787524
2.834706268023793, 3.4938337995519086
2.8250868002549243, 3.500758753983817
2.832875718569239, 3.454348855204104
2.8418008448318632, 3.4523335271519913
2.841718636595449, 3.4402047454721676
2.8428517100721327, 3.4423183171365097
2.8318573926953228, 3.4535918400046848
2.8434961480835312, 3.4702626348016024
2.835893500156799, 3.4662744754743704
2.8378209842189164, 3.481195869409666
2.84003185536623, 3.5094459690140183
2.831445561947594, 3.5052989472164087
2.8213970365933836, 3.522129058667107
2.827066454072553, 3.5290120990975735
2.828981566266296, 3.578038414078518
2.8292911612640634, 3.6231154475339316
2.8266725907684096, 3.608618372551125
2.8212954841612747, 3.6381377814226887
2.830971659041824, 3.6726347423138606
2.845494886173568, 3.7012174476288116
2.8429532259162604, 3.726687528791781
2.8560538322262996, 3.7675635868848487
2.868159432580802, 3.829328178770602
2.858669619329249, 3.893844281738803
2.860761426282233, 3.868924706107081
2.8517445953475336, 3.86145326728697
2.878194308514554, 3.8511574752872897
2.87598372699083, 3.8895084764934844
2.881861062764714, 3.882127967133834
2.8601175693610856, 3.889100686622168
2.849860338101844, 3.9358496571993022
2.8512298926126607, 3.9550194198406494
2.8366460266179816, 3.9726444916538712
2.840482006971147, 3.9646746654311924
2.8266225035758445, 4.018588755599245
2.830241073093384, 4.070865075522194
2.8307946082991866, 4.110433708568058
2.8321294057422275, 4.099462477058954
2.809907493830335, 4.1298834871174
2.8133498335428073, 4.173797863302125
2.822893060265312, 4.228678193567566
2.8268551625943656, 4.288048367843376
2.825011237880273, 4.328151528487443
2.83276576470328, 4.387776298011432
2.8437743617767386, 4.382140941607661
2.862870607240648, 4.392611857651599
2.834084024303373, 4.466993020258414
2.831341233124238, 4.464756188891281
2.8578331762371603, 4.493383163130341
2.8686022546580943, 4.518999784960042
2.8682976763197514, 4.463124959040167
2.8583467878744746, 4.423736425301657
2.8700573878506046, 4.405971132046462
2.856140139876989, 4.346720666160728
2.85469764027755, 4.3755828497807
2.8417683959487867, 4.400205840426647
2.845633127476852, 4.385702158056116
2.8346205668885878, 4.430937653791654
2.8234338599201, 4.465065073875054
2.8223631004245333, 4.478489492735517
2.819583566313058, 4.523069888104509
2.822592127202868, 4.561023539483429
2.823430395423199, 4.590474558937975
2.826141020121737, 4.652312512396928
2.822356281745603, 4.637248557144101
2.825912653847301, 4.586929829571632
2.8263200544280584, 4.543686625634027
2.832882549338273, 4.502453173430635
2.820583844711284, 4.4256440350726445
2.821235496011798, 4.335361557286733
2.836441145974464, 4.268818537990938
2.8409610117056183, 4.210186899431409
2.8374498936960197, 4.135313798845113
2.8344601080331513, 4.027050939716755
2.837594481256077, 3.9394118153043065
2.844450600326096, 3.910227544545292
2.857068345326235, 3.8565812645733275
2.8601741992733767, 3.8064299467238087
2.8662469400044186, 3.7510668176775375
2.8654979329136006, 3.718354402670753
2.847401675935827, 3.671579536690698
2.846027008484346, 3.616399268886199
2.842002635144044, 3.555116947949368
2.8531299030570554, 3.512992528636724
2.8528718820514825, 3.4726240670732267
2.837539341039377, 3.418659964620624
2.834010597081778, 3.3844760733707253
2.833391794216313, 3.3793823162573604
2.8407035437891435, 3.3564969885505818
2.8369410638163566, 3.3374920034236153
2.8407653133646376, 3.302923412042129
2.8506529608218476, 3.3017324973257063
2.8558283108272073, 3.332391887091859
2.8475823175187793, 3.3463922284748526
2.8442522246216577, 3.3795417144438487
2.853202441381869, 3.3840422309137494
2.8556159568086583, 3.3971884402913717
2.854238393249538, 3.3718148375467605
2.8472058598175165, 3.3451183918674907
2.84903820881051, 3.339286674719857
2.853074778353512, 3.3744557870204317
2.83452042225412, 3.359649486403589
2.841334661240736, 3.3233994974450334
2.841772017586899, 3.3295020473668813
2.8425097555590506, 3.320960057674987
2.8270590173721217, 3.3153237873194983
2.8236275500614543, 3.3442921573291193
2.819661804013069, 3.354454603761785
2.826192508031974, 3.3702388067683593
2.830015462307753, 3.3599886718780523
2.8276767677536228, 3.3631745883385293
2.8382634033846643, 3.359745653033388
2.8309071259970437, 3.3709957146227874
2.83026557237947, 3.3221650841798436
2.83312360139443, 3.3068232701604545
2.8446744462177747, 3.2904124183660266
2.849888494396767, 3.267679825910155
2.8630597229771397, 3.266856903238311
2.864721918439792, 3.2974843695779454
2.8511755096136198, 3.331527599461238
2.842329026188671, 3.3180296967707315
2.8448620306740677, 3.340423164494582
2.8523439677604996, 3.363071327244705
2.8647845883924132, 3.4090115565762695
2.858748014864893, 3.4547263216649666
2.854279194552194, 3.5095115149858094
2.850749505814359, 3.51270063167318
2.854125676908672, 3.5426916758892175
2.8579494551286144, 3.5472260875983004
2.8718000353194535, 3.5597591946064377
2.867081999586449, 3.57575162241829
2.8615624386721814, 3.5917584368027504
2.8568463863632156, 3.5872291449679254
2.846325625720879, 3.6001927848434234
2.8674316584370567, 3.584508514072495
2.866069008196833, 3.539305043219226
2.8666611903440207, 3.544701962395874
2.8526090811524103, 3.5588166739246843
2.841776091396677, 3.5971428498715063
2.8364466300260087, 3.6056992504692658
2.8382629790231717, 3.5938982523119685
2.8409471345470605, 3.587937113689866
2.8299547279665274, 3.5823334157659183
2.833433837038035, 3.594544605510513
2.8289641550975886, 3.6103330069472124
2.8301373717633362, 3.6354720034055226
2.817557739270553, 3.624436107600767
2.8266426188063845, 3.583415268212124
2.8422975448590835, 3.566576841404725
2.8509401713886118, 3.5615770985483044
2.855679818899615, 3.5513793141141976
2.8576171143087423, 3.5301990908267036
2.873981101972065, 3.58064471590115
2.8852500920694046, 3.567250373646124
2.877745574814111, 3.5622962381109553
2.8827282804410537, 3.5855554157451754
2.90212524590968, 3.5988914783589814
2.900551701192118, 3.6180873463069885
2.886736975147715, 3.6051646881806447
2.869398092930412, 3.5818653685229016
2.873354820535571, 3.6249833734363586
2.8757214643788496, 3.65851084845134
2.8728803854916385, 3.61242113372903
2.871443824563495, 3.5819329520145105
2.8603482049333158, 3.585733546363006
2.848139291995318, 3.5469196097473663
2.8340061645053822, 3.5596910186580133
2.822437203963119, 3.5743748477937545
2.8360590632639084, 3.564768912851222
2.8497499628318317, 3.553688538302917
2.8481278064245705, 3.5379412034898814
2.8338746871148706, 3.5203196581427014
2.8391393733347856, 3.521123959235825
2.8272095704780162, 3.5406371075081537
2.836999138918635, 3.541879258064468
2.851655923476856, 3.5726936835066603
2.8562951923478166, 3.5859065516477124
2.868013202897417, 3.580012487882397
2.8608046013693373, 3.623474348912892
2.8581557124539634, 3.6080084499946166
2.8530202232826705, 3.6072562919914377
2.8621161306268337, 3.6048944367576694
2.8529958871072165, 3.583457094556949
2.848443606627496, 3.584170974087759
2.859030533162697, 3.5924276374314332
2.8592484263110567, 3.5923310536655038
2.871630349202758, 3.5744558968560525
2.8789257198050144, 3.550119701905527
2.870146640167163, 3.518601440195533
2.8678719082137913, 3.5885252048603475
2.8767953916333093, 3.582620397641648
2.878212643763201, 3.603789452651328
2.8860092586955117, 3.630381095428421
2.8853629525057065, 3.663697443712876
2.8688201851935142, 3.649462403634516
2.872782282825834, 3.6878012428688445
2.8639797476456885, 3.7052785836008253
2.849699612863212, 3.740266404265958
2.8583034309504116, 3.7768648873689563
2.866925060369431, 3.7684605935980473
2.874724383216957, 3.7864168417533848
2.870997882159917, 3.7862156403461404
2.8715032339079487, 3.770674881161065
2.876998898764116, 3.7583218137871244
2.880899861873808, 3.765194687505082
2.878048973347581, 3.6965933104329296
2.8825328432148236, 3.710017273259254
2.8731003512999798, 3.6997460987377586
2.8615948954931434, 3.7053045798264974
2.856037901161062, 3.698432518290562
2.85283421953769, 3.7367641750972416
2.853850533830953, 3.7543612428805195
2.846649730868031, 3.778595283979171
2.856718005714567, 3.8200991917276426
2.842978745089686, 3.8393719768975094
2.8407180391779177, 3.8776354968648072
2.839831312884609, 3.8534818045258232
2.85479651816872, 3.8587464212399682
2.860815264241878, 3.8594695878825442
2.8531904963506145, 3.8479641581925996
2.8513423696351223, 3.7913691566233028
2.8558033021570033, 3.774624679677296
2.8582229316745997, 3.796801022251761
2.852028478066971, 3.7681723934965143
2.856034736354045, 3.745720663707637
2.8598384768338363, 3.744406783887262
2.8675819890771335, 3.80377005544087
2.856264684918096, 3.8070506955872134
2.851218440128749, 3.787000044226933
2.856710145509045, 3.7669367120039814
2.8553902338861397, 3.8036399905347045
2.857635732624749, 3.8016187726978146
2.8564944403836288, 3.8021715489088708
2.8411756337289757, 3.806555185433736
2.8440586656682916, 3.8092469836954095
2.8484020815713444, 3.7986721289243626
2.8356986940904525, 3.760334058004717
2.848637932514701, 3.763023943137565
2.853088813417498, 3.7611461547764042
2.8550465816238964, 3.801058574742256
2.846457685067441, 3.8030345627605806
2.838120903753104, 3.8145494609910067
2.830904566939364, 3.8331246952603357
2.828690090257047, 3.8238815734590856
2.8319681807628116, 3.8539737563642573
2.816875277295261, 3.8877812873405304
2.817492109962963, 3.8502230388736742
2.8103970181307028, 3.833634499818441
2.809476226427662, 3.8741297028037893
2.8081472486441483, 3.8769017167292774
2.8083561841876183, 3.889882682516448
2.802811522035013, 3.855576126187475
2.8112015425619603, 3.8785948979250997
2.8146870474966166, 3.92909329768131
2.8221737535049463, 3.9502782547648936
2.829077280685984, 3.9595977891168785
2.8283068299996974, 3.9966219895335207
2.8348135559440726, 4.072512037758949
2.8425689001443404, 4.102685356666958
2.8403185102942055, 4.173862874560746
2.844177547158956, 4.189126948583321
2.855528445607806, 4.26065994008132
2.852774367394988, 4.218089932299058
2.8696142182962006, 4.233638287597306
2.870574366285181, 4.2598247199836115
2.8590794813658267, 4.305363644988742
2.859108807605092, 4.404203779130379
2.8583830024590666, 4.430349384444176
2.8520838968412443, 4.4281832917775885
2.8620767734848354, 4.4504222529425395
2.8599903049821718, 4.485553562112815
2.8537292912598273, 4.493192915065675
2.847600152231333, 4.532686751710052
2.8348480473858397, 4.538608758988693
2.8292387832516996, 4.524077624020187
2.832035880021113, 4.505188789302269
2.831003299019485, 4.46641873407894
2.838054264023982, 4.441226002037888
2.831352252091602, 4.459272623496287
2.8134303166826613, 4.384384279980319
2.8131534857588214, 4.368947838733708
2.820505108626704, 4.3789430201001105
2.8303950013532444, 4.396474815531262
2.824091028122889, 4.381813862950699
2.8276663820529713, 4.388346982512161
2.8411504027674717, 4.435804290624249
2.843637977333143, 4.4495179369173865
2.8378072221007247, 4.450099622182216
2.84284813949884, 4.409282940281787
2.84534233091829, 4.441163559371583
2.847918448574439, 4.4517361371415785
2.8427594369345366, 4.4199319942754265
2.837665352752471, 4.386865001051267
2.859757829187308, 4.363441463331512
2.861878944771932, 4.334728057862393
2.8528106964337505, 4.290117781432474
2.8388436619960276, 4.249938471379111
2.8325593476131763, 4.238064050136106
2.8368098251122777, 4.172236227175048
2.8428643582380753, 4.105602628459828
2.834029726809576, 4.069932518705686
2.834945641255918, 4.051040762109589
2.824147701765015, 4.070159538221888
2.8089603062558743, 4.070038020996261
2.8144419036438735, 4.068850047580479
2.8190033551144573, 4.068230622315553
2.8213931387430966, 4.060054065475816
2.818321945794098, 3.9811730840989603
2.81206178703735, 3.9998112534647383
2.8181483573709682, 4.040763331885783
2.8229448547618414, 4.029001253267376
2.8206225131273057, 4.011545268420617
2.835128591035817, 4.012329793757074
2.832077537166811, 3.991517009526169
2.812635700172927, 3.9620548005324308
2.8137573551980224, 3.937301871020046
2.8211717648432892, 3.916084045565282
2.828083295131082, 3.952333082367814
2.8324761290133176, 3.9507874476021856
2.8254153117695013, 3.919285754803417
2.824382562398209, 3.8893889422948846
2.8292606281142754, 3.8913673810740677
2.823484323465228, 3.8618028514282776
2.8299042534673537, 3.881908561686333
2.8399181970439935, 3.8720134228271474
2.840232495023378, 3.834852231529287
2.8358321066187777, 3.807952706345901
2.8337658315525567, 3.7854062404184674
2.8305382231058496, 3.7596291875431964
2.8295641502005724, 3.735453359539761
2.84004727225448, 3.731257274398073
2.8322155212951756, 3.7122460638692814
2.835710127992332, 3.67667715498058
2.849756441126291, 3.6172763322509285
2.8393487350772926, 3.6208425176550065
2.8260179736746247, 3.6211634048824464
2.830984090666887, 3.622431539092773
2.841561818209579, 3.63996463213008
2.8401655115221303, 3.6256454026004463
2.848256087511482, 3.620242316227131
2.842207423977967, 3.590535424235302
2.844727846002033, 3.582420173168373
2.843824882122297, 3.571542479510992
2.8315575653727802, 3.5578588086324148
2.8290736363721356, 3.5719317804774136
2.832799354743252, 3.575466596221883
2.830728167824012, 3.583315777990306
2.823130003336006, 3.562856550816462
2.8215205736556603, 3.5933427229311348
2.819472769281404, 3.625711449036131
2.8243065035187933, 3.633878404226831
2.8214492738904795, 3.6475404696464353
2.834636946846664, 3.646763445772396
2.816949941181891, 3.70144720017161
2.8358584347137072, 3.655888667444053
2.8427930585211785, 3.6225541069233977
2.8484176046354355, 3.5925235615092257
2.8330014443496445, 3.5864783272362324
2.8243786218759723, 3.571182853043586
2.814709231789334, 3.5427760989815127
2.819053185337053, 3.5262434404901457
2.8219383800627122, 3.507712266597988
2.805328175512218, 3.51863495114861
2.8268360031412487, 3.520564899131397
2.816661676610992, 3.5306601613569293
2.8142828782269294, 3.5482013069958342
2.8265676870288567, 3.5104734986686537
2.848962777778366, 3.5007405204946735
2.870126258483304, 3.53656448957287
2.862278866750199, 3.538826988879964
2.849361268996709, 3.5706862267488026
2.8523337861457074, 3.5845836483541644
2.8599262942258514, 3.5837546388099364
2.8563288466948373, 3.567627186451822
2.862943589499011, 3.5940159432220726
2.8633604847234415, 3.647496287602621
2.845838115774659, 3.7660481790023943
2.83726868093476, 3.8340559710219724
2.829912455610927, 3.885078555292489
2.844979468469347, 3.96977574271856
2.853862666466722, 4.069218596448634
2.854927390146708, 4.151095330811823
2.854763656079585, 4.227545403710478
2.862136016059363, 4.335930241587912
2.861734730309703, 4.420020262341305
2.8600525176391836, 4.445354590741681
2.861369118473439, 4.471828674402523
2.876155907718359, 4.512070296030229
2.8820526016021986, 4.5191015125700185
2.8766129373901315, 4.5322695464260265
2.867178061906594, 4.5421136613386945
2.866087378295821, 4.57508619240501
2.8692085923169364, 4.616174333058212
2.866359587701542, 4.578871393111091
2.8676262542337967, 4.581007231948151
2.8581077068507845, 4.606560991123167
2.860938904010143, 4.6072421102174825
2.844552819771438, 4.6059570443587745
2.826656062897644, 4.563905899332054
2.827993444734596, 4.572472504307929
2.8312613352419147, 4.512577559067806
2.842304775270844, 4.480397101932018
2.839352397398151, 4.41146898886417
2.8411491167920246, 4.361278119523212
2.8402665065677404, 4.29023699313011
2.848932924870498, 4.161978041046691
2.8416338011313766, 4.090664866949124
2.8421740168693455, 4.019131735626653
2.84735802500193, 3.9819190279394583
2.848336353224493, 3.9092452973829133
2.8569020247312094, 3.8831068904812005
2.85578176335864, 3.803479478468174
2.8557186070456706, 3.7660277943248937
2.845626065825252, 3.7486574904555923
2.843858064433329, 3.7364670610765067
2.848680352256941, 3.757479733005044
2.860746914159899, 3.755083060176614
2.864099580833074, 3.719646351582127
2.873021754278805, 3.701222137881566
2.8583097204343173, 3.662404251612243
2.8585458582425214, 3.6173293288061408
2.8419915393071338, 3.575715193251143
2.842918147331185, 3.5331527439130377
2.8455108933253044, 3.531770392710603
2.8410540262623085, 3.5215763187297937
2.8437824668836003, 3.513820273409253
2.837152126255803, 3.493612625707729
2.835882824039786, 3.5168806456428614
2.83824008499628, 3.527237816597773
2.846110976240874, 3.5162550113616233
2.8434915420262015, 3.4954136356009684
2.8466719454287372, 3.512969230141161
2.833658443617997, 3.540243624209836
2.8322953273006823, 3.518448688532685
2.8312091439803906, 3.529086882486331
2.8259015435700414, 3.5620683264122177
2.832790842052449, 3.5396203745155965
2.830937165631857, 3.5279786933891777
2.8253704156802675, 3.5153206585264933
2.8244798862445943, 3.5310151297036496
2.8189923773155723, 3.5413472132536077
2.8282865930019208, 3.564875267621834
2.839314350333898, 3.531356212403736
2.8450898329748675, 3.532833932562865
2.8578081214286386, 3.517990474414378
2.8609429978845275, 3.5083301950545023
2.8456280435911987, 3.5103301563931324
2.852749243821469, 3.5177591436481848
2.8602785085339235, 3.4987744598436343
2.8710679712857585, 3.508279539608824
2.8722589039540196, 3.535064327657944
2.861141040125308, 3.572719124096401
2.864092549265219, 3.599214863742572
2.871930773212646, 3.607260567764622
2.8639783204008404, 3.654738442715402
2.859946270249845, 3.7100324905059545
2.864892176097575, 3.7928643575846372
2.874588281965792, 3.85660089802377
2.8736538513615244, 3.9534692135633436
2.8723031264520866, 3.991228859084189
2.864103838933017, 4.0449021411370385
2.869316893523302, 4.076806803123862
2.869948961254649, 4.112204594220012
2.8571809127315673, 4.168168969609665
2.870232325115838, 4.185079389419913
2.859078574937913, 4.179530762903351
2.86364361014625, 4.200590386636675
2.852644704372488, 4.210556834761566
2.8591828197207185, 4.173027106141945
2.860055194021931, 4.180654171067078
2.8661396237108936, 4.162766359086663
2.860048690350289, 4.111219662343459
2.8489817101130557, 4.13031237787624
2.8509792962273894, 4.073195345448319
2.8334091413249327, 4.048155668347372
2.8378111809992808, 4.033110970474306
2.8343023764489947, 3.9677719434249625
2.8275639732213005, 3.9263494187109442
2.8193836511183603, 3.9658356044215757
2.8117807773886314, 3.9306241711682026
2.810784593609834, 3.9538505369932415
2.8139475756321617, 3.9679109143518048
2.8197258552207947, 3.953434127317331
2.8177080851753677, 3.9805805409060766
2.8179893943248437, 3.970649368858728
2.8192613062234306, 3.959453511349205
2.8264324120148494, 3.990487419893222
2.815372133296565, 4.007878645495416
2.819079234911246, 3.9780504349146013
2.815593510660738, 4.005111055563739
2.824922038692505, 3.966463869724238
2.8230527192635058, 3.94298151160156
2.8223854626128277, 3.911462490909357
2.811486844534162, 3.925209629869175
2.8151268852679627, 3.9024582845342635
2.8263716959446312, 3.877711723492704
2.8386018678046545, 3.8268642617778097
2.856291598394953, 3.7810616881322483
2.853902481965972, 3.776611987325051
2.87087750152944, 3.727768324980448
2.864639664309221, 3.7166803193732343
2.8743509796091713, 3.7254949788934772
2.8707392086593178, 3.7478016545491792
2.8891906617048946, 3.7040500284743723
2.8797302302102885, 3.7264961006309747
2.8856342560563286, 3.7434621147617775
2.8715613383873633, 3.7697232549457538
2.8662782642973594, 3.7332427617751582
2.871552229443467, 3.7057778385077307
2.8683448001939014, 3.7309781625586806
2.8615442642312083, 3.7222059861816694
2.8522531123159167, 3.700881131859407
2.8538289776087735, 3.6624818781562416
2.8432035095440304, 3.6472974186286335
2.852701166691695, 3.642458335068718
2.847105088141873, 3.5968937011905004
2.8364690099938112, 3.5275670822954304
2.831271663886507, 3.5531023437211764
2.820047998756478, 3.543166114515393
2.8134381808128515, 3.526432847091614
2.8289912759072795, 3.5337555165219405
2.838405292734508, 3.5135027280272224
2.828606125102606, 3.5168530347919535
2.8298500925709127, 3.5317308129681697
2.834428122390029, 3.5325593645259006
2.8370302032918353, 3.5731547836724493
2.846000119425331, 3.603894954230256
2.8552456604132965, 3.638811786120558
2.852580605674656, 3.6701669319884758
2.851885587835805, 3.7009766058279903
2.8338706550565744, 3.717536480680176
2.828640059380693, 3.738763705080584
2.8341699549894366, 3.740383612125265
2.837610672674112, 3.7637932037584982
2.8406962528282436, 3.7461527369119416
2.833990059194064, 3.7496503055589008
2.838775430058885, 3.7586403390629775
2.8342394905110027, 3.7518630447373282
2.842851729627036, 3.742379238843712
2.8393401077600684, 3.7459450112122354
2.8509717370720793, 3.723886036987299
2.848009488210529, 3.7505401569804016
2.847834709727556, 3.797034818126241
2.854471702577829, 3.7912785175659898
2.844083197101102, 3.8113405855567395
2.8423944875749063, 3.811493105269156
2.8456526001386515, 3.819508427735857
2.846270713170896, 3.8265150425856036
2.8513236472276606, 3.8334835848341378
2.854338737211546, 3.8223863140557457
2.8544896502126424, 3.827029159111377
2.870087008770735, 3.8260986360381857
2.8709463735324823, 3.781067314541277
2.8686981836637413, 3.7775202292309737
2.867594134721161, 3.7594276640357256
2.8754181286340565, 3.7551928462179616
2.874480084881548, 3.758171422168599
2.8861867267227352, 3.7142579883673
2.885709103057005, 3.7207723936503285
2.88035964574901, 3.6938248930009947
2.8756013707488512, 3.6845253655944177
2.8630950826838903, 3.6466859279626433
2.8585878205508983, 3.637549675925945
2.843546131248333, 3.6190574043917985
2.846261248960112, 3.6573045489606457
2.844518729741586, 3.64309436117344
2.8312253017719127, 3.636797862406599
2.8161193513487257, 3.6897904052021757
2.7988047199210633, 3.687703778097449
2.8060680734378574, 3.718547896925778
2.8021562771781925, 3.7349179334380103
2.7946568536551757, 3.7728061878248753
2.8014403616309096, 3.816162731746126
2.8268510841857584, 3.821486275578367
2.8297988944386625, 3.803213095527211
2.819364490968413, 3.816698172720161
2.8272622645027012, 3.8046076160515376
2.8238227080920284, 3.8086683400461325
2.8280835061600706, 3.8389506823407658
2.8260279784681233, 3.8176033888157974
2.8373937567942376, 3.8451497220043875
2.838724318442318, 3.905557257462714
2.8399982217852733, 3.9400257220109673
2.8251904107585823, 3.995411786327556
2.8159813698102782, 4.029130918239014
2.8197893801341563, 4.113067507380331
2.820066138694128, 4.190742530275896
2.832061891193506, 4.212641880760467
2.8311694094877558, 4.221021124315537
2.8467173862411905, 4.311706776790058
2.83584404019208, 4.313567985051938
2.8411509081724247, 4.286220758280267
2.8509265745648205, 4.28797114890369
2.8510651922676558, 4.28232784592898
2.8566034006865157, 4.287332053112331
2.844152357644011, 4.211729007863134
2.8425819633135667, 4.220549353447193
2.843160301173391, 4.199115230050533
2.856677948480368, 4.201724982502981
2.8422941397229913, 4.1519726068299105
2.8489329557062066, 4.174448282390859
2.851523371095518, 4.147091153267842
2.8509507382500194, 4.129943990057189
2.8565476369473126, 4.146486905833757
2.854348366968888, 4.171249508025566
2.8812678761430015, 4.190242109317596
2.881202810771216, 4.158948481057789
2.8687235242785443, 4.148473156613937
2.8572017855545764, 4.17441203928321
2.859578137735963, 4.165726053497693
2.8617480893392524, 4.140771193261338
2.866561418858389, 4.1626929287753605
2.862440250029581, 4.160680477054553
2.8590333164547657, 4.147739828581703
2.864127402642577, 4.0842952657387865
2.855268338321639, 4.105564330582604
2.8564268124020282, 4.121442590636084
2.859860866573257, 4.136072829982069
2.87497399070394, 4.09837466117561
2.8845584859069113, 4.1382417435486225
2.8772426813996796, 4.170727336871141
2.872821012914005, 4.157472048193741
2.864204855405593, 4.127744299087294
2.863839537031263, 4.10480315855318
2.8718625689412574, 4.126065357304895
2.876969905664033, 4.090418417613518
2.8852567148546173, 4.021330118630749
2.8829391126786916, 3.992229956960153
2.8746131910926698, 3.961610542103064
2.8663053532069895, 3.900330913675267
2.857526635986608, 3.8550708364691375
2.8556834879128123, 3.839884576213295
2.8560024398372734, 3.867168305050902
2.849664168666287, 3.8928675729769098
2.8400728827677533, 3.916725289982421
2.8247282511363148, 3.9417172017575317
2.8099331367804963, 3.995375795398875
2.8227556063203725, 4.005008196578868
2.8211924789051244, 4.002902847739603
2.8288371454622223, 4.007642519232154
2.8451367962224126, 4.016740122051745
2.835492093877819, 4.0366847242928054
2.8259970678523243, 4.034979377819905
2.8261148660820354, 4.030291115886385
2.828795946926213, 3.9885062293024363
2.8380485917301703, 3.9796934350939828
2.8314618284986275, 3.9927956069749846
2.82696004699253, 3.9982804994043706
2.827677182795424, 4.032000693449646
2.8273074911595555, 4.028298375000286
2.8268558284287613, 4.066858472017632
2.8244217796506508, 4.053127189824542
2.839865133969896, 4.043744841709192
2.8520156637693397, 4.022101890069889
2.8513877466841206, 4.019292904851147
2.845381151183248, 3.994352640941534
2.8567823664884697, 3.9563395668128356
2.8610604079622926, 3.9261892005868666
2.859393325268882, 3.9062709498723494
2.850463178142064, 3.89472294136836
2.8485899054337143, 3.8731070590966468
2.8635676944844812, 3.8559683963481546
2.859457282725542, 3.8367471320744855
2.843447509487086, 3.839514794522066
2.8343421459986105, 3.824938413080963
2.838446928099736, 3.8043119111222348
2.8314825118706723, 3.8336938825189586
2.81764261477741, 3.8370145763161454
2.8241373229295292, 3.844054978361786
2.808437152266368, 3.894001311019877
2.8220038300560657, 3.8846782430323605
2.8112636412153273, 3.882477840308204
2.8193131075243003, 3.8926560853218235
2.822254633955253, 3.886449162367253
2.827923972758385, 3.8955044515755644
2.825110317548537, 3.942791683616528
2.8256850788421195, 3.9213344755548847
2.8342547251786883, 3.876491640994238
2.8315549706114522, 3.832887002595816
2.8331160511040165, 3.770551418693343
2.815049438998283, 3.7226646532622367
2.806573736489304, 3.7394702737805736
2.800832839723845, 3.721747011826532
2.8001749341780746, 3.7410118486085677
2.815484463668608, 3.7685622714481184
2.829153044553541, 3.7048083026444254
2.8388290793687436, 3.745332495581818
2.827188722204537, 3.786411880726476
2.829686836679284, 3.8149044705868116
2.8383417681505128, 3.8651532068288796
2.8351934908451994, 3.9486681842187026
2.8384586070230675, 3.966537216025801
2.843608857709671, 3.9807892825028475
2.8494688840924542, 4.008234713198195
2.8274990346871856, 4.000254551889218
2.827415752289013, 4.059578919307251
2.8256966334779503, 4.060996245279025
2.8380531514128298, 4.072994284815578
2.8289763155111243, 4.100427466190787
2.837462106232881, 4.095288603818006
2.8501454539174804, 4.070202675042174
2.8713684635637895, 4.083958709592849
2.8611479308671646, 4.071788321248722
2.8704901357930988, 4.050564991604906
2.8680172407324394, 4.022850799774825
2.8575532017102985, 4.000930203854672
2.856675889513256, 3.9496820952266676
2.8587265474246646, 3.9699956185234697
2.8538470601030204, 3.9493031739696827
2.845554676980501, 3.964281668658123
2.8317261493787784, 3.9274763176432317
2.812544571627641, 3.9331243438889727
2.828021979351277, 3.956994763249466
2.822444097953852, 3.9450805529781476
2.832765997712392, 3.9898611967232194
2.8384741549010153, 4.009801395838149
2.8343024649179567, 4.0468193845192335
2.8308627936464577, 4.038499465973588
2.8390799734322614, 4.042798173850469
2.8391077041498436, 4.064827925819024
2.844325544398332, 4.114371492146792
2.852098930449259, 4.076235478827736
2.847182856289175, 4.0861818880318355
2.836334900325066, 4.1054025732755175
2.8461883217717476, 4.089903628724963
2.8323169555286953, 4.080741744385948
2.831478642084122, 4.107330577530386
2.819331337692291, 4.141322321689122
2.8091867914408746, 4.178023252473936
2.8085956191125274, 4.164724336908702
2.8147993932046687, 4.122870127320702
2.829015857029809, 4.158768040913263
2.8215192254757664, 4.152557005466119
2.8230769795985324, 4.119648850643132
2.8125781209813554, 4.136494507318565
2.8256554123758812, 4.1331732769941665
2.8198716444372685, 4.095469189208754
2.8357338471098457, 4.0551408862828
2.8488828549034544, 3.9763458263518503
2.8473828962750063, 3.9836073656456295
2.853126211683442, 3.998317575917574
2.843659905284345, 3.951225299641404
2.8490738824474224, 3.921302054406567
2.8480500028940443, 3.9247512094012733
2.8563535960841806, 3.8758878000994796
2.85906675291366, 3.8261284408583807
2.871616184378501, 3.7912021774896822
2.8679470926170323, 3.7555641597406093
2.845316597495324, 3.752775611862451
2.848409796735827, 3.6533772752009654
2.8388584120743157, 3.584420146593702
2.8242980068462433, 3.5323731765068955
2.8239534285750345, 3.4881675835343513
2.8314910445528945, 3.431315509742052
2.830843408807183, 3.400762661285069
2.819623931825613, 3.4139995416012696
2.812629647477117, 3.397800121017153
2.8196343068923193, 3.422437092938126
2.8434725041959816, 3.4134819645811496
2.8475580063988657, 3.418576355153859
2.8604087296644303, 3.4451522183681957
2.892033907379734, 3.4782814862722007
2.8945321242298574, 3.5026133771526333
2.8857493394270697, 3.525757458041747
2.884134793623334, 3.532404750896995
2.8913918291358565, 3.512938392158614
2.896120149913715, 3.471121798851654
2.8816486334395264, 3.470286719133864
2.901266290440682, 3.4884884953107673
2.898275672603863, 3.5527203264663774
2.877418293519654, 3.568847368589501
2.8551223553545224, 3.593903719239198
2.856053890012258, 3.601500750427739
2.868408014527154, 3.646412050474089
2.8787914614037313, 3.712949529934792
2.8691479885970272, 3.7357339685748725
2.8825936783642168, 3.8010851945473996
2.885377230752304, 3.791912969736387
2.8670099388809183, 3.7953941601597743
2.878935505454412, 3.7474486821977635
2.8827934564507673, 3.765112040283769
2.8890110628088994, 3.7684664665949037
2.8884842471671037, 3.8204445433840384
2.8909997228708306, 3.8069451702237727
2.8711209457080686, 3.806036949193537
2.8741901321225005, 3.881473403362068
2.8472634361616542, 3.922098779981579
2.848911869819851, 3.9561907175719417
2.8413825240648216, 4.036322586282926
2.840586489240995, 4.1255910089113
2.8547557696162773, 4.178899190252826
2.8510621998782026, 4.2529050992608735
2.8429037536353703, 4.324647197238548
2.823872102947173, 4.417657824873764
2.833908913186586, 4.494718850471133
2.829914175360458, 4.554478816829034
2.8540288926562503, 4.638718783127475
2.8647118796355726, 4.7233456513085255
2.871600443631692, 4.780687240140247
2.862934748005991, 4.823994582791414
2.8490461468601778, 4.946952991035775
2.851464666608309, 4.981975000902784
2.8469509696131263, 4.996924343317456
2.86528174464985, 5.012903952069655
2.871864948711852, 5.017674519342213
2.8725306197139497, 5.02445970404119
2.858922127502219, 5.009701245368954
2.852030787890315, 5.02155495891803
2.8410566051770383, 4.974503457406016
2.840235534847343, 4.903698679624884
2.8436391497565845, 4.801001851298825
2.834568587766892, 4.748290217416934
2.834997220608705, 4.677869691793769
2.822529263568037, 4.623336061450944
2.8026633534933363, 4.5777060846693605
2.8002060629204655, 4.534617113963963
2.8090827319969867, 4.477939172424658
2.8046939990184225, 4.422672562521848
2.8074212910968828, 4.376029763075703
2.808860424066655, 4.379121509700432
2.79923854856521, 4.354011333863382
2.812601759626788, 4.320351527901101
2.8172015235394996, 4.317047773764835
2.814609052422928, 4.261104926805387
2.814653947741187, 4.23982111282026
2.825865108302448, 4.215943720513114
2.8291937655293333, 4.155983066398599
2.8407091513613993, 4.09896975639059
2.840121593867496, 4.081625404292266
2.8373274994820896, 4.062960055816964
2.85096489443457, 4.002470752839372
2.8476278407892854, 4.0043363336264495
2.852304443121681, 3.984517456239562
2.8612816047666874, 3.9760348483145647
2.874630052882372, 3.88829155252848
2.87289173031098, 3.8227428578762903
2.865550427916816, 3.8562974916505794
2.863251189932164, 3.8480244373764227
2.8605676634171298, 3.8037064108940024
2.8565173153334698, 3.7978251644485868
2.8571970450785638, 3.7950259860708733
2.857191330716593, 3.769129578320294
2.858247817858015, 3.7419571862802883
2.859050315479761, 3.7371280177061825
2.8477616164810486, 3.7690995042935507
2.8461829873405398, 3.75036291039694
2.846346342128425, 3.7414433050647404
2.8403372052774936, 3.7538565264284456
2.855978272281992, 3.7790027903951824
2.865862192502915, 3.8029637607305844
2.8583992598890884, 3.8124293036499664
2.8535157812489294, 3.798987138089732
2.8466269514308093, 3.8155947792514673
2.8468782936589596, 3.7891048328439867
2.8554495320448643, 3.794739733751159
2.8538933285860404, 3.820822592307727
2.8565665172318786, 3.814913825597029
2.854777147202144, 3.803775943793032
2.854431215333517, 3.8083148646393057
2.8544824146038046, 3.780787195125891
2.8646415242241403, 3.7637545093550715
2.8616720296724583, 3.7569687309284383
2.85615892390553, 3.7558860470663333
2.8630984721497406, 3.804609975980582
2.8602062930843895, 3.8217385742388936
2.8567747498889386, 3.82629597214792
2.8504344352927173, 3.806963117353713
2.8545829101563838, 3.8053440929782907
2.8425552629950683, 3.834643901498995
2.833901254240396, 3.837171008947737
2.8304304445208697, 3.868829502788345
2.8374115787078873, 3.9043083176455604
2.844495212706092, 3.9042538139112937
2.8329645324582216, 3.8997329116994153
2.825786074769482, 3.8845492830170087
2.8277368988783933, 3.887407672469346
2.846660427164527, 3.9105441247208477
2.8415413764710533, 3.937288855136392
2.8493012109020155, 3.8943984119239587
2.859278753979002, 3.8797237011605348
2.8500244583347185, 3.8876494164748436
2.8454462596889623, 3.8724098608334154
2.8480545409679, 3.847851081686682
2.854800790854886, 3.8453776282734937
2.8638749285237823, 3.8610921753412994
2.8714326172809037, 3.862834150454744
2.8519680184508815, 3.8457450890808964
2.854710090010403, 3.8166992027168645
2.8570894229028188, 3.8168974496794825
2.8541427575129554, 3.79464134028247
2.8648770880021943, 3.747376007806454
2.869505224593476, 3.7024078026531755
2.8768804519899884, 3.6987589752112116
2.8760101261975763, 3.6775524563484616
2.877825334534185, 3.703084088858958
2.871976299320425, 3.703220432551036
2.8731721523470766, 3.7303691882975345
2.870020627364448, 3.7763265681911795
2.8643005316091488, 3.8076901709232245
2.866077088941767, 3.8780882598719844
2.8492322835016326, 3.941371859686811
2.842256844476881, 4.01222693437654
2.845340796410619, 4.101416972991556
2.8469093312063904, 4.206839898893348
2.8499004326279644, 4.231873577864876
2.8534692125403227, 4.319138066922719
2.8574965159238808, 4.352682748760882
2.866465593341965, 4.374132388989201
2.869504206671855, 4.4685247664650705
2.8742370390255347, 4.495746391020745
2.883596212397319, 4.5252714125841225
2.881092125364527, 4.567449258300877
2.870384728748305, 4.576407894803602
2.8727669975978345, 4.575834437957884
2.861953453567741, 4.593387015572785
2.865954929287475, 4.624700460431053
2.863670948509586, 4.68435318991141
2.8624154542918907, 4.725554961411541
2.862836915423707, 4.715192182008301
2.859852399197787, 4.739276137281374
2.8627679420096475, 4.747624192477258
2.8846968580334797, 4.829547766147055
2.886407121057667, 4.825627190434003
2.878073196142244, 4.821029837792154
2.886826408643635, 4.835984224402916
2.8684155003929317, 4.780427411535863
2.8699604769581546, 4.745802910994877
2.8633059091060935, 4.703162098280004
2.8632204176093246, 4.6692691999839875
2.8654137587971746, 4.629804439507419
2.880406890228336, 4.588382337343935
2.8656536368060506, 4.4898651307607675
2.8734745577436196, 4.4937629677335185
2.8796464728612143, 4.450661352332079
2.884925124483689, 4.439056637510014
2.884498708849482, 4.470737737109106
2.8784832788092802, 4.45212768051517
2.8787251654686328, 4.436747219432615
2.865680283809821, 4.405756570241066
2.8500049694885092, 4.400525900315673
2.8341337878737636, 4.411566856247866
2.830599429996509, 4.420966979433408
2.8173997808504585, 4.372753676541154
2.808761893045893, 4.380209259773638
2.801094005770216, 4.304382513242816
2.8032736180026476, 4.237079641549378
2.811135787954638, 4.243961076137152
2.811714181318247, 4.245423256989364
2.8317390232067496, 4.24969095149852
2.843752229648559, 4.238018952597914
2.847188133163407, 4.18765346701
2.865855832946696, 4.152080846937156
2.868845794203843, 4.147035354932822
2.869554340378863, 4.159534255500099
2.883739268124219, 4.199205387365444
2.892814357127633, 4.186304260208706
2.8837194309401424, 4.116312058874831
2.882943641355605, 4.061775019028667
2.8650910583266906, 4.035991518704667
2.8586523603667375, 3.991994401446619
2.858308089382626, 4.015211689363607
2.8456033440846182, 3.980872199799035
2.849008572758285, 3.9662979869857624
2.8473703464214877, 3.8789440973173277
2.8205525227506603, 3.8160278264769474
2.81909988651553, 3.8178303254626242
2.831252423775289, 3.8064252833556345
2.8414426086783933, 3.8204933253672686
2.8558317603481553, 3.8042366384191313
2.855485239912125, 3.782348651449406
2.862686148925807, 3.775767885186666
2.8653085505057745, 3.788357410955883
2.85919119356774, 3.7785305006565593
2.868826025313873, 3.8306417488890263
2.8821356793099953, 3.8638517293291406
2.883067194342691, 3.864988973898697
2.875386819859284, 3.90859178753083
2.8637550315976332, 3.892140480230437
2.854210585219386, 3.9242146026875515
2.850696045585539, 3.9903164884522875
2.836905281969179, 4.012644023424775
2.8326967681060706, 4.031544070570502
2.834315514392587, 4.093523763964496
2.8378524012667006, 4.108480060350937
2.8345635647295024, 4.129932479351778
2.83884913349459, 4.147707391114465
2.8388879213893503, 4.176642433377366
2.8350149347377736, 4.231066874304715
2.8481025841273646, 4.242985146510472
2.869923943262294, 4.268758643327432
2.8723536847877478, 4.2392305065229285
2.8674798521570715, 4.255136751197207
2.861955780360225, 4.209261498822731
2.8500210666474644, 4.1925860276764855
2.8548914491001716, 4.168851432081693
2.8491859408406173, 4.145731260882248
2.857112141962916, 4.108246785494114
2.8605718212986093, 4.091975570282991
2.8508142491051554, 4.053217953088248
2.833646233792634, 4.00108736598388
2.825413816024009, 4.00077617747799
2.8322710825557023, 3.9408312709948263
2.8328486263581385, 3.9374011812709866
2.8314410617892642, 3.9417087607964327
2.8334472532746013, 3.954644019822845
2.8374895101279902, 3.9731069162365777
2.8344385171524493, 3.981123283877263
2.822136684406455, 3.991213787286136
2.8222789001154682, 4.047996565498098
2.83327535049674, 4.030794933451338
2.834313476440276, 4.026408957985544
2.823816464518308, 4.050775622033453
2.842297681466858, 4.071590710252236
2.841861838862222, 4.0380331160717216
2.831338605860619, 4.039982032595945
2.8318268585568958, 4.024961204700362
2.827190526902084, 3.9943714207747263
2.8420114037224944, 3.996535162311672
2.8367179086954657, 3.9776831217753204
2.8344849306637725, 4.018861864421465
2.84787850616081, 4.09506594739721
2.8559973379312678, 4.1553569128662335
2.8446298873904703, 4.164844570452622
2.858389396663836, 4.2312438444285965
2.8554836465483886, 4.263035440216738
2.8488397404904773, 4.303241081162007
2.84257588565742, 4.392300670711065
2.8454594059492346, 4.406712497828349
2.8397600978523956, 4.426416239180188
2.8274711544806608, 4.448390751268132
2.826686948122155, 4.4233179808999195
2.8336202963068278, 4.406161466925941
2.8236345090590413, 4.453481751030542
2.8100600666089215, 4.434262671367361
2.8280415075077445, 4.426006993301181
2.8335414235520586, 4.448597790033437
2.8502589039418598, 4.460211066279111
2.8491804104794545, 4.491649792806661
2.859825121975109, 4.532945899646553
2.854342709633447, 4.542217108445446
2.8443715668252887, 4.5693194770321
2.836037731698709, 4.627919311619141
2.8378999846991273, 4.6044179498291085
2.845373764195412, 4.628741405710204
2.8426800954543454, 4.643030700728382
2.8446140197943732, 4.658516388676904
2.834042925092695, 4.657927347986632
2.8177427285660035, 4.670802873735178
2.812176074036709, 4.643585962692517
2.831868372582364, 4.645011866302265
2.839079882877416, 4.642027658169084
2.8430582159385613, 4.588319754866265
2.833547489342192, 4.6102664150375485
2.8262522300910726, 4.578066184020378
2.818087034716101, 4.607556278326273
2.8165236324392495, 4.613381943679062
2.8225830417225306, 4.631225038851619
2.8324278521607376, 4.640632602531176
2.8294740329372763, 4.6263275364001775
2.8274270955263505, 4.614921201085241
2.81087181074773, 4.608928559199756
2.819278741417149, 4.621186560482045
2.8310739576230683, 4.599953239454889
2.8368223495752143, 4.652638416469256
2.8466286830087983, 4.59541821581365
2.846505398956534, 4.5907655318824725
2.8383109632723125, 4.5436129027933605
2.8481423512376214, 4.458680238967265
2.857635008966604, 4.420631265479926
2.8458177262885065, 4.399622160665454
2.865620621476379, 4.346480201449792
2.8584008278924045, 4.302052004502512
2.8612264255928, 4.28704429181438
2.844256280278402, 4.230542622627845
2.8348951577313484, 4.25499466007881
2.831877709876507, 4.186432386923555
2.8361336631264242, 4.1320399491819035
2.8280919229794503, 4.122376141632034
2.82448766915095, 4.1245647122491
2.828338959990792, 4.069594980830095
2.824801601094702, 4.075974235059245
2.8116568444230277, 4.06197944203425
2.8128774523511226, 4.023161782877247
2.8332124098459017, 3.9913514825010097
2.8424864124121383, 3.927845538831016
2.8434699867117947, 3.9105756146493165
2.8367871710586012, 3.915977534709394
2.8499933031476568, 3.906647336291416
2.8577035764925496, 3.9163161361415546
2.8692112786467314, 3.946855163093166
2.8685269079259625, 3.915331549259905
2.8758979424763633, 3.9115760197754184
2.869014758716644, 3.929076654967254
2.8637771266622236, 3.9376382363795885
2.8540762650004963, 3.9405048287329123
2.854163656680705, 3.937127539832532
2.856824626062051, 3.900879230885431
2.84646563804228, 3.896882436707876
2.8427910056358225, 3.8193610364470785
2.8281481358156397, 3.7893360529028173
2.8270240910795508, 3.796432748886417
2.8256143561415317, 3.7833056968048
2.823372492336186, 3.7072573114984166
2.8200424653817526, 3.6847547035913353
2.826465333267481, 3.674696484872178
2.829325331787252, 3.666732943427334
2.8327146822792257, 3.6827024700357356
2.8433875055171542, 3.6902120280908752
2.842747334944452, 3.721208763456437
2.8338173204100072, 3.733135822510006
2.8362943949904826, 3.714705103055227
2.8451232148011334, 3.7086946058314325
2.8493316058804408, 3.7529264535864426
2.851533242074794, 3.748496466368431
2.8382839419882067, 3.7586133425399835
2.8343981785596175, 3.6905826398386155
2.8332966937180712, 3.6779214386908676
2.8210900968013988, 3.6596237145009267
2.8236520564653964, 3.631069021777833
2.8445879837467083, 3.6342330252940136
2.8485666779761116, 3.6833819420379057
2.8440581673422662, 3.735376852365041
2.8392316781984936, 3.80867304347193
2.8360670603702864, 3.9068197373159803
2.8454739963827715, 4.007015431754963
2.8492157078286473, 4.176469257349755
2.8403207325413167, 4.304055923181759
2.8447280885918333, 4.4386415018212855
2.83764218236479, 4.623408487676249
2.840979500626685, 4.750705427741418
2.8392428937620284, 4.83471826416568
2.831996306843277, 4.932063110991034
2.8332117741067244, 4.968032615242082
2.8437355630499983, 5.003379776921927
2.846436145885778, 5.018230283345385
2.8451355114034085, 5.031631279829183
2.8497791020611025, 5.056599731219043
2.8488384492164536, 5.083746759178315
2.844186938293164, 5.079083612836897
2.831110723070804, 5.097502859363873
2.816493139422201, 5.136189324361874
2.828333365607552, 5.147041398212211
2.8282417370210267, 5.169952474684467
2.809772667191627, 5.203549489995765
2.808117617063145, 5.193436604914524
2.8126841730348544, 5.18648249038076
2.8295005096520214, 5.156582757246224
2.831657718379312, 5.1515511835404535
2.8432594643368594, 5.099236692474219
2.840835389032629, 5.028871989585359
2.8507703684564447, 4.974518960959279
2.8307078634180627, 4.919805840492115
2.842860043021688, 4.861177071591538
2.8549205171827094, 4.804933011809565
2.8527047057474855, 4.8097021215271685
2.8612217718591144, 4.7777847817958525
2.8508075836778852, 4.726273600939343
2.8506902344605103, 4.664527014597036
2.851771787499264, 4.628524427300076
2.8569915124121112, 4.604332600804322
2.852092144070125, 4.541934631485561
2.86894801681282, 4.538763660331958
2.859548868399911, 4.533803837259025
2.858845080173244, 4.499383288003196
2.853272006567214, 4.4209561152646
2.8439490951343886, 4.380213056246934
2.851834047162826, 4.385912407718948
2.8508408031754646, 4.361760476485369
2.840673509906648, 4.331255205300723
2.8398258909388305, 4.3182325590280906
2.848516863966644, 4.310406344859361
2.8492839035543733, 4.23423364801573
2.8597988016747657, 4.179354261572584
2.864197482827889, 4.123408690463107
2.8750488604464914, 4.082108965871716
2.884005605982242, 4.040131335342326
2.8811385884401672, 3.973710925010608
2.8789444669872286, 3.901514005544729
2.8840247194106348, 3.875228540862975
2.8802462632523476, 3.82344803758052
2.8745031091740514, 3.7813552578766485
2.875514988992979, 3.761930254466489
2.8731690355887167, 3.7222129573365885
2.8653740512124934, 3.735999403596975
2.8579604547145916, 3.7372096623002484
2.845899920458164, 3.719253069950196
2.8446894064017236, 3.7023048306086204
2.837237824260247, 3.692950345652543
2.841821447037101, 3.6802683804362344
2.837061506543134, 3.6536312780988673
2.8330803217560576, 3.642122309064785
2.8286839249054823, 3.6327019449409015
2.832149001954284, 3.605228271964853
2.8195322664753717, 3.5617347814833047
2.82626656350127, 3.5466196285202303
2.8172906407753997, 3.5170365643544317
2.8065352899491343, 3.5372092250101823
2.8206482964425246, 3.522515993969475
2.80964030573221, 3.5524856236460187
2.8080208093334695, 3.568140171702903
2.809489132913322, 3.552360834029179
2.8175923964721212, 3.5575051671144537
2.8065805039600895, 3.5864720764317406
2.829086661306785, 3.5850492122127355
2.8294772230033955, 3.5727036623426423
2.8449884367100338, 3.6031923163211284
2.843736402759075, 3.58535151437614
2.831163131638746, 3.622932570445907
2.8321783691648306, 3.564726205971973
2.8484671886284776, 3.5560024196350435
2.857056077026475, 3.6044038856171356
2.8511553694336635, 3.5820229456359662
2.846737446528616, 3.5549054782147236
2.848246540153448, 3.538075195214026
2.8383566957983613, 3.5536182323697942
2.8311172313343853, 3.5363505449279886
2.8403153137722748, 3.5345081063563923
2.8404312143902004, 3.541096031760543
2.8303694084007667, 3.559626041113493
2.8251382118890445, 3.559817482337915
2.8161287384701006, 3.481223445908031
2.808989676510338, 3.5082927980244003
2.820634480863452, 3.56899169902017
2.8056843336125477, 3.6190590843379282
2.811702020067081, 3.6376171642349133
2.8135743573936933, 3.7320010355705806
2.811644332882439, 3.7985467006832208
2.8320541171238958, 3.852963369631008
2.8512384440076866, 3.974972093002333
2.8555456732618394, 4.092746721988955
2.8643703219728254, 4.300714680365838
2.8818126859163082, 4.440179042583827
2.874616797431943, 4.555183149522241
2.88643767985128, 4.695473022255615
2.890955480204267, 4.832884686975867
2.891826129871771, 4.893698745971568
2.890501167030423, 5.0051343709416285
2.872011101191359, 5.0992211403223
2.86550361205475, 5.180365626618913
2.8552786624805058, 5.23712573941309
2.851793317237861, 5.241181980872968
2.8402249862912927, 5.248047262727845
2.8383608686470345, 5.310757981062691
2.8321403513111987, 5.312203548740755
2.824772668242732, 5.365233544764905
2.832664645416714, 5.440704125275071
2.826507475493881, 5.477474935160914
2.8396159816841253, 5.53639637833066
2.836131446826873, 5.536458792763517
2.835915874512577, 5.57122154933572
2.833330690516619, 5.608516054870631
2.833075667963992, 5.630231750650841
2.8313740940719283, 5.649458561894562
2.834464090652286, 5.684474950066353
2.846834652988217, 5.673178569145158
2.8390902439246437, 5.660678365464667
2.843967524846037, 5.622251801829401
2.836848816700506, 5.552638885416964
2.843337517297499, 5.529028615418595
2.8428100364940327, 5.528383746603025
2.845922544332887, 5.499869561436528
2.838996479743664, 5.477032067661442
2.853264011414203, 5.397529588178752
2.841931962434268, 5.3331419808586675
2.8393736968725767, 5.291548190534315
2.8491065799126503, 5.207906556857749
2.8510370676530337, 5.155280742765008
2.8466567911618066, 5.119068343752636
2.8500560262185366, 5.113020393732594
2.8497983915097502, 5.058415909895862
2.8385724919882214, 5.058487090368509
2.8265371033712983, 5.037400411475204
2.8187717322236674, 5.022607462448628
2.8239720465957974, 5.029084510501124
2.8145413565102837, 4.994962549559585
2.8172291184112814, 5.037085399941578
2.8150592167523443, 5.054853282256761
2.8190142540612095, 5.073361725479143
2.814051940653964, 5.084210538004329
2.821554681691463, 5.0864392130219835
2.824063796985886, 5.06152488522976
2.830779775460813, 5.056127215045296
2.833881523996637, 5.0997345311717375
2.8369322517435065, 5.09537680546118
2.8436350783122366, 5.136683986121661
2.824845261324133, 5.125182062726546
2.831184051877554, 5.157856700704677
2.8312192828906744, 5.159136024009858
2.8239173862417966, 5.096604166328278
2.814887984507048, 5.043653887048951
2.821986541723291, 5.042423078513542
2.845974606113097, 4.996014059651726
2.8401749734065307, 4.938337184635019
2.8423924326252377, 4.896523049206785
2.8419889786626986, 4.820051223732313
2.8513752791628244, 4.748593020627511
2.84552084263428, 4.639173755859406
2.8476482297698498, 4.549538770565157
2.8512482741938774, 4.47981593571284
2.850473380215447, 4.445527870350692
2.8503413085636415, 4.329066917232526
p_std: 5.00, v_std: 5.00