0.11998537848130245, 0.6763471965582578
0.06446296377615662, 0.23962212185744028
0.0628797732319488, 0.22840606798954344
0.06612190757296324, 0.2128654615871024
0.0636774893022292, 0.21858929831081894
0.06713932436752836, 0.2026049332319729
0.06577406074882287, 0.1933047839929623
0.06616227365569008, 0.1973609286951204
0.06588442173404327, 0.18483227793753615
0.06583675896073582, 0.17688890930145446
0.0673208577047558, 0.18340940365762032
0.06463517411951333, 0.1625530391613233
0.06551609915654841, 0.16087893707793555
0.06705111251114085, 0.15450994890699932
0.06586700487541555, 0.14910532656806302
0.0660672704666653, 0.14109364347482634
0.06949429622678174, 0.14059638111715894
0.06885857749499566, 0.13469521030180545
0.06941187781840717, 0.13362062546057624
0.06854707082468395, 0.12105133757481526
0.06825307507870337, 0.11181905214774676
0.07057734348873616, 0.1142491636673942
0.06685178688887121, 0.10423271998634094
0.06842323152667311, 0.09678513057045154
0.06728612761719985, 0.1041824955772416
0.06812899125389757, 0.09002884479581393
0.0711584206471345, 0.0958538671537246
0.06954474818192506, 0.09418746720607103
0.06893707224037161, 0.08494264563979535
0.06848744302323069, 0.08526468707311254
0.06989000617716462, 0.08414888542598584
0.07074460005795358, 0.08103674692487782
0.0716682439019903, 0.0728659144726662
0.07518180620743434, 0.07370496912445501
0.07076315588711428, 0.07439474616442229
0.07112991835951235, 0.07360301674864889
0.07381767827276868, 0.0671156320437421
0.07112387675232802, 0.0745720892271408
0.07204860604168528, 0.06718910538278618
0.07050199319149561, 0.06336417621322538
0.07218695509650215, 0.06924875879848273
0.07628449050439115, 0.06512218076609276
0.07563044639488213, 0.06886189561152363
0.07133589939700874, 0.07114757844979502
0.07228657188023027, 0.07115539795732591
0.07394073059554955, 0.07646447970571486
0.07117574842352706, 0.06981327484853243
0.07254294884881884, 0.07358676619702587
0.07575806868396007, 0.06682077714609967
0.07205217014115735, 0.07338673424709002
0.07472317186930168, 0.07125759735565926
0.07206865131554388, 0.07124360621460193
0.06910978889023797, 0.07065428278864175
0.07214409773949121, 0.07138573605410208
0.07153350101035029, 0.07504293199552052
0.07226597626392403, 0.0732348225157477
0.0748595008194434, 0.0715960292770685
0.07266306127144209, 0.07665303551851477
0.07124961352511514, 0.07997633239437515
0.07192021105450996, 0.0781555889214308
0.07187188535720557, 0.07946544509324048
0.06743559967172653, 0.08280766360665069
0.07178521992181053, 0.08481913410386273
0.06969901071194701, 0.08751966891724657
0.06888833174768393, 0.07616246583670509
0.07326126255801704, 0.08837865750234444
0.06926287874775704, 0.08578027271732183
0.06821560885691032, 0.0925594168449194
0.0728006744362377, 0.09560620739288442
0.07217893134920432, 0.08799191990516238
0.06795044207973201, 0.09261369708867676
0.07172502743619116, 0.0898334835525029
0.07039625661999419, 0.10402554795698575
0.06843623691051409, 0.09794616427383443
0.07045720408368299, 0.09996385603836551
0.0701261411337698, 0.0913390093080294
0.0666555317454361, 0.1035583703026921
0.07176502671335323, 0.1124682194907551
0.06774904971791491, 0.11221239548854019
0.07252351452572034, 0.10193490199726692
0.07457886731649077, 0.11258478045590421
0.06941545596887133, 0.10641685957793386
0.06904115710093471, 0.10439788489374813
0.07171476484450347, 0.10825725217197253
0.06745156071519438, 0.10994499906319966
0.07111490343117446, 0.11700730858222044
0.07042459060541979, 0.11592197384218608
0.06904891860296394, 0.11072036045509581
0.07146649861937446, 0.11663276283053015
0.0719627517248241, 0.11348743605877017
0.07193244461953155, 0.11769637121439543
0.07258568296851914, 0.13237101778321464
0.07056311005830708, 0.11891923890626059
0.07012643619685104, 0.1193766735202612
0.06672012841956998, 0.11404242325652976
0.07353801389247308, 0.12610170229802603
0.0667141207661413, 0.1153841076089948
0.07109489325468248, 0.12680759351956036
0.07262270073556475, 0.12616472968557182
0.06868287132898415, 0.13389492449748433
0.07027129340228114, 0.11908656456469653
0.06960864324734042, 0.1315450694372766
0.07019970308552666, 0.13438554924384205
0.06729107303970724, 0.12730972749690542
0.07045914395277461, 0.13469000210846913
0.06580257470639042, 0.13006433086366026
0.0719745548237615, 0.13424808181622355
0.06836665168515042, 0.12933614231473667
0.07079337816954655, 0.13496773539954152
0.07049634095655563, 0.13392789112423567
0.07002639071555491, 0.1364849195119178
0.06747263371702983, 0.13881631063728608
0.06938241750190274, 0.13595048875455676
0.06940904598375985, 0.1360364092836377
0.0736403172583383, 0.13574156691201347
0.07179339318184295, 0.1355968149253127
0.06983295055460036, 0.1515771268701851
0.06590711724882481, 0.15274493669907588
0.06867686305437123, 0.14356880722497484
0.06883331490741959, 0.14474148978403
0.06977494358620866, 0.14625537382734605
0.07188419279399673, 0.1457818912410583
0.06988635164000755, 0.1377683299578538
0.0718503814806997, 0.14995860241201397
0.07117697388106083, 0.15069788270207388
0.06961483768044494, 0.140004934960756
0.06887713418493296, 0.1534861941886008
0.07423955479151598, 0.1452824812271671
0.07089615759129726, 0.157274102832899
0.06972605731820275, 0.15008148202497634
0.06877519687695231, 0.13514774373461172
0.06910461740359136, 0.14020553823009058
0.07142316948165565, 0.13780036002329765
0.07144557324666309, 0.1533717152421959
0.07091048838318104, 0.15333684170418732
0.06814604147283768, 0.15432958684475745
0.07254617626060388, 0.15050636479410545
0.06720701070694847, 0.15171800883138592
0.07031611498643907, 0.14465802358024832
0.07161165942222382, 0.14002413838426378
0.06913086270391812, 0.15081100864390207
0.0678040251255802, 0.15068221631384532
0.07081311522777944, 0.14314187170049633
0.06964414655093333, 0.15063907462458695
0.06947895116418248, 0.14207902701101718
0.06922231484560815, 0.14319303904944874
0.06596871048426514, 0.1423847114156524
0.07024332945710572, 0.13990849171195496
0.06900448995783282, 0.1428165841847329
0.07152935607447217, 0.13582060604118912
0.070472248570649, 0.14568192099469326
0.06784426828316367, 0.14128185793386774
0.0711458640157507, 0.13411944827583283
0.06839839541314484, 0.13674189424291455
0.07036690842802888, 0.141425435927554
0.06626087701620813, 0.1356938291860936
0.06988406884802181, 0.13467576294067202
0.07038959440972442, 0.14557609471415217
0.06897646011301538, 0.13706997650486388
0.0698230171263095, 0.12924923179187878
0.06956470207872581, 0.13143827825062654
0.07159820396140013, 0.13448550418235564
0.06656200518858954, 0.13318889284841318
0.0682802046457149, 0.13949357399631665
0.07015927661518286, 0.1326654391067012
0.0691590177895289, 0.12948813586757862
0.07067444481651536, 0.12240864934622768
0.07031941899223544, 0.12567046889796216
0.07158470465178132, 0.1287641173314286
0.07161090652748474, 0.13872111709762933
0.07022706913342772, 0.1179089093108383
0.06795768295770589, 0.13306782113439025
0.06984142509202058, 0.11594342630307115
0.06545921277728861, 0.12084572934369091
0.07312204311546536, 0.12602873365048936
0.06858664743824183, 0.12604118981682913
0.06554052385683909, 0.12227832623941733
0.07049819478518118, 0.128890604870556
0.06993034267255974, 0.13033983888618267
0.0661702546592958, 0.13018232001333083
0.06787200182026087, 0.12010457825013154
0.06959141388259707, 0.11725076436087026
0.06906000251043985, 0.11996816056110578
0.07259390274946058, 0.11822440077620062
0.06883009517967746, 0.12007789291404003
0.07245673586114604, 0.11828255425094152
0.07269067450709266, 0.11410408576187389
0.06826811696406468, 0.10726025401242953
0.06963221021851836, 0.10501148330181835
0.06689860042856653, 0.10840935615949376
0.06964406418940364, 0.11531597901522446
0.07093881793572727, 0.1093961592165226
0.07206882353507706, 0.11539857320763666
0.0696631921404705, 0.11688412718683647
0.07014197750458617, 0.11329801190754334
0.0739075277619056, 0.11581964712889652
0.07373290976735591, 0.11039772782376141
0.07054992070632438, 0.10300279863627013
0.06984761722928046, 0.10905441362190627
0.07237271989250996, 0.10639817891003134
0.07057323791748651, 0.11086168806005188
0.06805893726230687, 0.1038511400446445
0.06928714274569295, 0.10235658966926549
0.06871962794354095, 0.09927952581576444
0.06923400712459772, 0.0995123562828291
0.0720848549047172, 0.10218879703338508
0.06861047770860614, 0.10461577113352442
0.07257598134329823, 0.09677825338197618
0.07140262763558139, 0.09050016808275979
0.07193556078112846, 0.09823643946247577
0.0718186300655189, 0.09495858902453154
0.07206825150920612, 0.1005147779415374
0.07201983189493809, 0.08954958209887362
0.07054797086384892, 0.08515685536955692
0.069176765928278, 0.09932472145529464
0.06619649257995805, 0.1029486629589618
0.07083181206487434, 0.0885935060421608
0.06910356125861201, 0.10097208685001194
0.07114915539326098, 0.0897984086432436
0.07108517651913526, 0.09927936523843504
0.07295166503916614, 0.09124199711341677
0.0747326265601678, 0.08771427762522971
0.07237821738113892, 0.09320041341097272
0.07065209063939325, 0.08760053034539787
0.06825887318973495, 0.08844603735336246
0.07216953192089615, 0.08687260896414353
0.06964313803064112, 0.0851475450009441
0.07402436228885766, 0.08640961920798
0.07225799709447814, 0.0893067097228209
0.07038077172022325, 0.08778175271937251
0.07141326900850034, 0.08830083341113816
0.0693154790382664, 0.08758374245789195
0.07298480140497102, 0.0924678557182972
0.07059176328342803, 0.07986518199365021
0.06828427945455792, 0.08214930349507654
0.0726757993866455, 0.09109115879587311
0.06911165662888699, 0.10239855285396678
0.0739998901942623, 0.09787550181325033
0.07025487803763177, 0.09562198623134427
0.07255413033807805, 0.09379797356013478
0.07085496667507389, 0.10356283753085505
0.07074909053461419, 0.09599273483477566
0.06905582679422254, 0.09875782445790761
0.06942947334798673, 0.09624084580656886
0.06761740884092046, 0.10755957016565638
0.07351705240586229, 0.09660295006701378
0.06864473988871392, 0.10476045944001515
0.0710678322625456, 0.10184452188586095
0.07019043408713999, 0.09690722686148334
0.07085559504427472, 0.10692829866272938
0.07149256886053842, 0.09302579504045878
0.07229021202825955, 0.09190072919441104
0.07162101078061431, 0.09634458235901802
0.07281385552754947, 0.09030226268730739
0.07432818442732177, 0.09418712746083224
0.07410172721946558, 0.09661995057688225
0.07319794621182835, 0.09060278136758346
0.07031216839797258, 0.09040495759299391
0.0692682806889119, 0.09174613071450767
0.07020671467365178, 0.0957409925004348
0.0701874311022338, 0.09176644051591952
0.07113803459332414, 0.08969995250275356
0.07302287762677975, 0.09062006783735647
0.0720678533971506, 0.07659573193814533
0.07220718440461585, 0.07899005923700528
0.07337501877146149, 0.08339706130598619
0.07216676692650527, 0.1063562288155507
0.07148172517511633, 0.10407488603499018
0.07576494531722285, 0.10302689845512143
0.07310016767348217, 0.10126608411052127
0.07291137956641178, 0.10365539836479339
0.07258346630277557, 0.1089370060689874
0.07275541073381575, 0.10547232396753833
0.0718988991294894, 0.11727140811364216
0.07325644231693411, 0.12272174744430253
0.07522769871755049, 0.12771197708777274
0.0741321331244724, 0.12261210408294829
0.07180662662607198, 0.1232736676276763
0.07122625723271028, 0.11661297694533909
0.07200818562463404, 0.1134798534690715
0.07148675084300624, 0.10677713502690792
0.07377953280669841, 0.10271957388080924
0.07293397150635188, 0.10032280928279536
0.07083619591858517, 0.09223000277612667
0.06922153868561952, 0.08585904468971664
0.07101400538784182, 0.08408290766463399
0.07090212127534976, 0.10362083202609804
0.06885313681322262, 0.09821341002283089
0.07334399109152627, 0.09818534862357528
0.06878728832618887, 0.09375873697391797
0.07408166887225567, 0.08364911406484252
0.07368469005630993, 0.08703269272706662
0.07408906456700277, 0.09147409482172254
0.07415059043708395, 0.09512429424280724
0.07280044068801418, 0.10241870724066744
0.07094093894772553, 0.1191497633871896
0.07497194951956113, 0.10371897538560568
0.07123370373057271, 0.1080414490408752
0.07164418828802446, 0.10004703214511394
0.07024398922168937, 0.10314956777517796
0.06816294245323012, 0.10664014124640595
0.06932058067296445, 0.1024992917857526
0.06996760481287458, 0.09482213388493807
0.07057400867522115, 0.09376852557049432
0.0719065104727504, 0.09240118928352727
0.06951216726783396, 0.09065646767043228
0.0675372320235832, 0.09170669026347042
0.07122860795781663, 0.09328126035933132
0.07380223843407266, 0.08964264954701885
0.07068363216695961, 0.09665250712506304
0.07180077028682158, 0.10517087027422493
0.07148327234307172, 0.11776280918563087
0.07640745631257104, 0.12085339144025453
0.06915667452506108, 0.11745328710149132
0.07021372210293073, 0.13088132025614926
0.07117124096049762, 0.13159101086078703
0.07258459657060326, 0.13332843666298905
0.0736773433928547, 0.12489008374561898
0.07173590382240076, 0.12514112571150043
0.07115391712276033, 0.11657059889721573
0.06978900707557945, 0.12263999075694236
0.072678329917678, 0.11583077660592664
0.06984119131167628, 0.1215868101026144
0.07067915531544292, 0.12097039562277916
0.07024358500715133, 0.10671897073581671
0.06894516353481536, 0.11549961410481627
0.07357287201730563, 0.11175744705870536
0.07364582254809249, 0.10849524235631425
0.07157754336883447, 0.11077285378858906
0.0721873695113763, 0.10810794052753425
0.07337428106862957, 0.10400730667906266
0.06977302736827028, 0.11681667443737864
0.07145484397668597, 0.1192183308160987
0.07235929139096861, 0.11282681304030891
0.07075244299045665, 0.11959189476580204
0.07023595697462463, 0.11800834977097392
0.07268040536405491, 0.12517385108560591
0.07553879696528851, 0.11590188070896001
0.07039206617736847, 0.14608098434943503
0.06833159095273342, 0.1531200034293024
0.06948597599747962, 0.1541437619083073
0.07612617932356977, 0.14057079794905894
0.07296464222285153, 0.13152172885340901
0.07363843536112707, 0.13366742785913485
0.07177570019357629, 0.12227079562366701
0.07376107214138408, 0.12204479196412628
0.07343311195401155, 0.12716269677916187
0.07252300546731312, 0.11842142597748326
0.06918422071328569, 0.12333236858095545
0.075408251076056, 0.12909748340309918
0.07148775401294764, 0.1258537586520851
0.07072074523711401, 0.14147245760166535
0.07179621783236807, 0.1409308153586559
0.0715293935648428, 0.12854414611645745
0.07070431410863867, 0.1476804161541337
0.07476186510953228, 0.15266338673294025
0.07220686512458525, 0.15079793422919044
0.07566788700336796, 0.13928333741487933
0.07164424751493778, 0.13851790662259053
0.07652034446131643, 0.136875295111854
0.07651776036538846, 0.13940099148610302
0.07625821174520017, 0.13073755601017528
0.0728956757858244, 0.1383135787905914
0.07458704929736185, 0.13796943913373
0.07474240638251926, 0.14041817711334734
0.07022994435875791, 0.14398745864557336
0.07756999657420957, 0.14327546699600724
0.07645464413554681, 0.14314778452759463
0.07076331265806202, 0.1356443428650197
0.07336421768550017, 0.14120522898438032
0.073249786339979, 0.14157505721819716
0.07234488854190672, 0.14779069413248438
0.07217672588716076, 0.14711809512697055
0.07300643620610539, 0.14398250904333323
0.07483558657332619, 0.17069124618927323
0.07341384565681693, 0.15789910354483763
0.07222512581160277, 0.14895034959180029
0.07481525669978709, 0.14890907216862553
0.07113375937416266, 0.14852658859892523
0.07326438927450885, 0.14873956356930015
0.07309154075913109, 0.14898386733017757
0.0702054397690828, 0.14176237684956183
0.0748735193721656, 0.14294928584530217
0.072042778685758, 0.13782771175532077
0.07137600471219688, 0.13908232101558085
0.07439108867595547, 0.1322244857306844
0.07078515395620652, 0.14164737953067952
0.07563360321922659, 0.15149380716295874
0.07365993900749121, 0.1483158389962705
0.07379039698685849, 0.15006356731609488
0.07232191080027447, 0.14775149669982385
0.06779696541582718, 0.13700459838029583
0.07299409998779063, 0.1308920034861805
0.07160179140993396, 0.1315742194225324
0.07040641277773517, 0.13456377445441195
0.07206311773658405, 0.1336522633981189
0.07021049350143752, 0.1390075690389952
0.07491590059786585, 0.13927374022718816
0.07392598741865182, 0.1445768575690259
0.07358604749618151, 0.1316571372962509
0.07087909033613224, 0.14240384239251777
0.07473026714264029, 0.14396404111256839
0.07384377806442521, 0.15001748564893988
0.07105278099438929, 0.153332255206855
0.07512616334652882, 0.1484690645644416
0.07390119788780328, 0.14275607110087973
0.07598453487225985, 0.1525147308223601
0.07651429795168498, 0.1513134559498318
0.07178078164949031, 0.1583452228323195
0.07230186351492626, 0.15914268533700354
0.07124241966807002, 0.15751030890694667
0.07254014710087499, 0.16167877942311565
0.07076668150443084, 0.16007209884266235
0.07269645606904844, 0.15292152166897902
0.0734861886038041, 0.1649531072039782
0.07670388560233247, 0.17076545441245233
0.07363525647996293, 0.17976996150534474
0.07197728289830062, 0.1657314657349109
0.07016759775216529, 0.17093554620511253
0.07551920422984533, 0.14410630551866452
0.0720660617486512, 0.1552675148381327
0.0722076656125626, 0.14479516059784342
0.07307431247476462, 0.15335628680264407
0.06984310030289598, 0.15079755339023707
0.07086691551871213, 0.13788359552312096
0.07317688504102957, 0.1468749139447742
0.06963489182281922, 0.1401403530178677
0.07179745837352047, 0.13992083619708723
0.07169102435449135, 0.15909857725337734
0.06905713376297831, 0.15520675473698878
0.07332571729255433, 0.15438101524319495
0.07327139872137776, 0.15722829296639446
0.07128400639684726, 0.16174569821749343
0.07029511684446313, 0.15901642230388321
0.0713847300795585, 0.1683960611669074
0.06878253947350274, 0.17395983626451153
0.06928388304882871, 0.1634995084785255
0.07193257749562218, 0.15667405669687676
0.07212047557704784, 0.15532545409229997
0.07224534812927841, 0.15736586467885882
0.06925858828898454, 0.1535708615257029
0.07506093563078069, 0.15605008193629072
0.06986077119038583, 0.15898054785186708
0.07727178083215744, 0.15161426654732296
0.07279280352957082, 0.15118895073144842
0.0720970259910318, 0.15320192152514464
0.07384706448118214, 0.15397192850194769
0.06869317550399465, 0.14911425356466682
0.07418707410383926, 0.15766825182892155
0.07452158084774052, 0.14978464720091672
0.07251479667783554, 0.16949242162224493
0.07199914775199236, 0.1783801039458232
0.07084531184109755, 0.1882447635807177
0.07333839788068165, 0.19558441155098477
0.06700380200450883, 0.1779407253009581
0.07334427321746433, 0.17980876940054083
0.07238757983736327, 0.18206356499835327
0.072525880406322, 0.17879437971731937
0.07244274326670228, 0.16554141425051896
0.07250943336211223, 0.170927014656341
0.0721485058421685, 0.19104331038904585
0.07041032374519432, 0.1811692816735823
0.07047216115371466, 0.18467065645699585
0.07490054434260561, 0.1861398946840332
0.07527752756317214, 0.18645031773145715
0.07450843171461992, 0.17974646271742392
0.07100208640937153, 0.16997113117594864
0.07363266033678746, 0.18176630743954356
0.07480343285303168, 0.1678571927429299
0.074361803000979, 0.18044418704385415
0.07171987788789629, 0.17866876090650038
0.07107995081104121, 0.1955330310941781
0.072485462791236, 0.1931566351654698
0.0713834956209175, 0.18637291961219551
0.07233482746549334, 0.1895557764443678
0.07366625199326501, 0.19351523811386567
0.07023427985690722, 0.19282333482817637
0.07184768725631194, 0.1961670480456137
0.07425483110198465, 0.19727288108133587
0.0725427565332626, 0.21604329758902813
0.07404058995721056, 0.1976504846996552
0.06732680475899669, 0.19179261177218945
0.06976340603075688, 0.18632676017001618
0.07075201714051085, 0.18707346275193698
0.06972529448640039, 0.18129269116645036
0.07414041146618269, 0.1806676494000406
0.07172269070485682, 0.18781047526691347
0.07328635750440614, 0.17111511195225784
0.07218251319653624, 0.17592111141202935
0.06975641613531988, 0.16730739510151824
0.07074215530344881, 0.1680125724938251
0.07208501427015816, 0.18251670249654098
0.07202654633359831, 0.17638993214183774
0.07566540517053513, 0.172816889392295
0.06972513121886151, 0.16786693726578505
0.07197674665152792, 0.16745979503763192
0.07334096521790856, 0.16858734286367108
0.06976382586125188, 0.16644126711522428
0.07142543643997772, 0.1882243007813941
0.06993287402937493, 0.18005742303271166
0.07453426774036288, 0.16887213707697837
0.07374843496588786, 0.16723003591029958
0.07614139661177166, 0.17530117212317395
0.06938270284076473, 0.1747259516814583
0.07071553743665206, 0.1547130837626239
0.07400772161168609, 0.17272233522092445
0.07120010559268584, 0.1569797372793045
0.07146223904266877, 0.16280693098118412
0.07031905091299726, 0.1610229554010465
0.07199089599486388, 0.17200543569577414
0.07524134483301517, 0.16938167000699395
0.07113271227317888, 0.1522728951759698
0.07276874330016185, 0.15973828337701898
0.07226809646627029, 0.16198712223915118
0.0705591691704194, 0.15636619200550295
0.0747004540354302, 0.18071736812953115
0.07343860272343827, 0.18854072177252182
0.07031114839579096, 0.20519921604106597
0.06865636181664557, 0.20130245566374994
0.07240728353935866, 0.19877428064285155
0.0704669657582909, 0.1942848066807622
0.0699719950080074, 0.18850733450458884
0.06928729020171456, 0.1935308731999071
0.06913660124668702, 0.17861678811539966
0.0709667494201676, 0.1819733973157657
0.06900766533885891, 0.1693221329027744
0.07089457930656505, 0.1996991601442752
0.06932923852111615, 0.1929293881721537
0.07270794427492806, 0.19238428851410713
0.07011624929826171, 0.18582382544941128
0.07168165049680633, 0.18107386494950437
0.0711668268105031, 0.20044876336089706
0.06997382896227256, 0.17744607870731072
0.07288877656412421, 0.17673452861573108
0.07173685782234047, 0.174654844952609
0.06868806633825775, 0.17020674795041685
0.06971693629229157, 0.1626326686860076
0.07486542967802587, 0.16466997897537766
0.07518583888228204, 0.17542186191751502
0.07030446705989872, 0.1829091739467115
0.07533351586659458, 0.1844370720003578
0.07037551042055028, 0.18339396621752604
0.07362382664925374, 0.18676607517316843
0.07389768790677749, 0.19385543655576298
0.0725684466324587, 0.21123195263197778
0.0727483756506238, 0.2003680352137364
0.07118631180994256, 0.19873201792817913
0.07211073118856873, 0.2018804679483654
0.07356153245169708, 0.21109516440007972
0.07493874216783336, 0.20392119667643085
0.07312171954264267, 0.2028816288612864
0.07523484291590857, 0.20919754102219815
0.07173761620480168, 0.20362913468701346
0.0705625277472094, 0.20961329208762697
0.0693693551011588, 0.19508897329914054
0.0679672564894157, 0.1913389530964883
0.07376192758694441, 0.19557726011681686
0.0702360300427076, 0.18539453225120436
0.06953839653261096, 0.18689087345322314
0.0700226897228956, 0.16830317764587155
0.07068053374077937, 0.18131603600248028
0.07166973067780011, 0.17079491618312964
0.07356862275310055, 0.17644289519896797
0.06764571428615498, 0.17134097644427812
0.06872409578805844, 0.17831710069882475
0.07002062824137505, 0.18329062648103484
0.07085502382762714, 0.17451449631334803
0.07103251632641114, 0.18855032251761647
0.06910481974886515, 0.20148663612783607
0.07003588372842982, 0.19935487447109812
0.06739021868572852, 0.20713711450122113
0.07165607001806813, 0.2018298282128829
0.0687154412217605, 0.1924724194988654
0.07330082747296296, 0.20904949678230852
0.06887685344460763, 0.20274217122932145
0.07216149485152379, 0.22229354429318143
0.07050736895199694, 0.18667052570178397
0.06939975053275085, 0.18863410333023556
0.06778113770429094, 0.17756262515936455
0.07049153740017834, 0.18322827617043996
0.0711211456091896, 0.18328674332347047
0.06583858211844526, 0.1788621618707239
0.06753918970767539, 0.17223240430003064
0.0699607081223191, 0.1759174718562037
0.06965357648081581, 0.1795675213978359
0.06754319630993481, 0.18208301451253367
0.07034565765165382, 0.18254474894126102
0.06722301341467647, 0.16580022485986934
0.06785406777154682, 0.16798106406810873
0.07209046676764244, 0.16420654991921163
0.06680331454628297, 0.17055976579295415
0.06739977521883793, 0.16533246199101775
0.06844987478865006, 0.163640909080065
0.06785991198933969, 0.1679394729683103
0.07157566280259135, 0.1587240100041034
0.06864533427176774, 0.15768590403259397
0.07035176961474968, 0.16170186018246407
0.0688265537202796, 0.159788664765039
0.07225939458931173, 0.167423905082228
0.07341641445652859, 0.16435592810313587
0.07102557916946764, 0.1594407696554137
0.06965562931827893, 0.1780754397535243
0.07142046724460646, 0.17436554354686348
0.07040694136317198, 0.17560593052417606
0.0716611959711463, 0.17548649150234819
0.07158397604275177, 0.17352274347463784
0.06981475071793379, 0.1675943124074385
0.0686876220107955, 0.16995559694836548
0.06766986525998689, 0.16764055057539656
0.07325791009399352, 0.16434742645550254
0.07264574439428731, 0.16352157889228397
0.06522175603243262, 0.15891819552265588
0.07199340020830228, 0.17440925232288976
0.07037221126387341, 0.15485725565806435
0.0720626406174324, 0.15854101483321376
0.07355009655522507, 0.1537604480315989
0.06943361439445526, 0.15709598110290246
0.07013506626277773, 0.1557235344968791
0.0733646053132738, 0.15333799671378018
0.07040399497933642, 0.14540601548900403
0.0698341267456076, 0.1576871871491896
0.06999720374097775, 0.15670725278026212
0.07315611746469113, 0.15607628513232336
0.06789647466260099, 0.15633606721943893
0.07046408079530368, 0.15643923464472925
0.07229862710269608, 0.1539194519482362
0.06825347264768603, 0.16141944355921375
0.07278486169408058, 0.15541295176819306
0.06986858939649039, 0.1506420235571978
0.07153954088263702, 0.14682419799637791
0.07343468160407565, 0.14515020478648033
0.07088940981513037, 0.13333205294160164
0.06964416511203994, 0.13930820493071924
0.06991503551844698, 0.14161606596657655
0.0702000849330596, 0.13676905088979224
0.0700392309882124, 0.14143898320436493
0.06806285193526918, 0.1411012857103143
0.07023224882253647, 0.13927579556040187
0.07090723528668753, 0.15790494413261796
0.07160762893490724, 0.14157865052358012
0.06749502977956925, 0.13599115396335373
0.07371763744712607, 0.13867936920051596
0.06742319457032384, 0.13415713613404007
0.06868179204235844, 0.12429566285673388
0.06942214259902416, 0.12857408634053505
0.06995175469998957, 0.1331113327227672
0.07097931818427279, 0.14084229467520498
0.06919945408055247, 0.14266601341658033
0.07002840617833532, 0.1435466087533011
0.0703806561450745, 0.15746767627802366
0.07087281529601522, 0.14347356229353334
0.07293919107679982, 0.1506846209886469
0.06986410778495468, 0.14856678915332647
0.07313675634974337, 0.1455432022358283
0.07099913183470222, 0.14634715409854587
0.07012908661011966, 0.15275475710468372
0.06995953295782328, 0.1674837229197464
0.07279915123815921, 0.17118273590099914
0.07496083579938059, 0.17477801058029407
0.07068450102134177, 0.1653980528085909
0.07234012014997895, 0.1703569948474799
0.07103622299029767, 0.16377377552385056
0.07175082122652089, 0.1664205066305175
0.07346581651345102, 0.1533951141066099
0.06948170797362943, 0.16476121271909624
0.07138158208527084, 0.15276185045099838
0.07194397862876807, 0.14703454209812566
0.07110059361430704, 0.1483587999438328
0.0727963259700333, 0.14695901943974793
0.07442090129395455, 0.14440733167460612
0.0727839359542096, 0.1430614715599583
0.0770555408453114, 0.1598028894101588
0.07074101254254543, 0.1822933203618748
0.07142531161614589, 0.1728309597161787
0.07197193302813103, 0.17207548169976
0.0731324102229533, 0.16455399139700283
0.07318887212555883, 0.1573302955788169
0.07120352132435323, 0.16301337487821815
0.07165369554336927, 0.15400198953023214
0.07215053181276268, 0.1478194767040872
0.07013018375511142, 0.14587810457393158
0.07222215454450956, 0.14601866600756205
0.06778471135812873, 0.12856203203700695
0.07344993744400545, 0.12669325212257995
0.070916331014317, 0.1282438737395323
0.06935161948912691, 0.1228935456026582
0.07048290322222207, 0.1195912158659628
0.06809306683829273, 0.12382132813169613
0.07067174040426775, 0.12439140822046275
0.07160486782829556, 0.12579121061217333
0.07249406920655457, 0.11747866519244228
0.07196078324606572, 0.12444407676012967
0.07224648322670754, 0.1253445852752456
0.0687941036698034, 0.12884793340708578
0.0743353348912314, 0.12963742240652282
0.07198667450438204, 0.15177785150255366
0.07184941776252933, 0.14493545426096585
0.07130871098970112, 0.1391746151947652
0.07048801882355202, 0.12849987741425498
0.0736161345422403, 0.13826977260930928
0.0733243792449557, 0.13263930471191926
0.0722282635595676, 0.13213442649587565
0.07202880867966684, 0.1257327411843349
0.07490143352455231, 0.12966174848085404
0.07197186822846509, 0.13362987096010545
0.07373856906817239, 0.1382207855809215
0.07144299319220954, 0.133273769676871
0.07511720866680262, 0.13311207750374887
0.07596264221405856, 0.15495716325157005
0.07290469064253552, 0.1407906823768179
0.07260502267603, 0.153433656129291
0.06981552634900945, 0.1467174494461157
0.0769041665463874, 0.14651817999367606
0.06901983722932772, 0.14090578852734897
0.07286865182660071, 0.14594296567633683
0.07192951719780445, 0.14700374000548175
0.06766260719061248, 0.15430338549761694
0.07124963121650138, 0.1465708215318898
0.07104100479718962, 0.14640587611153397
0.06816864578828083, 0.1437704539705773
0.06791666405997651, 0.1516281946077872
0.07259951530995395, 0.14760551712774597
0.0713056502015614, 0.14116385757837185
0.07376897501843749, 0.133397940137571
0.07069623381275536, 0.12500665309512501
0.0728375919044136, 0.13540170773560245
0.07179061669706197, 0.12974193266387432
0.07644841524864185, 0.12034770731503328
0.06966526312232821, 0.11512779699914602
0.06942081948311504, 0.11937183535576072
0.07124051968929955, 0.12395416134667528
0.06963256828942446, 0.11826935536213376
0.0694413642926068, 0.1207141911831687
0.07069627352165055, 0.12805382189510747
0.07035900452942051, 0.12291757494837352
0.07018717803297288, 0.12368538013296068
0.07084831487413276, 0.12652894616324364
0.07028996855770943, 0.1273035117203267
0.07099057380294474, 0.13556055093394084
0.06849976029400749, 0.1383269334942941
0.07136156246491573, 0.12836552710761379
0.07184531984916022, 0.13302528460250818
0.06760870974803308, 0.11590551600786618
0.07264718569589457, 0.12548894608248246
0.06950446405931679, 0.11709130175422955
0.071602750840802, 0.12905606469883385
0.07111159966280953, 0.1260414911746107
0.0726993858687434, 0.12316200583403691
0.0727739362077058, 0.12166409325085284
0.07147177330141102, 0.12584655644125203
0.07366037172753605, 0.12880977371037777
0.06873487026037658, 0.12434976716145991
0.06978649651676036, 0.1264926728950949
0.0704827233834343, 0.13209952077501497
0.0714889910197899, 0.13494438691389857
0.07172418576529274, 0.12454557414423875
0.06745881460638549, 0.1316530196928562
0.0734472527601113, 0.1432546691552521
0.07109287688785668, 0.14962270540776762
0.06846539560114832, 0.14533559536946705
0.06750295210586163, 0.1321919807361828
0.07432728495481468, 0.1343197610775701
0.07230767916936962, 0.13575115441747798
0.07207905762841751, 0.12917670408986526
0.07107785126943734, 0.14241888153683985
0.0739490105766121, 0.1358826078709942
0.06985750967435343, 0.13182894524635463
0.07162127743108194, 0.13367108785868653
0.06797338396978314, 0.13547255874372163
0.07032605186856015, 0.122880734753447
0.07071446527491192, 0.12422888498199972
0.06958578662300655, 0.11876852146268906
0.07170975487157738, 0.1225274747533139
0.06821737931474942, 0.11822866886630476
0.07217658020833086, 0.11300756085788939
0.07485776956504334, 0.11554567222307192
0.07136036728062752, 0.11145170020060662
0.07498220774957882, 0.1148582560898038
0.07487810031532097, 0.12845653658185402
0.0721456652816416, 0.11062968830501059
0.07331279047778842, 0.1102027235201801
0.07214524313489434, 0.11489298602559235
0.06914496981728886, 0.12336446450543022
0.07283859092204777, 0.11934160115084798
0.07269786693446609, 0.12450055504390498
0.06971445105203003, 0.12059196731537733
0.07173206585647399, 0.12889129298547478
0.07503495621303143, 0.12872025337709642
0.06970074801828345, 0.1222041261898549
0.07516311984518423, 0.1245191243230102
0.07018087002639789, 0.1279830902537765
0.07244154519342134, 0.12248608477301706
0.07264041147477189, 0.1263809817998542
0.07343686146776211, 0.13084835913847923
0.07027560053432982, 0.12493435133420087
0.07322358895713606, 0.12216227628521348
0.07354977761509987, 0.12231637677312164
0.07088654469055951, 0.1350831089158792
0.0716540619741855, 0.13174324689790554
0.07026913478191922, 0.14435020264759874
0.0680711244131023, 0.14112180110865463
0.07390365551687508, 0.1400064544188636
0.06935898261007024, 0.13932612178392192
0.06929543271487457, 0.13973127324284662
0.07215165639598242, 0.13573334860514616
0.07132940458506529, 0.13196454366269345
0.07297323516946956, 0.13105032363415975
0.07277771673178188, 0.12416856109738217
0.068053369445112, 0.12425534379407306
0.07407289245705026, 0.11874118923481958
0.07331445215765249, 0.1301806012688012
0.06865442601761047, 0.13103289622131997
0.06891913706306628, 0.14468763472684798
0.07406708875763718, 0.1590978835674278
0.07358287418892807, 0.1437055095868309
0.07089747903951843, 0.15680910474467216
0.07190007235624414, 0.15882091953295013
0.0741863149434564, 0.160531632757049
0.06997507345582987, 0.16042591402321427
0.0712167399217161, 0.15981380736119313
0.07210119026922254, 0.16944354961958427
0.06845816890903743, 0.16341598305510446
0.06851346745305618, 0.15622422182320483
0.07093926522360085, 0.1547343859538253
0.0739685401042992, 0.14293685992448793
0.07217962175168499, 0.15365550163890468
0.07296908560921074, 0.14807667686420684
0.07158740516382456, 0.13190299566307312
0.07254459659798679, 0.13837192812779803
0.07466301969703597, 0.137709381790802
0.07078451939180294, 0.13987334216620237
0.07040855503412342, 0.1341689898898532
0.07274470383175188, 0.12788347369454817
0.07299565759837348, 0.13039003727367465
0.07016557483886461, 0.13915835678744684
0.07164929878678898, 0.13965494929671976
0.0737320578615791, 0.1524556990003214
0.06861553474589083, 0.1406196826158923
0.07137069027659323, 0.14874569517222416
0.07241215530284129, 0.1434575269864857
0.07436017351276693, 0.14372534051340807
0.06853876824891365, 0.14682076489426715
0.06984474017111746, 0.15210101015284813
0.07111343647795146, 0.16711598482126866
0.07165217900512803, 0.1574620474244597
0.0759183767905123, 0.15519204967357483
0.07317375819861335, 0.1592307299828703
0.07510258456251226, 0.16710985773530768
0.07091519943697314, 0.16147820666521998
0.07262084139936957, 0.1582778470480831
0.07136804896735602, 0.1582164810691791
0.06926078614637454, 0.16910131975508463
0.06888718423303328, 0.17306497865798506
0.07332507614654618, 0.16277109762821385
0.07177181567382956, 0.1672676476926424
0.07005829158053353, 0.17150926252110593
0.06947576612803372, 0.16811428474762624
0.0709644104643482, 0.1628342498649983
0.07044499392448131, 0.16532888854410038
0.07205458784862853, 0.1589808106458559
0.07149950466513705, 0.1514799350335721
0.07088123722066048, 0.14848307896279636
0.06723103749876698, 0.15564967457726325
0.07359774760400137, 0.1635742019555896
0.07144604645145156, 0.16076154602760243
0.07211900368511151, 0.15432345576852854
0.06849802491136334, 0.16727999155050313
0.07375895169716551, 0.16692876344994917
0.07332072130053087, 0.16560976867970495
0.07163874550455643, 0.16673495953157608
0.07040639867364681, 0.17246814897510052
0.06956881414074537, 0.1733498646802622
0.07114757590450889, 0.17607539448560622
0.06913041352955611, 0.1633555319600676
0.06758468596699091, 0.15737717319575253
0.07135177415890406, 0.15249614477208223
0.06765261861675095, 0.1553603452760499
0.07039234790677505, 0.1619123816086751
0.06910675577104435, 0.15684135698610868
0.07072051174528197, 0.16883060170274264
0.07203774654566335, 0.17985963276099012
0.06913688809273107, 0.17769668217495388
0.07272713030021087, 0.17383917813270006
0.07337362449820369, 0.17109733879874217
0.07050408566983721, 0.17261602076603627
0.07095159263406423, 0.17417077871672187
0.06842896532050921, 0.17086409246357598
0.06930090525227676, 0.17145792804727386
0.06682756941687226, 0.16695263382630152
0.07241701076859988, 0.16127969656073854
0.0703946260202977, 0.18263437156374507
0.06772243821887995, 0.16622249944089712
0.07027503082254398, 0.16459202156730054
0.07426406668067961, 0.16182515057892172
0.06839357365869558, 0.16513221699380137
0.07048312633084017, 0.16624692934123797
0.07119731981023236, 0.16058836430879556
0.07211316178833402, 0.17013524995354695
0.07470294917358178, 0.16652886247596566
0.07351098394536776, 0.16674611416220855
0.0711164242096437, 0.1734630528923819
0.07417306283734912, 0.15723159389112257
0.07223075961768696, 0.1642263433068471
0.06956748329716732, 0.16519450405154287
0.07016450918647718, 0.16286701061316966
0.07402056218812351, 0.179913652344492
0.0720313675929184, 0.17810776550921248
0.07094860144253194, 0.17776252856644154
0.07026302751857402, 0.1785001614940679
0.06873423607425669, 0.19251896518561368
0.07307478594112424, 0.19819558373803237
0.07233488606850844, 0.19092776399585093
0.07139694602482478, 0.19889900902758786
0.0722962406669865, 0.21299031581503874
0.06733874905862618, 0.19702237804674128
0.07139525390337939, 0.20472968607671466
0.06952032505071962, 0.18883605379836504
0.0714045573687226, 0.20323463750700083
0.06860813070203771, 0.19528087050210305
0.06785569319670934, 0.20030102404165784
0.070528721654168, 0.22111383712336016
0.0727466784429954, 0.2252289933426966
0.06719089509852337, 0.2416359811348634
0.07034764026074312, 0.23361894912134878
0.06990267598262298, 0.2271609664330767
0.06919014433696266, 0.20513764460041123
0.07218133830867243, 0.18976528337137458
0.06999734893025973, 0.20100064650789898
0.06993394320178939, 0.20364181008838553
0.06889265933366241, 0.19916902336529968
0.0718740399630596, 0.19717557501714356
0.06757666210685574, 0.1872096181904836
0.07039653547171189, 0.1859702419176082
0.07123926545772305, 0.17590971159601276
0.07088631771006734, 0.18213562196791916
0.07420362554449907, 0.17683064964056686
0.07173388192210613, 0.17457476841799574
0.07144101130812244, 0.16824073389774974
0.06862916967971597, 0.17179527565188948
0.07209094866938809, 0.17026965669305555
0.07227363544905163, 0.17278816910140032
0.07221497806864229, 0.17908090292403098
0.0723244908741149, 0.1693172545921267
0.06708012132052762, 0.17406321707902708
0.07183186070250518, 0.17508705336621064
0.07381555738533806, 0.1779697848561935
0.06805670158417995, 0.1749999478660112
0.06887023103982741, 0.16849175277045153
0.07159374983986637, 0.17355475002395995
0.07131051057905606, 0.16743023573229032
0.07217926965184576, 0.1720990519754872
0.07026043309389499, 0.1737227643445146
0.06986531021943984, 0.18379500268739277
0.07007345398611572, 0.18466771715488411
0.07006030871601604, 0.1845660187530437
0.07114452849186952, 0.1901120460281885
0.06871893809335068, 0.20040888682689748
0.07000299247074485, 0.21010222146468305
0.06801408017863872, 0.19512899515951557
0.06904175265255855, 0.21087385885982898
0.07154473035222472, 0.2012752796756332
0.06773805674057382, 0.19388041630841785
0.0730799998539617, 0.19882389458962638
0.07139313901944253, 0.19017093739527285
0.06996539782630831, 0.19870828067740587
0.07039188774611352, 0.18855865300540714
0.07141426702251781, 0.181412070746833
0.07105555110350968, 0.17973567954386035
0.07170399378727521, 0.17965464648215076
0.07214600031275786, 0.17983571904209708
0.07227718733443014, 0.1846303278953779
0.07089877000604644, 0.16652263555107952
0.07109681558916045, 0.18725306839334538
0.07173589860751911, 0.18124086197905365
0.07061579808468398, 0.1806333326253758
0.06911481338057153, 0.19009740645795278
0.06673325339593524, 0.18151562770242635
0.06891472010181494, 0.1853021651478543
0.06526733576397888, 0.17830926752337298
0.06723234242524648, 0.18363153564967177
0.06877799139986843, 0.17865391429596075
0.07194297570598138, 0.18099896699800472
0.07156462189780124, 0.18984017667170824
0.06782759484013999, 0.19662656364893596
0.07175660999683507, 0.1916492003396524
0.0693085304397921, 0.18621531282689033
0.07197523806647477, 0.19589050518824627
0.07042156950545433, 0.1952214712095186
0.06989069940004791, 0.201872008615651
0.07408227938721701, 0.2071742333691466
0.07081806454461684, 0.20065179430670196
0.07022076341127309, 0.19803611960647124
0.06970029021715293, 0.19497290981881057
0.07042885297737905, 0.1818299588259557
0.06681639340190808, 0.19028658696668516
0.06798659433959928, 0.17856029301424442
0.07175334047871203, 0.18064569598346442
0.07125124946350174, 0.17544754031202925
0.07343007260577625, 0.17544673040898387
0.07063062096411168, 0.16633677536214667
0.07227934247934521, 0.17307800623825398
0.06682763424471097, 0.169262758746663
0.06971950905013367, 0.1807470683388383
0.07210071498123652, 0.16902599275687338
0.07198019223021722, 0.17736690714029252
0.07021018917057828, 0.16568309342995458
0.06919243020075697, 0.17482305127144007
0.06999547442604281, 0.17705606753135109
0.06758170081653977, 0.17662417337457997
0.07092244893749229, 0.19165875051366393
0.06940753330737076, 0.1952789531687324
0.06894355472334884, 0.19788831429496118
0.06836131537383447, 0.19379001903345003
0.07080874595632679, 0.18158200337446598
0.06803145701445623, 0.17825195963654486
0.07244536686077618, 0.17483633646899954
0.07008350414827255, 0.17690608459729387
0.06971489171371936, 0.17307650839363967
0.07116284460952703, 0.17566976121885017
0.07148418042752562, 0.18525636221049394
0.07081082349980775, 0.17338881621724858
0.06979235343664879, 0.17308011349339014
0.07157104277190923, 0.18065123106151698
0.07086686040513818, 0.18563141575979308
0.06959898562958279, 0.19716000323690672
0.07053132231365215, 0.20277037585349253
0.06877282906740748, 0.19746177167740853
0.06834289401237022, 0.19275372062844662
0.07470131841579482, 0.19074208898082262
0.0699522755589134, 0.19056402981144704
0.07303429454625193, 0.1988946871498139
0.06908971101157602, 0.1830775276468208
0.07175864164372885, 0.18478457129619535
0.07180997462290192, 0.18007143158793143
0.06790354560881887, 0.173966486812467
0.07435617333580168, 0.19417264240458715
0.07025095300764671, 0.20004541127566058
0.07384398557294022, 0.18344607441670827
0.07205077583279842, 0.17953097306470905
0.0724293001673164, 0.18180353966851198
0.07314224144150279, 0.17142733664643334
0.07212056277073034, 0.16487245299403175
0.07200384179514377, 0.16775944194289902
0.07282204945252102, 0.18038835809142545
0.0709700964144185, 0.18313788229321845
0.06950536070352384, 0.16859827289691803
0.07192312369572496, 0.1659263323373803
0.07202790643559949, 0.17027095007938559
0.06827798880910604, 0.17690833090969416
0.07382653938314857, 0.16717511367827406
0.07381556770238862, 0.18086542808116873
0.06926589206501729, 0.17830513818706867
0.06932231747276157, 0.17554415527863337
0.071992406899623, 0.17711932027218244
0.07385887716659956, 0.188543291607251
0.06960258945419065, 0.17665132856793167
0.06870724065963171, 0.18346201808411627
0.07014014838063354, 0.1843131963892816
0.06980176503461664, 0.1783623745879898
0.06848192207863121, 0.18657914922778432
0.06744307007532055, 0.19710521261831257
0.06939326415380545, 0.19154349407302554
0.07119149918617554, 0.19820800824284907
0.07200176634078588, 0.1887261906878453
0.06784278201063951, 0.19775559411094296
0.06934555284694222, 0.18911402536348898
0.07241932612824072, 0.1868652474753138
0.07165466549665263, 0.18091049996773328
0.06770897806416978, 0.17097124865517316
0.06864049817225845, 0.17207782879035136
0.07101525707760314, 0.169705282536794
0.06711668960327381, 0.16313669586926544
0.07257452904627977, 0.1827559858618638
0.0724641784775045, 0.17459524421428294
0.07145154092693666, 0.17286798828936775
0.06754692215546546, 0.17124972493788732
0.0698232464014126, 0.16981775355589118
0.07088777048186275, 0.16745147957089832
0.07188361730918699, 0.16688675710054826
0.06918710833738372, 0.1828488376240171
0.07063819766493361, 0.17456931024239236
0.071021691396085, 0.17021655103327024
0.071112376985671, 0.17422268682369568
0.06955464491619047, 0.1691367199918056
0.06957590920576344, 0.164926045814023
0.07097694268098007, 0.1771149594770696
0.06857536029799585, 0.16853236218220824
0.06992114053590723, 0.1648310518071393
0.07109378130774757, 0.17334145679526008
0.07103047073695129, 0.1687004201553495
0.07338385005566697, 0.16158273657108913
0.07061845145004861, 0.16491488362534018
0.0735655503402835, 0.14733229530746278
0.06988305166509438, 0.1581743386200572
0.06724874556302173, 0.16353108574584546
0.07257870782683025, 0.1645816910068588
0.07312301506715842, 0.17097402342042534
0.07178474451854847, 0.17176467524600997
0.07273400899099862, 0.1753879468656365
0.07300929717432796, 0.16009351307976646
0.07253639148852828, 0.16590717458310036
0.06953582769820027, 0.16073383640809125
0.07278141634830493, 0.16447072944398802
0.07219677236421185, 0.1609362216922658
0.06921921254238042, 0.16552248071738385
0.07249093745275267, 0.1685385786500751
0.07314983138152596, 0.16660753292416045
0.07370204437021088, 0.16503939159069786
0.07320033708122135, 0.1537648279196613
0.0734455849442222, 0.15780389936472558
0.07041722150518182, 0.16585554869028435
0.07308859881908371, 0.15504277543651832
0.07162570128415144, 0.17407211844813278
0.07237468145737265, 0.16476906411009562
0.06992917869831282, 0.17502150032211264
0.06806932937121785, 0.16949975076481025
0.07032995600629033, 0.186245962679637
0.07321298397894851, 0.17783328300152632
0.06958596870845245, 0.1733916137113087
0.07165505817953961, 0.17582730855588297
0.07518134106465632, 0.18201933828773104
0.0716581163367723, 0.18068592020812912
0.07344336787081895, 0.1859623530677586
0.0701035729709677, 0.18088210607189287
0.07013409297098432, 0.17838007183541021
0.06973904187260319, 0.17114921522334375
0.0712200393742571, 0.17272998743968274
0.07013307341045295, 0.17363683384373757
0.0693784221614923, 0.17584094540450584
0.0711655406107968, 0.16282328694745726
0.0718045548229899, 0.17218369891201607
0.07025207201633907, 0.159429745014195
0.07028950423969274, 0.1733479994451353
0.07069970390978195, 0.17568058027725292
0.06839424189425156, 0.17563689496862073
0.07348296627967119, 0.17505832396947285
0.06998785670676573, 0.17657500732962608
0.06759817733889538, 0.17517595281167211
0.07496685192713773, 0.17154943597341907
0.07154969461483165, 0.16851275272018332
0.070882808897811, 0.15876467623509888
0.07085462279393966, 0.15837243128196557
0.0707737963781702, 0.1722388445805269
0.07223206545774465, 0.1734292175172293
0.07242110485195563, 0.1691317310019173
0.07212440068459665, 0.16447755670775646
0.07378540296838096, 0.16539349082312543
0.07041228877900209, 0.16135893881153396
0.06953921791754084, 0.156797959806215
0.07167734866946428, 0.15422332579724785
0.07236399570057801, 0.15775860860949972
0.07183714131067734, 0.16190640879093846
0.06814858446465172, 0.15599099730357172
0.06987755314993012, 0.1577924886082545
0.06887354742098903, 0.1526370173462957
0.07137641635842841, 0.16911103632616392
0.0704533054124711, 0.15853794532877538
0.07211775888973711, 0.1611170715517745
0.07283453128211878, 0.16715690396943012
0.06871421023665159, 0.16666041206443688
0.07030386926876082, 0.16854564470261862
0.06992335794798202, 0.16556898005231196
0.07021839048409506, 0.17310770467542255
0.06843512532552624, 0.17075470003119775
0.06840476560701858, 0.16980956898006544
0.06945862783500628, 0.17332686599871278
0.0692257200607612, 0.1648549403866924
0.07109180765151038, 0.17940574114865412
0.06656842262532844, 0.1735334708267346
0.0703597354259829, 0.16330095993842847
0.0678566148482745, 0.17271788923131767
0.06717081234376181, 0.1617179153046539
0.06647719067155185, 0.16059825416115578
0.06709674418833947, 0.16020674359249143
0.06849238919328712, 0.1653428773263857
0.06873708394535141, 0.1758307201086025
0.07149155281637229, 0.17873009617831206
0.07299748077410849, 0.1798204243618351
0.06940302099601295, 0.17528305827069476
0.07073030829730839, 0.17519575732963172
0.06844048410337418, 0.16668878039233595
0.06959476427577982, 0.1698192006754616
0.07004216994839389, 0.17249740960058826
0.06988456297294865, 0.15889646340067856
0.07138868727761669, 0.17175008495894822
0.070496353276586, 0.17004808126072865
0.06871803846505566, 0.17019100641119883
0.0704640013910777, 0.17374332477105467
0.07124580763477353, 0.17000166497527083
0.07223004981806751, 0.16759505828025756
0.06678467126274798, 0.1630860108027337
0.07216766289456318, 0.16323301600932102
0.07434481451149363, 0.16344692870872773
0.06821324663666009, 0.16266966010327638
0.0697322555416098, 0.16785492836040866
0.06872429258789435, 0.16127300270031517
0.07140864460314157, 0.16338315812489024
0.07288256467199439, 0.16053229092665766
0.07375441747949225, 0.16371906099196795
0.06975254818962884, 0.15163139235367984
0.06993297763436077, 0.16299677506502525
0.06960324956125599, 0.16560648000783135
0.06876812707286911, 0.15596852997477056
0.07376379103765471, 0.1561950445503734
0.07466325519942811, 0.15207061919260528
0.07092245118543397, 0.15265592755156857
0.07288866003517266, 0.15462755801754416
0.06940446421136905, 0.1498519265493485
0.06923245102764206, 0.14445228853706998
0.07286826633984769, 0.14275132985749772
0.0746432393172115, 0.14540943190770728
0.07341684095308992, 0.14707986718880922
0.07129731511318335, 0.15153108772999171
0.07010696517570035, 0.16052336459678135
0.06967337616770643, 0.15308391323409437
0.07013480198527629, 0.16079687930251213
0.07061338722356583, 0.14921292640755754
0.0721104605605898, 0.1563986074760239
0.0720588267932414, 0.15456571419334147
0.06713719617769752, 0.14954578549776146
0.0717825338324042, 0.15470853503205242
0.07355408287353643, 0.16168378197728758
0.06884173184746423, 0.15976354307340143
0.0701355718420727, 0.15449915169642253
0.06912196085873294, 0.14992857225515444
0.06899726718245973, 0.14817371429401252
0.0692648393891333, 0.1558491997446056
0.07120985135929234, 0.16157291225624454
0.07140430249090277, 0.16499078347134383
0.07214123807117746, 0.16178209204341826
0.070268845934528, 0.16355305448136176
0.06922324062397481, 0.16162917269024293
0.07199632863842499, 0.156592523050094
0.07020151581357668, 0.15876737981455036
0.07418897827888099, 0.15351104475908775
0.07313505802463258, 0.14714736584527927
0.07068555726634464, 0.15068518808163323
0.07212217439890736, 0.15314714916415295
0.06858269546522189, 0.1602360093827335
0.07182732894167303, 0.1432946667102602
0.07144542243023064, 0.138466179140527
0.06910667759985484, 0.1433660994435141
0.07387438326399563, 0.15220861950203216
0.07114428727839557, 0.12950313310688105
0.07250276209608515, 0.12898846696798705
0.07346743636517632, 0.1298464401525453
0.07113685790276444, 0.17278577431908934
0.07155277756557413, 0.17144410871091062
0.07290475742264367, 0.1689615782303246
0.07234761864721873, 0.17281576437063348
0.0719321317524233, 0.1614858009020877
0.07001092252139725, 0.15359866403535588
0.07374057754294391, 0.16477350900856108
0.07387748026310835, 0.17188947201671448
0.07247540315259421, 0.16642145681784745
0.06768375387746099, 0.16410513988781478
0.07107415895018263, 0.17167558234046745
0.0726563054403263, 0.16593266380254723
0.07219518812300982, 0.16066396124627214
0.07289623053588305, 0.16346862342294793
0.07130021327768746, 0.16067318604452174
0.06983066459112248, 0.1585964838005028
0.06922882803375263, 0.16029741376977183
0.07024842958292761, 0.15006820391172
0.07348512634281393, 0.15516401658654833
0.0705372958179608, 0.14912019290301196
0.07047690477386118, 0.14852134103416798
0.0708218330129293, 0.1423090811156376
0.07200316414541164, 0.1467756627741137
0.06790832476986308, 0.14541161246695325
0.0740236017806057, 0.1461257112256761
0.0731578754913926, 0.15682778025023567
0.07390736343674087, 0.14965970463899897
0.07139903177761082, 0.1504801585040304
0.07685423207643058, 0.14084984306647846
0.07582159839076254, 0.14333131473506425
0.07219853833076664, 0.13719854051225236
0.07272507960275856, 0.14320078616181253
0.0730124699101948, 0.13918675988091275
0.07255642458209621, 0.13486579286550335
0.07636889663600895, 0.14039217666233933
0.07319645475240641, 0.13219617727179098
0.07522289419406716, 0.1531349182658855
0.07409125753455333, 0.1550135365135919
0.07422606092067162, 0.1571292358002907
0.07578458698147517, 0.15077157778735317
0.07216371798016821, 0.16148179820090194
0.07113409788866257, 0.15681134658856583
0.07102410720527666, 0.16102678594165099
0.07184012334282626, 0.16059790707755592
0.07412173096636714, 0.15797774409724336
0.07048620191590745, 0.16496369417958795
0.07337274130662011, 0.16152286281943584
0.07366017683013476, 0.15478417927519758
0.06961745853161586, 0.15328903195584553
0.0705570508758266, 0.152074126868894
0.07288355424142855, 0.14315354111460493
0.07045228133462672, 0.1476039654796394
0.0699769418919026, 0.14751611093963873
0.07131255705558821, 0.15419195039961484
0.07201324599452485, 0.14851277099339183
0.07414796991644754, 0.15088872354357122
0.0729932690152782, 0.15037443074494497
0.07271787852013538, 0.1440795574312227
0.06919862468072985, 0.14717878506014181
0.07224067923555988, 0.1403889068732234
0.07105933762557796, 0.14653734694106904
0.06906871455877381, 0.14855372056987823
0.06740647149364018, 0.15080811243039555
0.07154828658802045, 0.14846830759732602
0.06961416002142384, 0.14210918217773888
0.07306886686354017, 0.13530031299209416
0.07051963629607333, 0.13855182407480787
0.07328610938291791, 0.14028904249402988
0.07122098959981743, 0.13485466875030244
0.07383330197738233, 0.12831275928055447
0.07213482761762234, 0.15770939261055067
0.06901525025820086, 0.1619883150071763
0.07529732872617295, 0.1535845840160044
0.0735030118179136, 0.1482707000282481
0.06794991884179896, 0.1560958200383677
0.07130976619581908, 0.148027269553755
0.06972047558682355, 0.15500990213655896
0.07678119881471676, 0.1558631729601018
0.06706706197727393, 0.16077610573646203
0.07015705470227082, 0.16304587362022807
0.07257535545504087, 0.15882976881184233
0.0716118086828902, 0.1719801284900215
0.06558455015839104, 0.1550704025977671
0.0716746562054577, 0.15949559571022115
0.07183215534309503, 0.16003688859999596
0.07206381465365638, 0.1441699252481417
0.07017709622664559, 0.1576279406411426
0.07032496438654576, 0.14857916163358068
0.07004473745950944, 0.1430485604778032
0.072378109534728, 0.1473156568800625
0.07279327201489519, 0.1390477908580076
0.07147264903217125, 0.14229425195659517
0.07217075962296862, 0.14242603456311337
0.07196033103901614, 0.1412790717895465
0.06784776156309748, 0.1420273190249377
0.07146203973088776, 0.13365335255735836
0.0709389806547269, 0.13619463023816292
0.07363467697286924, 0.1320267220293553
0.06997591692080306, 0.14320203143364982
0.06949208046515015, 0.1389827309726721
0.07346952601079929, 0.14000559802587725
0.06931959063678068, 0.140435924355208
0.0689670051903116, 0.1357307806815519
0.0702966306553281, 0.13715940647159527
0.07411104573132603, 0.1426975609349003
0.0711704438563778, 0.13398770919314545
0.07082122478083273, 0.13866799128311175
0.07371110497195577, 0.13445784308037836
0.0700398092372764, 0.13077580319448262
0.07412199973692161, 0.1429294077132931
0.07259390168677754, 0.14340852753975727
0.07075208434838616, 0.14440358651035012
0.07021327989254841, 0.13570625158673028
0.07347847867217679, 0.15361143902984167
0.0760255931099188, 0.14518093748957145
0.07416585210759553, 0.1580223801391553
0.07359904398576893, 0.15647291948235148
0.07109693324639789, 0.1571815286155051
0.07216668737008274, 0.17091704586599402
0.07040746355007617, 0.16452114485705144
0.0731494592066712, 0.16099702049435086
0.07557327627969315, 0.16372337288774164
0.07039291704782094, 0.16045908391574928
0.0745479591955162, 0.15606149052535206
0.06753994525174853, 0.15046652569681965
0.07180754979970408, 0.14034450192156173
0.06956353486874793, 0.14258266152743182
0.07187134058192098, 0.15691755635317964
0.06979932934376094, 0.14204744090813953
0.0673991107151241, 0.1532495489782655
0.07019350674081985, 0.1491900748293154
0.06956280383730659, 0.15318331403482213
0.0734948008877786, 0.14848642052091338
0.0719570593610445, 0.15018412633486994
0.07227242821642006, 0.16920281155685407
0.06903410056104305, 0.1494446453915103
0.07385812695597638, 0.15297873628848438
0.07144628814171447, 0.158535854625854
0.07293650101947848, 0.15729242727361
0.06942623654646543, 0.1553417766990993
0.07641839502712612, 0.14605910978864384
0.07106066125851493, 0.14292622983922632
0.07030736562882758, 0.15243150378779785
0.07241554164058599, 0.15108239584220773
0.07113912161651013, 0.14304529803227553
0.07187839930752374, 0.14868620988741538
0.06985515901688993, 0.15317206120637078
0.07530229956536874, 0.14711393719240987
0.06981093927442507, 0.15686067132846607
0.07177564781981624, 0.16863558438120946
0.07143976235871188, 0.15881926394742163
0.06991233004220336, 0.16163819694997408
0.07089451615016099, 0.16916605417352046
0.07050602569730673, 0.1677820501325214
0.0752537397675673, 0.1723836139848047
0.07453895038118463, 0.1727536437978741
0.07098408768656923, 0.1612900756671102
0.07153103128161276, 0.18431116877056786
0.07270805390618904, 0.17527312902283482
0.0742730774752505, 0.17986615319779736
0.07148049046008378, 0.17263934489359364
0.06876093844618274, 0.18441699688011812
0.07147490347983129, 0.1814428603880857
0.07351147728619145, 0.1789678598091767
0.0710439913319614, 0.17071941296789567
0.07580013021035867, 0.17193344713131056
0.0714999694958001, 0.16639507972515286
0.07363610676798696, 0.1638190780181557
0.0677780544638318, 0.15266229075184773
0.0708013714362424, 0.1589678740679729
0.06929717779642786, 0.17700234016978472
0.07412984726139026, 0.170285820718469
0.0695055652913325, 0.17516366753012205
0.07382897214438347, 0.17124115531437212
0.07445519648590157, 0.1782075133840616
0.07484919502246687, 0.18054937195521154
0.07053453785759456, 0.18515457823647596
0.07395093869724374, 0.1869689257434625
0.06903656617805749, 0.1886501731463067
0.07172719257140217, 0.18746330745598344
0.06789762396319653, 0.18486400584515714
0.07155081661093272, 0.18367639559706972
0.07454567142968263, 0.19010971136988805
0.06900414172670316, 0.19327635515035363
0.07489949473438692, 0.18373849074072376
0.06971140051390255, 0.1795535109641203
0.0721994662353839, 0.17475101613781333
0.07136003559640827, 0.17531328293568044
0.06891856832920298, 0.16095251894867285
0.0709742142660401, 0.16464365217832244
0.07198469096717056, 0.16464718261668704
0.0704844598378256, 0.1706793727985222
0.07223623546803201, 0.17622567061740452
0.07186858797241473, 0.16806405951254896
0.07009027609355212, 0.16584002914509272
0.07034402019933314, 0.1669844239729615
0.06955021700275851, 0.15932738408545857
0.07005087909018477, 0.1697605983037099
0.07126690860424251, 0.16251516263052512
0.07215250549485756, 0.1688936669365917
0.06832355850766843, 0.1631948945135178
0.07123514591113372, 0.17006443414916586
0.07238764212500219, 0.16640963519324203
0.06980234630690457, 0.16196108413195706
0.07300887462924298, 0.1686118607906685
0.07158804216538653, 0.16950789962868243
0.06901920438978401, 0.17354189449249374
0.06798079802455373, 0.1807447040469367
0.07129926243296347, 0.1793720999321398
0.07336129945557678, 0.16552734371986677
0.07040342996006806, 0.17771854181957386
0.07255907170362115, 0.18852566376113641
0.07019301211557374, 0.18737302761156022
0.07074574600861074, 0.18920586818032673
0.07265979398665912, 0.1932338857382449
0.07304846348711988, 0.18178254887039985
0.07070665022877005, 0.1852623428353403
0.07209877067180417, 0.18558521603139772
0.07085406204064353, 0.18455168870924413
0.0710633232549978, 0.16976815780499138
0.07263029446967344, 0.17495763902804135
0.07302310889011497, 0.17442554036848124
0.07069021793777891, 0.17568586359846675
0.07248579195155089, 0.17355861402819922
0.07068470442235471, 0.18586906946891696
0.06981996032174986, 0.18627104817189752
0.06881731155240438, 0.1826041521443839
0.07195199013512556, 0.1840244420693107
0.07319289018879109, 0.18368025310337607
0.07265291086767962, 0.18002996683146544
0.07246917418858445, 0.16717553648850034
0.07496810124941752, 0.17740689619518354
0.07202389912190246, 0.17955285065258259
0.07097471120657069, 0.1790617007005503
0.07317554188930506, 0.17662080531186602
0.07306647332782806, 0.17231929244051372
0.07149006952588297, 0.17636035744375797
0.07321280784528549, 0.17138905030643461
0.07068307792381363, 0.17488012042586537
0.06900618707832692, 0.18106618957393925
0.07180490868672618, 0.18905205710072567
0.06986872392956507, 0.19072561252694814
0.07264118495300095, 0.19798793422139804
0.0706884022908297, 0.19901889546521112
0.07017473390922208, 0.1931519552846365
0.0707569589979225, 0.19319627209469073
0.07047289374787354, 0.20739333504422533
0.06886912129493938, 0.21212237763070335
0.0694323361090288, 0.19674873941204277
0.07114941560056096, 0.20539841246780663
0.07601747635508302, 0.19597244634519212
0.07183216637830632, 0.18598707264636216
0.07193464597037663, 0.19495119830515423
0.07149723610882111, 0.18376488118411582
0.0, 0.0
0.0, 0.0
0.0, 0.0
0.0, 0.0
0.0, 0.0
0.0, 0.0
0.0, 0.0
0.0, 0.0
0.0, 0.0
0.0, 0.0
0.0, 0.0
0.0, 0.0
0.0, 0.0
0.0, 0.0
0.0, 0.0
0.0, 0.0
0.0, 0.0
0.0, 0.0
0.0, 0.0
0.0, 0.0
0.0, 0.0
0.0, 0.0
0.0, 0.0
0.0, 0.0
0.0, 0.0
0.0, 0.0
0.0, 0.0
0.0, 0.0
0.0, 0.0
0.0, 0.0
0.0, 0.0
0.0, 0.0
0.0, 0.0
0.0, 0.0
0.0, 0.0
0.0, 0.0
0.0, 0.0
0.0, 0.0
0.0, 0.0
0.0, 0.0
0.0, 0.0
0.0, 0.0
0.0, 0.0
0.0, 0.0
0.0, 0.0
0.0, 0.0
0.0, 0.0
0.0, 0.0
0.0, 0.0
0.0, 0.0
0.0, 0.0
0.0, 0.0
0.0, 0.0
0.0, 0.0
0.0, 0.0
0.0, 0.0
0.0, 0.0
0.0, 0.0
0.0, 0.0
0.0, 0.0
0.0, 0.0
0.0, 0.0
0.0, 0.0
0.0, 0.0
0.0, 0.0
0.0, 0.0
0.0, 0.0
0.0, 0.0
0.0, 0.0
0.0, 0.0
0.0, 0.0
0.0, 0.0
0.0, 0.0
0.0, 0.0
0.0, 0.0
0.0, 0.0
0.0, 0.0
0.0, 0.0
0.0, 0.0
0.0, 0.0
0.0, 0.0
0.0, 0.0
0.0, 0.0
0.0, 0.0
0.0, 0.0
0.0, 0.0
0.0, 0.0
0.0, 0.0
0.0, 0.0
0.0, 0.0
0.0, 0.0
0.0, 0.0
0.0, 0.0
0.0, 0.0
0.0, 0.0
0.0, 0.0
0.0, 0.0
0.0, 0.0
0.0, 0.0
0.0, 0.0
0.0, 0.0
0.0, 0.0
0.0, 0.0
0.0, 0.0
0.0, 0.0
0.0, 0.0
0.0, 0.0
0.0, 0.0
0.0, 0.0
0.0, 0.0
0.0, 0.0
0.0, 0.0
0.0, 0.0
0.0, 0.0
0.0, 0.0
0.0, 0.0
0.0, 0.0
0.0, 0.0
0.0, 0.0
0.0, 0.0
0.0, 0.0
0.0, 0.0
0.0, 0.0
0.0, 0.0
0.0, 0.0
0.0, 0.0
0.0, 0.0
0.0, 0.0
0.0, 0.0
0.0, 0.0
0.0, 0.0
0.0, 0.0
0.0, 0.0
0.0, 0.0
0.0, 0.0
0.0, 0.0
0.0, 0.0
0.0, 0.0
0.0, 0.0
0.0, 0.0
0.0, 0.0
0.0, 0.0
0.0, 0.0
0.0, 0.0
0.0, 0.0
0.0, 0.0
0.0, 0.0
0.0, 0.0
0.0, 0.0
0.0, 0.0
0.0, 0.0
0.0, 0.0
0.0, 0.0
0.0, 0.0
0.0, 0.0
0.0, 0.0
0.0, 0.0
0.0, 0.0
0.0, 0.0
0.0, 0.0
0.0, 0.0
0.0, 0.0
0.0, 0.0
0.0, 0.0
0.0, 0.0
0.0, 0.0
0.0, 0.0
0.0, 0.0
0.0, 0.0
0.0, 0.0
0.0, 0.0
0.0, 0.0
0.0, 0.0
0.0, 0.0
0.0, 0.0
0.0, 0.0
0.0, 0.0
0.0, 0.0
0.0, 0.0
0.0, 0.0
0.0, 0.0
0.0, 0.0
0.0, 0.0
0.0, 0.0
0.0, 0.0
0.0, 0.0
0.0, 0.0
0.0, 0.0
0.0, 0.0
0.0, 0.0
0.0, 0.0
0.0, 0.0
0.0, 0.0
0.0, 0.0
0.0, 0.0
0.0, 0.0
0.0, 0.0
0.0, 0.0
0.0, 0.0
0.0, 0.0
0.0, 0.0
0.0, 0.0
0.0, 0.0
0.0, 0.0
0.0, 0.0
0.0, 0.0
0.0, 0.0
0.0, 0.0
0.0, 0.0
0.0, 0.0
0.0, 0.0
0.0, 0.0
0.0, 0.0
0.0, 0.0
0.0, 0.0
0.0, 0.0
0.0, 0.0
0.0, 0.0
0.0, 0.0
0.0, 0.0
0.0, 0.0
0.0, 0.0
0.0, 0.0
0.0, 0.0
0.0, 0.0
0.0, 0.0
0.0, 0.0
0.0, 0.0
0.0, 0.0
0.0, 0.0
0.0, 0.0
0.0, 0.0
0.0, 0.0
0.0, 0.0
0.0, 0.0
0.0, 0.0
0.0, 0.0
0.0, 0.0
0.0, 0.0
0.0, 0.0
0.0, 0.0
0.0, 0.0
0.0, 0.0
0.0, 0.0
0.0, 0.0
0.0, 0.0
0.0, 0.0
0.0, 0.0
0.0, 0.0
0.0, 0.0
0.0, 0.0
0.0, 0.0
0.0, 0.0
0.0, 0.0
0.0, 0.0
0.0, 0.0
0.0, 0.0
0.0, 0.0
0.0, 0.0
0.0, 0.0
0.0, 0.0
0.0, 0.0
0.0, 0.0
0.0, 0.0
0.0, 0.0
0.0, 0.0
0.0, 0.0
0.0, 0.0
0.0, 0.0
0.0, 0.0
0.0, 0.0
0.0, 0.0
0.0, 0.0
0.0, 0.0
0.0, 0.0
0.0, 0.0
0.0, 0.0
0.0, 0.0
0.0, 0.0
0.0, 0.0
0.0, 0.0
0.0, 0.0
0.0, 0.0
0.0, 0.0
0.0, 0.0
0.0, 0.0
0.0, 0.0
0.0, 0.0
0.0, 0.0
0.0, 0.0
0.0, 0.0
0.0, 0.0
0.0, 0.0
0.0, 0.0
0.0, 0.0
0.0, 0.0
0.0, 0.0
0.0, 0.0
0.0, 0.0
0.0, 0.0
0.0, 0.0
0.0, 0.0
0.0, 0.0
0.0, 0.0
0.0, 0.0
0.0, 0.0
0.0, 0.0
0.0, 0.0
0.0, 0.0
0.0, 0.0
0.0, 0.0
0.0, 0.0
0.0, 0.0
0.0, 0.0
0.0, 0.0
0.0, 0.0
0.0, 0.0
0.0, 0.0
0.0, 0.0
0.0, 0.0
0.0, 0.0
0.0, 0.0
0.0, 0.0
0.0, 0.0
0.0, 0.0
0.0, 0.0
0.0, 0.0
0.0, 0.0
0.0, 0.0
0.0, 0.0
0.0, 0.0
0.0, 0.0
0.0, 0.0
0.0, 0.0
0.0, 0.0
0.0, 0.0
0.0, 0.0
0.0, 0.0
0.0, 0.0
0.0, 0.0
0.0, 0.0
0.0, 0.0
0.0, 0.0
0.0, 0.0
0.0, 0.0
0.0, 0.0
0.0, 0.0
0.0, 0.0
0.0, 0.0
0.0, 0.0
0.0, 0.0
0.0, 0.0
0.0, 0.0
0.0, 0.0
0.0, 0.0
0.0, 0.0
0.0, 0.0
0.0, 0.0
0.0, 0.0
0.0, 0.0
0.0, 0.0
0.0, 0.0
0.0, 0.0
0.0, 0.0
0.0, 0.0
0.0, 0.0
0.0, 0.0
0.0, 0.0
0.0, 0.0
0.0, 0.0
0.0, 0.0
0.0, 0.0
0.0, 0.0
0.0, 0.0
0.0, 0.0
0.0, 0.0
0.0, 0.0
0.0, 0.0
0.0, 0.0
0.0, 0.0
0.0, 0.0
0.0, 0.0
0.0, 0.0
0.0, 0.0
0.0, 0.0
0.0, 0.0
0.0, 0.0
0.0, 0.0
0.0, 0.0
0.0, 0.0
0.0, 0.0
0.0, 0.0
0.0, 0.0
0.0, 0.0
0.0, 0.0
0.0, 0.0
0.0, 0.0
0.0, 0.0
0.0, 0.0
0.0, 0.0
0.0, 0.0
0.0, 0.0
0.0, 0.0
0.0, 0.0
0.0, 0.0
0.0, 0.0
0.0, 0.0
0.0, 0.0
0.0, 0.0
0.0, 0.0
0.0, 0.0
0.0, 0.0
0.0, 0.0
0.0, 0.0
0.0, 0.0
0.0, 0.0
0.0, 0.0
0.0, 0.0
0.0, 0.0
0.0, 0.0
0.0, 0.0
0.0, 0.0
0.0, 0.0
0.0, 0.0
0.0, 0.0
0.0, 0.0
0.0, 0.0
0.0, 0.0
0.0, 0.0
0.0, 0.0
0.0, 0.0
0.0, 0.0
0.0, 0.0
0.0, 0.0
0.0, 0.0
0.0, 0.0
0.0, 0.0
0.0, 0.0
0.0, 0.0
0.0, 0.0
0.0, 0.0
0.0, 0.0
0.0, 0.0
0.0, 0.0
0.0, 0.0
0.0, 0.0
0.0, 0.0
0.0, 0.0
0.0, 0.0
0.0, 0.0
0.0, 0.0
0.0, 0.0
0.0, 0.0
0.0, 0.0
0.0, 0.0
0.0, 0.0
0.0, 0.0
0.0, 0.0
0.0, 0.0
0.0, 0.0
0.0, 0.0
0.0, 0.0
0.0, 0.0
0.0, 0.0
0.0, 0.0
0.0, 0.0
0.0, 0.0
0.0, 0.0
0.0, 0.0
0.0, 0.0
0.0, 0.0
0.0, 0.0
0.0, 0.0
0.0, 0.0
0.0, 0.0
0.0, 0.0
0.0, 0.0
0.0, 0.0
0.0, 0.0
0.0, 0.0
0.0, 0.0
0.0, 0.0
0.0, 0.0
0.0, 0.0
0.0, 0.0
0.0, 0.0
0.0, 0.0
0.0, 0.0
0.0, 0.0
0.0, 0.0
0.0, 0.0
0.0, 0.0
0.0, 0.0
0.0, 0.0
0.0, 0.0
0.0, 0.0
0.0, 0.0
0.0, 0.0
0.0, 0.0
0.0, 0.0
p_std: 5.00, v_std: 0.10