v_std: 0.02100, layout: hourglass, intruder: nonflocker, stepcount: 2000 
p_std, ratio
0,0.743627395598243,480.91080655901413
0.4,0.7354898627089929,479.84170673284643
0.8,0.6917338407031063,480.4333175626487
1.2000000000000002,0.8471057362100295,480.6938655978231
1.6,0.7172333275440926,479.667747413083
2.0,0.8153688610225144,480.61407442786947
2.4,0.6689456186517768,480.2323168128281
2.8,0.818858967751532,480.01329809020945
3.1999999999999997,0.8700275394491735,479.845691781396
3.5999999999999996,0.7830674620847934,480.4851299450666
3.9999999999999996,0.8547200336237887,478.57106722682147
4.3999999999999995,0.6726775397126765,479.2214172882511
4.8,0.9181029596211487,477.58403311342374
5.2,0.6188029680473898,476.7557128075402
5.6000000000000005,0.9564342742124196,479.65245908534746
6.000000000000001,0.7531825672677552,479.9253090934356
6.400000000000001,0.9664742539675433,480.3820526082129
6.800000000000002,1.0215643805859187,479.79030609996283
7.200000000000002,0.844522090700866,481.2374494441089
7.600000000000002,0.9983873675261703,480.4705564029189
8.000000000000002,0.8574685328061423,480.64503362628744
