v_std: 0.00750, layout: hourglass, intruder: nonflocker, stepcount: 2000 
p_std, ratio
0,0.28427489577780407,480.9903533906892
0.4,0.3522635814142935,479.9254838210873
0.8,0.4261430983567699,480.64987750892226
1.2000000000000002,0.5144756024259894,479.5714166254725
1.6,0.34660931632350195,480.0305816092622
2.0,0.3928081901088231,480.0376348796198
2.4,0.45659796904990524,479.32674458599416
2.8,0.33071882987052686,479.15725289930873
3.1999999999999997,0.5906683441277171,480.63523831216617
3.5999999999999996,0.5328211107946895,479.94504310677104
3.9999999999999996,0.6606003097562457,478.9981688857438
4.3999999999999995,0.6678702871903696,478.2956651319295
4.8,0.6431048890258868,479.0709959743335
5.2,0.6033770116827759,480.2094966730017
5.6000000000000005,0.6529874037814085,477.7894672061843
6.000000000000001,0.7507352012007125,479.23636759194267
6.400000000000001,0.5204731781392516,477.36422907879574
6.800000000000002,0.7421808730726873,479.60509357004344
7.200000000000002,0.7454441890776796,480.136398262078
7.600000000000002,0.7380817582324797,480.1067412614128
8.000000000000002,0.9657808424070525,479.826531977877
