v_std: 0.02850, layout: hourglass, intruder: nonflocker, stepcount: 2000 
p_std, ratio
0,0.7837307623040077,480.6504457817517
0.4,0.7552646320327371,479.165928328314
0.8,0.8861555813235996,479.87415299513634
1.2000000000000002,0.811155353172454,479.6369565184215
1.6,0.9045692066947963,480.24812057688547
2.0,0.919264426560334,480.08559388853735
2.4,0.7677689491723662,479.85704868987324
2.8,0.8125769914260532,478.96029170677474
3.1999999999999997,0.8117930850624496,479.085006504831
3.5999999999999996,0.7342223458521591,478.3175207066436
3.9999999999999996,0.6697068929395881,479.57504528285665
4.3999999999999995,0.9639213012799835,479.80124236830926
4.8,0.95216690789345,479.37325160222565
5.2,0.9331102085600056,478.9815950360026
5.6000000000000005,0.9713585881199271,479.83044234450784
6.000000000000001,0.8821048938150651,477.9052876365287
6.400000000000001,1.0189942172664437,480.36412705065436
6.800000000000002,1.010483890666954,478.0904351496992
7.200000000000002,0.9031440070602245,480.39370783892497
7.600000000000002,0.8391635643536302,480.6674329960409
8.000000000000002,1.0041517466495582,479.471659076228
