v_std: 0.01200, layout: hourglass, intruder: nonflocker, stepcount: 2000 
p_std, ratio
0,0.4698094066373257,480.676548661598
0.4,0.596924626544946,479.54749013111433
0.8,0.561790971837787,480.0689646834861
1.2000000000000002,0.4856975859607026,480.2616590535915
1.6,0.41290014681234993,479.91492833682605
2.0,0.556359798333031,480.40659916421953
2.4,0.5209382085215447,480.03199497502965
2.8,0.6840744198367568,479.0289559894492
3.1999999999999997,0.6634441450073647,477.90560232755917
3.5999999999999996,0.5184422360623727,479.1589177059137
3.9999999999999996,0.5334758973346778,477.7314937240182
4.3999999999999995,0.6297692100353136,479.402163643384
4.8,0.7555116244997345,475.8895348504039
5.2,0.5756571644052529,480.4317440849109
5.6000000000000005,0.8092427158518448,478.76904350397916
6.000000000000001,0.856453128843562,479.79751196308854
6.400000000000001,0.6965195064638015,480.5944287957172
6.800000000000002,0.835373546013954,479.3774555106753
7.200000000000002,0.9472160312850768,478.95548038600924
7.600000000000002,0.8705341492322346,479.9897425422066
8.000000000000002,0.7911168942468929,480.67561946687573
