v_std: 0.01650, layout: hourglass, intruder: nonflocker, stepcount: 2000 
p_std, ratio
0,0.5183963049196434,480.92511216883366
0.4,0.635938707339395,480.019826132652
0.8,0.5764856031006798,479.35930030262574
1.2000000000000002,0.526899462061337,480.0576431180138
1.6,0.6487110687797921,480.83705402016244
2.0,0.490165420240483,479.51269374023093
2.4,0.6665127239725905,478.5638030549295
2.8,0.6508320550652047,477.8797485191384
3.1999999999999997,0.648697057386799,479.9136612925536
3.5999999999999996,0.6424336018404145,480.1947301366838
3.9999999999999996,0.9003199080849037,478.9047295474307
4.3999999999999995,0.7894619669099825,478.51531523965986
4.8,0.627095560163194,478.39295670782406
5.2,0.6892690539557819,479.6074132304561
5.6000000000000005,0.7627409769609653,479.9462500967861
6.000000000000001,0.8932425215799038,480.066273706209
6.400000000000001,0.6652730378994988,481.1184791450552
6.800000000000002,1.0963719828160177,480.2881549287322
7.200000000000002,0.9314538921496444,480.1625772519024
7.600000000000002,1.1832495659618727,480.0392175808622
8.000000000000002,1.1306119054990116,479.28882871571517
