v_std: 0.03000, layout: hourglass, intruder: nonflocker, stepcount: 2000 
p_std, ratio
0,0.8486841492348522,480.86747984192533
0.4,0.8875455564719088,479.5094403920813
0.8,0.7704700703652276,480.69175459994176
1.2000000000000002,0.7018661860687055,480.0623814841108
1.6,0.8684402394848445,480.2883060068536
2.0,0.7587914556200849,479.86601164015804
2.4,0.9108883884387492,477.93316432346245
2.8,0.9203543034804236,478.13838669694576
3.1999999999999997,0.9139070792457651,480.13726828930845
3.5999999999999996,0.95228954044034,480.6802025264194
3.9999999999999996,0.77840790100463,481.1382934036963
4.3999999999999995,0.9585152669604112,477.41794899182497
4.8,0.9064590027673346,479.1561432342238
5.2,0.8586907854097798,479.9232430413421
5.6000000000000005,0.8450343877958487,479.8948687686586
6.000000000000001,1.1700645790247937,480.6092128466193
6.400000000000001,1.028551455740252,479.8798943462568
6.800000000000002,0.8908003373956415,480.61680939382546
7.200000000000002,0.9457870803867868,480.3376561517057
7.600000000000002,0.7645217094744662,480.2832721640608
8.000000000000002,0.921228749444919,480.98263898284773
