v_std: 0.02550, layout: hourglass, intruder: nonflocker, stepcount: 2000 
p_std, ratio
0,0.7957242508593702,480.4698639545361
0.4,0.7139771386352152,480.53165052639997
0.8,0.818649699092901,480.13973576163966
1.2000000000000002,0.8842936644195494,480.1017721589546
1.6,0.8422189141219215,479.6920124952678
2.0,0.6684980565432588,479.8850935771141
2.4,0.820534559917975,480.1693557984617
2.8,0.7672715193373683,479.6179057601588
3.1999999999999997,0.8434023147829796,480.01886626545024
3.5999999999999996,0.7778791486270477,479.60777391962813
3.9999999999999996,0.8087734905089428,480.0806986293419
4.3999999999999995,0.812616241290801,478.901330379384
4.8,0.9413007624649543,479.5870609991003
5.2,0.8364738434573371,477.96037476022843
5.6000000000000005,0.8839986222569522,480.1759986834586
6.000000000000001,1.0024448158533743,479.659458540826
6.400000000000001,1.0527734980179864,478.1255042290875
6.800000000000002,0.8479042363293781,480.2732999298085
7.200000000000002,0.8780237736812379,480.78794602327645
7.600000000000002,0.9370189856892042,480.4911876761825
8.000000000000002,1.0255468630881643,481.1743133975442
