v_std: 0.01950, layout: hourglass, intruder: nonflocker, stepcount: 2000 
p_std, ratio
0,0.6386749528595054,480.849514584995
0.4,0.6129849571907788,480.1823208372248
0.8,0.6685317314509022,479.64871895615454
1.2000000000000002,0.6542458492308285,479.9138307098724
1.6,0.7022184882404852,480.7563897742093
2.0,0.6514703655130577,479.4324244898962
2.4,0.7367985266037336,480.0496110598193
2.8,0.6227402740824561,479.1902823681439
3.1999999999999997,0.605297035294764,479.55230972783477
3.5999999999999996,0.9467236839609818,478.620394066252
3.9999999999999996,0.6955158216513921,479.85091078356373
4.3999999999999995,0.8584130515724668,477.90508968180774
4.8,0.699609940636702,479.4528682632751
5.2,0.6149866403317787,479.16963903419554
5.6000000000000005,0.8003317450597451,478.4970533389179
6.000000000000001,0.8819055782571644,476.9139481691093
6.400000000000001,0.65440725416745,478.98243354567
6.800000000000002,0.9084851457292599,479.8720706002867
7.200000000000002,1.0860471729992172,480.4551902423221
7.600000000000002,1.0356140415932504,480.17341424316254
8.000000000000002,0.51703520131361,479.93567135423484
