v_std: 0.01050, layout: hourglass, intruder: nonflocker, stepcount: 2000 
p_std, ratio
0,0.43887044856004315,481.0000721942723
0.4,0.46378795024582653,479.42784083663236
0.8,0.4986208051641799,479.79551724841366
1.2000000000000002,0.5110689255571109,480.54473894153136
1.6,0.49338567312638115,480.8974734946961
2.0,0.38212767646360474,479.68277063956396
2.4,0.44073440755195037,480.06487592921326
2.8,0.4712956768521535,478.54875552446964
3.1999999999999997,0.43227683697051694,479.95305246242367
3.5999999999999996,0.6293497898238825,478.2922169288096
3.9999999999999996,0.6253243394613653,478.3444294027928
4.3999999999999995,0.6042496788546824,479.7202654716928
4.8,0.6003667831299678,479.0570534086787
5.2,0.613367446514853,477.86728754382824
5.6000000000000005,0.6066207262576261,480.06038769935424
6.000000000000001,0.8274065806838509,479.16946981318466
6.400000000000001,0.7296891669430318,480.1669376576306
6.800000000000002,0.9083081777518393,480.85183663989886
7.200000000000002,0.8396707588708876,479.70054737650895
7.600000000000002,0.6739179131952611,478.0501052712647
8.000000000000002,1.0002796879078317,480.3920432397009
