v_std: 0.02400, layout: hourglass, intruder: nonflocker, stepcount: 2000 
p_std, ratio
0,0.7483108908465351,480.44539702066
0.4,0.727061422651073,479.29022026278574
0.8,0.6056962524909948,480.065113440058
1.2000000000000002,0.603601562200403,479.7139862425108
1.6,0.7394447685086653,479.23374044239114
2.0,0.8485848200918868,480.573280572185
2.4,0.781809871491028,479.36278433427793
2.8,0.7546567222471713,480.69658641124903
3.1999999999999997,0.8171520956497564,476.83700704491184
3.5999999999999996,0.7638318750001647,480.1779808403485
3.9999999999999996,0.9383329458994314,478.67113767855477
4.3999999999999995,0.8364147790890849,477.2589764983231
4.8,0.8831556135636204,478.5013767330899
5.2,0.9293091822084009,479.068375875339
5.6000000000000005,0.9737588054185371,480.7417235576073
6.000000000000001,0.7019774948477726,477.7422519009998
6.400000000000001,0.9274553009721018,479.0586760812888
6.800000000000002,0.9491823180448139,480.7638398863494
7.200000000000002,0.7056894168442482,480.7224478228576
7.600000000000002,1.16637829464232,479.8473329082057
8.000000000000002,0.8716437645409583,478.75084576489076
