v_std: 0.00300, layout: hourglass, intruder: nonflocker, stepcount: 2000 
p_std, ratio
0,0.1231462911927151,480.5881792776856
0.4,0.15081770417201146,479.5124324770621
0.8,0.22933938338730134,479.26474157032914
1.2000000000000002,0.18253101784576006,480.33018080857426
1.6,0.243201698467725,480.1840426578426
2.0,0.30307924966596406,479.40523532501413
2.4,0.3302942287022836,479.66217777919195
2.8,0.3067113848173928,479.56714111385963
3.1999999999999997,0.5195398480625777,479.10418725464996
3.5999999999999996,0.4924532752699704,479.7126198795544
3.9999999999999996,0.40551550244147905,479.45772230236184
4.3999999999999995,0.4187540689862496,478.77684773117363
4.8,0.35417901006555474,476.55871414856733
5.2,0.5319487616805977,477.6166133597579
5.6000000000000005,0.5800069819778257,478.7030251019891
6.000000000000001,0.56574338087131,479.02609713246204
6.400000000000001,0.7126846493696859,478.4208064355974
6.800000000000002,0.9371134043083381,480.71062269529625
7.200000000000002,0.8587264637904503,479.26530132306135
7.600000000000002,0.8150510787775707,480.54602041876313
8.000000000000002,0.967478157803276,480.3574592670052
