v_std: 0.01350, layout: hourglass, intruder: nonflocker, stepcount: 2000 
p_std, ratio
0,0.4465143755428377,480.6594598144551
0.4,0.5975407646630527,479.5328123081845
0.8,0.5117347405113393,479.5976078063942
1.2000000000000002,0.5365819660507876,480.29253122989496
1.6,0.6861716602411494,479.9437184734649
2.0,0.6021549359628486,480.0268223231903
2.4,0.5457336020966767,479.68213274181153
2.8,0.7606575999118258,478.0470526428909
3.1999999999999997,0.5557251311006418,480.4708808302547
3.5999999999999996,0.4762839721644366,479.78442501851293
3.9999999999999996,0.6366932478494419,477.98812548083976
4.3999999999999995,0.5871681419082204,479.58813384059164
4.8,0.5345005359718853,478.4887167180215
5.2,0.5816185378524713,480.2067362430782
5.6000000000000005,0.788889050068906,480.2916334978978
6.000000000000001,0.7915720910312717,479.8552394758719
6.400000000000001,0.7429338593591028,481.0590810625528
6.800000000000002,1.073913391514171,479.95702035404565
7.200000000000002,0.9706240935391046,480.16641690142507
7.600000000000002,0.9489079541566434,480.9302623119564
8.000000000000002,0.8166592054396036,480.4753547109979
