v_std: 0.00150, layout: hourglass, intruder: nonflocker, stepcount: 2000 
p_std, ratio
0,0.05915911266579046,480.6904962487012
0.4,0.08947179925412244,480.38871906440636
0.8,0.1320295343327452,479.51703588488385
1.2000000000000002,0.19044821030400047,479.95627056639034
1.6,0.1667196051807147,479.2563090218094
2.0,0.27423626494575626,477.9294508149963
2.4,0.2674019493344757,478.7767211665364
2.8,0.28434195129500733,479.3209193089683
3.1999999999999997,0.4178335781800605,480.6111318170373
3.5999999999999996,0.564956741550053,479.1254766110278
3.9999999999999996,0.5419859462583083,479.1432185989521
4.3999999999999995,0.360180805787459,479.2810627956956
4.8,0.3922303039941775,480.45359102538515
5.2,0.7838039305679948,480.47639167136106
5.6000000000000005,0.7457913000543611,480.2915148849936
6.000000000000001,0.6961704698823045,480.1241199651008
6.400000000000001,0.6091093298182035,479.25119547176325
6.800000000000002,0.6953893226546911,478.8558474975804
7.200000000000002,0.6917796033177973,480.5287968373002
7.600000000000002,1.180163830711753,480.3444702495408
8.000000000000002,0.9458070760480849,480.2685027154601
