v_std: 0.02250, layout: hourglass, intruder: nonflocker, stepcount: 2000 
p_std, ratio
0,0.9117011880687538,480.98651389577833
0.4,0.7547110629623462,480.6703470022949
0.8,0.6053458515482648,480.3307434921844
1.2000000000000002,0.636003391529884,480.31073935594486
1.6,0.7473083267350487,480.37376989739647
2.0,0.6893161059771243,479.93824597614235
2.4,0.7196825539841978,479.89671602443804
2.8,0.8765491608783852,479.32148138610467
3.1999999999999997,0.6876824703779609,478.9857831490033
3.5999999999999996,0.7336687538044571,479.0668122912018
3.9999999999999996,0.7440933325652587,478.7257418730791
4.3999999999999995,0.8615778271426873,479.67193472572836
4.8,0.6729761091501119,479.0037785812638
5.2,0.7759120163615326,478.0865945763402
5.6000000000000005,0.8592616372097656,479.4289737439281
6.000000000000001,0.8336813785727986,479.5003354888347
6.400000000000001,0.8481928164762802,480.16435341466286
6.800000000000002,0.963216633918282,479.6939745640962
7.200000000000002,0.9308545318403001,480.98054660951334
7.600000000000002,0.9019545655370341,480.8857146840914
8.000000000000002,1.1220827274457648,480.21326018238017
