v_std: 0.02700, layout: hourglass, intruder: nonflocker, stepcount: 2000 
p_std, ratio
0,0.9455036421228139,480.547179385304
0.4,0.7395776730868824,479.7582786202761
0.8,0.7673686904430215,480.6789147736074
1.2000000000000002,1.0062477016117721,479.4129414558175
1.6,0.6904019617843069,478.9770552418742
2.0,0.8165129073678156,479.5480569129729
2.4,0.8000414719845884,479.4757801187036
2.8,0.72621415821143,480.09952938265906
3.1999999999999997,0.6327468958227065,478.5629756234014
3.5999999999999996,0.8844461854319741,479.9778640370632
3.9999999999999996,0.6813811111324906,480.5434783967714
4.3999999999999995,0.990243646810734,480.6223506300389
4.8,0.6728403292322542,480.7192664319176
5.2,0.889135669779805,479.86959896846133
5.6000000000000005,0.6930608507087249,476.82483155900013
6.000000000000001,0.8700025171924737,480.3729250770378
6.400000000000001,0.7570705625384787,480.5077850788517
6.800000000000002,0.7160879990155495,480.71912487183994
7.200000000000002,0.922124732003957,479.46702975196996
7.600000000000002,1.0177037181392854,480.63833719783264
8.000000000000002,1.3958878959579815,480.3195263793833
