v_std: 0.01500, layout: hourglass, intruder: nonflocker, stepcount: 2000 
p_std, ratio
0,0.600194323994141,480.9630017030078
0.4,0.6247492552931918,479.97549429616134
0.8,0.4625114857388989,479.330039986045
1.2000000000000002,0.6824074836421165,480.6059945901188
1.6,0.4544888734896035,479.74788320402814
2.0,0.5948512852367226,479.8166363499744
2.4,0.6162344775096321,480.27454451438047
2.8,0.7623378688909251,479.38817796634675
3.1999999999999997,0.7579872547009711,480.07822576004895
3.5999999999999996,0.7119445199860887,477.11092365408285
3.9999999999999996,0.6610377255134585,480.59584600841134
4.3999999999999995,0.7354756482355074,478.107415256792
4.8,0.8439461296788155,478.0610164852222
5.2,0.7389679245676118,479.48994635715377
5.6000000000000005,0.7545362418995455,478.6996378296452
6.000000000000001,0.8195159225019535,480.2444102133259
6.400000000000001,0.76055059706208,479.8121693357773
6.800000000000002,0.7676765738490431,479.43302570313153
7.200000000000002,0.9129572793583031,480.20554739333596
7.600000000000002,0.7486545814635122,480.36898051383065
8.000000000000002,0.866895640113834,478.67926529241674
