v_std: 0.00450, layout: hourglass, intruder: nonflocker, stepcount: 2000 
p_std, ratio
0,0.17381032998963541,480.9250954078927
0.4,0.21151790860377395,480.61198883523554
0.8,0.2996708481432411,480.5688961202666
1.2000000000000002,0.2300987393293852,479.18256429319155
1.6,0.3179174546321124,478.68650340072395
2.0,0.2963568944807135,480.66837850957603
2.4,0.5839740035354091,478.4659324185869
2.8,0.4329084497054721,478.6362225023621
3.1999999999999997,0.38893994307397356,479.4151629472817
3.5999999999999996,0.3750743116960168,479.52698242958104
3.9999999999999996,0.5189522534997526,480.0702421306982
4.3999999999999995,0.4832876524006608,480.22185199400263
4.8,0.713069134994692,480.12051079460144
5.2,0.7800506016211731,477.9714742702825
5.6000000000000005,0.5905239040054683,480.2015214314146
6.000000000000001,0.7094122292303152,478.14635344173234
6.400000000000001,0.7788323430109196,480.3938255690935
6.800000000000002,0.6738421205302146,478.1076876047134
7.200000000000002,0.5916387491518924,480.5960820267319
7.600000000000002,0.9075457175979231,480.8362569745058
8.000000000000002,0.7491531036478289,480.53346125329716
