v_std: 0.00900, layout: hourglass, intruder: nonflocker, stepcount: 2000 
p_std, ratio
0,0.3994223964262796,480.59906228826037
0.4,0.4402465512393301,480.4884938717443
0.8,0.5148393413981602,480.2247549614733
1.2000000000000002,0.3653123065682723,479.9167039556923
1.6,0.5428207173807836,480.3908115639401
2.0,0.4152713984126653,478.4002656217513
2.4,0.46041980697128515,479.9073318154316
2.8,0.5798226203536221,480.07443506826337
3.1999999999999997,0.5663293905385183,478.17127443355434
3.5999999999999996,0.5124550959587623,478.7967319931998
3.9999999999999996,0.4973169953052794,479.38944730643044
4.3999999999999995,0.5426880646887737,478.1050266735876
4.8,0.9497676179021157,478.3518840092629
5.2,0.5515600168878769,480.93556605268947
5.6000000000000005,0.6795192284361591,479.8019960374087
6.000000000000001,0.6306232732170475,479.6227063510577
6.400000000000001,0.7449073528710205,480.51204384780726
6.800000000000002,0.7084496066800576,480.7762678656575
7.200000000000002,0.9596786941762333,478.87766688814577
7.600000000000002,0.8217947371861709,479.54771456755975
8.000000000000002,0.9996195430564808,480.32757875269226
