v_std: 0.01800, layout: hourglass, intruder: nonflocker, stepcount: 2000 
p_std, ratio
0,0.6827932822834495,480.50191906893906
0.4,0.6517341809122492,480.2562118002312
0.8,0.7092519899513815,481.2980749372973
1.2000000000000002,0.5974527639088847,480.41223890370486
1.6,0.7271731738478086,477.9874832639935
2.0,0.717374059315731,479.32939926986376
2.4,0.8139503667711023,479.2462561175254
2.8,0.6631891219411814,479.60821723504597
3.1999999999999997,0.8433967531717148,478.098517845179
3.5999999999999996,0.7744518962386437,480.1078638780518
3.9999999999999996,0.8019253779928728,479.86833452702047
4.3999999999999995,0.699828236104027,480.13993389685453
4.8,0.7678051200709837,479.8466392456236
5.2,0.7165988008537634,478.37498090493955
5.6000000000000005,0.7785499220122838,478.69550227474645
6.000000000000001,1.0142226420606695,479.39296025111656
6.400000000000001,0.9525414704185348,480.5448926583248
6.800000000000002,0.874459665846843,480.51495941861407
7.200000000000002,0.8890686509040971,480.09875228768846
7.600000000000002,0.7396917421099557,479.31273818422306
8.000000000000002,0.8411112652309375,480.54744899928977
