v_std: 0.00600, layout: hourglass, intruder: nonflocker, stepcount: 2000 
p_std, ratio
0,0.2827172797432432,481.1683437818107
0.4,0.3166574111998532,480.1047653876241
0.8,0.2835605362516457,480.3328253630262
1.2000000000000002,0.4091331701532317,480.34902157609656
1.6,0.32001585532775095,479.88161582196255
2.0,0.47125935034872724,480.59103977485444
2.4,0.3680436593884476,479.9413715600525
2.8,0.41179287616795013,479.784937232268
3.1999999999999997,0.3778670882803788,479.7450505836303
3.5999999999999996,0.5229693544474813,478.69418007827227
3.9999999999999996,0.49794143407542335,479.2659904495541
4.3999999999999995,0.5299439554093281,479.9323689927435
4.8,0.5676440469713133,480.16601039356556
5.2,0.6721369615221419,477.48882748613977
5.6000000000000005,0.6607911477486145,479.5520664972549
6.000000000000001,0.7377560901593152,478.72689973359877
6.400000000000001,0.5619468550170577,480.6639746885161
6.800000000000002,0.7353884265122376,479.4256855241973
7.200000000000002,0.6916503526903539,480.3806092426403
7.600000000000002,0.5495038400713105,480.65372449577694
8.000000000000002,0.9404313719576199,479.9151201841107
