v_std: 0.00000, layout: hourglass, intruder: nonflocker, stepcount: 2000 
p_std, ratio
0,1.2320750928224161e-14,480.63198387416327
0.4,0.0669726257327963,480.5433384753681
0.8,0.08791508818194047,480.02759067052557
1.2000000000000002,0.12424868646475982,479.90808051286757
1.6,0.180854908026737,479.7245320569848
2.0,0.19089193728300954,480.7656139186186
2.4,0.2189912973032015,479.6131914761749
2.8,0.32778511049459824,479.92827175394467
3.1999999999999997,0.5074237364658064,479.1480216694429
3.5999999999999996,0.3203838568008144,481.01482966463493
3.9999999999999996,0.45654356228550685,479.7792620608178
4.3999999999999995,0.49455979634852937,479.67240054499024
4.8,0.5053525184162857,480.00615177883856
5.2,0.626670223412505,479.0528966183812
5.6000000000000005,0.6023176761615485,480.64752008222473
6.000000000000001,0.5679116676124967,481.2199674742803
6.400000000000001,0.6020549999172022,479.7209298170159
6.800000000000002,0.605075398279501,480.7232012021361
7.200000000000002,0.8101245723146806,480.2709765790118
7.600000000000002,0.8247265187062034,478.97748284063977
8.000000000000002,0.8378101693284331,479.56456081279964
