p_std: 5.00, v_std: 0.10
bad:
1, 0.8875661227414369
2, 0.4339849786776196
3, 0.43493395032146953
4, 0.44366386522983514
5, 0.4582734047710082
6, 0.4669225594370482
7, 0.45305954053999287
8, 0.44198426812185926
9, 0.4467460490397359
10, 0.45492014847046186
11, 0.448312853666338
12, 0.43759327422134253
13, 0.4356969673820508
14, 0.4334764438783236
15, 0.4403029072869915
16, 0.44395312686559796
0, 0.44970762013864585
17, 0.43660931314242324
18, 0.42582733247199883
19, 0.42457307262334154
20, 0.42848598846402147
21, 0.42972901868203106
22, 0.41527067455847905
23, 0.4201884222289539
24, 0.4217848003917404
25, 0.40861124201986304
26, 0.39586427022655046
27, 0.40576438225742706
28, 0.4042952329610215
29, 0.4035189146929887
30, 0.3943882554114372
31, 0.3975946322700416
32, 0.38759839008587144
33, 0.37506128559388885
34, 0.3750054756406679
35, 0.37944921668938775
36, 0.372922821394302
37, 0.3853854127279163
38, 0.38504992294755946
39, 0.3758830251920375
40, 0.3556552973899365
41, 0.3633642951038077
42, 0.34365292116920715
43, 0.3450558990103266
44, 0.3579464313272383
45, 0.3412957848711058
46, 0.3307301009229103
47, 0.3401262411807659
48, 0.3384699136246983
49, 0.32628187188883084
50, 0.3329450537793765
51, 0.33021564757568617
52, 0.3202627758782459
53, 0.30864995610893253
54, 0.3142459219383691
55, 0.3016421277911577
56, 0.30057896093888337
57, 0.2851229145879273
58, 0.29281782172330645
59, 0.28906077886644027
60, 0.2842019067022547
61, 0.2925901598916883
62, 0.27411260376257646
63, 0.2881918788577022
64, 0.2810920717181588
65, 0.289992895481067
66, 0.273138601665858
67, 0.2749441729891309
68, 0.26656236230757063
69, 0.28330809852213745
70, 0.27312482546105943
71, 0.2739188890268259
72, 0.27202883212323326
73, 0.26409750835744866
74, 0.27983561881283775
75, 0.2727600690164608
76, 0.2667234873259551
77, 0.2791047828841506
78, 0.267743279856281
79, 0.27287709066028326
80, 0.2605029651145049
81, 0.28143256875728656
82, 0.27250941707750237
83, 0.26526701219998305
84, 0.28162981400196285
85, 0.2700725263613758
86, 0.2802573218551101
87, 0.2672771317582206
88, 0.2609335366636674
89, 0.2570349597324374
90, 0.2643672591156944
91, 0.2771357298996812
92, 0.2778157426009773
93, 0.270401184696844
94, 0.27649230813984943
95, 0.26503394925142043
96, 0.27344769828260557
97, 0.2655335152494548
98, 0.2736639019788605
99, 0.28083294034606826
100, 0.2714380210663685
101, 0.2746467950546778
102, 0.26763817985644267
103, 0.28739508797275587
104, 0.26940813682519626
105, 0.2763067559918104
106, 0.289750481740068
107, 0.289474342287131
108, 0.29417992144345784
109, 0.29677324090105345
110, 0.29264942533943067
111, 0.26848432522769783
112, 0.295696011068078
113, 0.29183994917486794
114, 0.3161942140275242
115, 0.30468588747258346
116, 0.29443202288390646
117, 0.3256891502389704
118, 0.2935160695646176
119, 0.3003871253270289
120, 0.2928605206646279
121, 0.30342542677143
122, 0.2908974100272211
123, 0.29318783897121536
124, 0.2997297028499069
125, 0.30942567726507947
126, 0.29970026804302335
127, 0.29055518991713425
128, 0.2983325771286947
129, 0.30156986364227073
130, 0.3074857389035038
131, 0.3031160062205544
132, 0.3014292407277032
133, 0.3047189971301775
134, 0.31853458837470805
135, 0.3002332370994559
136, 0.3181384049946404
137, 0.3154942016808192
138, 0.3060112886054529
139, 0.31808002929235696
140, 0.319335848874491
141, 0.3264703689048848
142, 0.3203606405770507
143, 0.31700258896056305
144, 0.3232616436900812
145, 0.3225300695484339
146, 0.323777432952062
147, 0.3227628850268927
148, 0.3202503262674955
149, 0.34169703285411224
150, 0.33716934963736295
151, 0.3368223722772535
152, 0.334441917783032
153, 0.34996337171571995
154, 0.3390944166988297
155, 0.34367502999354044
156, 0.3456635285047342
157, 0.34840143890572733
158, 0.3369601705022354
159, 0.3508598291231487
160, 0.333577478693933
161, 0.3561551524213325
162, 0.35058067701488643
163, 0.36283725315885723
164, 0.3558435576050167
165, 0.35132306679263275
166, 0.35473673224353885
167, 0.3711403311666793
168, 0.36898449331092026
169, 0.3690179662578015
170, 0.351390083374045
171, 0.37234561072620476
172, 0.37833627738489484
173, 0.371403434675103
174, 0.3739291470103228
175, 0.3750118345540975
176, 0.3617584284785579
177, 0.39480329798115726
178, 0.3934465788616131
179, 0.3889505879062372
180, 0.40312279891362063
181, 0.41312633955619044
182, 0.4126943585244802
183, 0.3990349638496835
184, 0.41969509572362307
185, 0.4297409022552578
186, 0.4061373990185926
187, 0.4118553608929442
188, 0.42472008612162016
189, 0.44374431084224825
190, 0.44346735247564806
191, 0.433252775365654
192, 0.44472799683137404
193, 0.4478917886102697
194, 0.44877131548011
195, 0.4674237293129111
196, 0.4606607941327755
197, 0.49772674486298607
198, 0.487057226399792
199, 0.46788325703135386
200, 0.492211703355393
201, 0.5054841872322974
202, 0.5145565118930981
203, 0.5013856636514527
204, 0.5003065699789951
205, 0.49736060570007806
206, 0.5076442629690546
207, 0.5259371478619496
208, 0.5249208385427517
209, 0.5135841473555764
210, 0.5239679372068976
211, 0.5134788771572882
212, 0.5212381920925971
213, 0.5272415734978535
214, 0.5380261073131596
215, 0.5462163840622082
216, 0.5526924509461234
217, 0.5666487186570118
218, 0.5815355185055395
219, 0.5853681971435168
220, 0.546754903393569
221, 0.5843182090542749
222, 0.565000245599713
223, 0.5500639741124144
224, 0.5556855692522108
225, 0.5750955829773465
226, 0.5799171545255732
227, 0.5555414021472068
228, 0.5819411057485943
229, 0.5785777340823464
230, 0.5861970018746834
231, 0.5755827076162349
232, 0.5764397981690567
233, 0.5769181998302718
234, 0.6128623080848419
235, 0.5987596128055556
236, 0.6282921230517775
237, 0.6186129223388438
238, 0.6086663300164443
239, 0.6259478291879919
240, 0.6478948687454731
241, 0.6422216837159965
242, 0.6445950841507592
243, 0.6411630601915645
244, 0.6652487148334628
245, 0.6455591993325426
246, 0.6666717831810826
247, 0.6662178575058023
248, 0.6764778245747297
249, 0.690313701298613
250, 0.698294327628551
251, 0.719547345725957
252, 0.7414191894939272
253, 0.7400808280925658
254, 0.7551540403608924
255, 0.7849535040258435
256, 0.7475754341033894
257, 0.7899683552363782
258, 0.7846979682964158
259, 0.8108202906130137
260, 0.8216086078958119
261, 0.8235337578807274
262, 0.8545516040279978
263, 0.9326365817807208
264, 0.9614672523247281
265, 0.9959664591972385
266, 1.1229139946922109
267, 1.1724522934456734
268, 1.1916443549156865
269, 1.2508234191410865
270, 1.3198443103070914
271, 1.349019252775773
272, 1.3538224308989677
273, 1.367435208105293
274, 1.3513843173980087
275, 1.3881314540086456
276, 1.3831913638959774
277, 1.3619346194306003
278, 1.379670924270504
279, 1.4075811806541099
280, 1.4417643576826153
281, 1.4824458436831487
282, 1.484465498888118
283, 1.5175177787296301
284, 1.571844489936481
285, 1.4998490266574889
286, 1.5788058018836593
287, 1.5302717479405736
288, 1.565797781514876
289, 1.6356432307855597
290, 1.6392583663520373
291, 1.7104724460983252
292, 1.6344195517917397
293, 1.6641793366616116
294, 1.6539798848871308
295, 1.6445430693359633
296, 1.6846911931181374
297, 1.7042883328891707
298, 1.6668376470006243
299, 1.7351472456923398
300, 1.6895583902630227
301, 1.7226085931323114
302, 1.7562925847508544
303, 1.7102900389296918
304, 1.7203314301593113
305, 1.7595619203696407
306, 1.745777759688508
307, 1.7637639406189913
308, 1.737347069593785
309, 1.7263480966580587
310, 1.7112820375482114
311, 1.7719537232486746
312, 1.7579462744733492
313, 1.7187966328127469
314, 1.7041569869355289
315, 1.726161893418407
316, 1.749798791151072
317, 1.7747369138048426
318, 1.793511008854382
319, 1.7599844350285128
320, 1.777463955909959
321, 1.8293517345356973
322, 1.9074656385736672
323, 1.9076427583513569
324, 1.9430368238110023
325, 1.9045208609910884
326, 1.9005760644788126
327, 1.9503416360526278
328, 1.9394431426532988
329, 1.9509723120921902
330, 1.9988438176204752
331, 1.9399842259220659
332, 2.012826822290378
333, 1.9808601066176017
334, 1.9915747564459214
335, 1.9766820320396035
336, 1.954107611436136
337, 2.0115729061061467
338, 1.998789839355148
339, 2.003727497424238
340, 2.070199751984351
341, 2.0097886677195747
342, 2.0223146264738414
343, 2.0288661340957854
344, 2.009440896877635
345, 2.048178784269377
346, 2.0523482504217867
347, 2.0994440257933835
348, 2.065196171970397
349, 2.097948609236329
350, 2.091430782220528
351, 2.161565532017818
352, 2.1455646948434217
353, 2.1187110112378704
354, 2.1920758491916112
355, 2.1915156724212785
356, 2.155461510226411
357, 2.1585487377592587
358, 2.170652108674003
359, 2.169102192907121
360, 2.23784166932091
361, 2.239414464822267
362, 2.2010597747478937
363, 2.202008958699468
364, 2.2503495156549946
365, 2.202104125687335
366, 2.232995595562753
367, 2.2038935123663657
368, 2.240485308298706
369, 2.2527152385401124
370, 2.2872902674816906
371, 2.244719039074085
372, 2.265348035254414
373, 2.270813800921437
374, 2.2559584218429234
375, 2.2408587900433776
376, 2.2849152626231053
377, 2.156829879337179
378, 2.160792280218404
379, 2.1617757520258305
380, 2.144290874977719
381, 2.1348609196069765
382, 2.1634600369285795
383, 2.1415265448466068
384, 2.130929480310009
385, 2.2064186350032657
386, 2.163480051359138
387, 2.153583811214255
388, 2.17699413542255
389, 2.1587191431771457
390, 2.1309366488293646
391, 2.1777710413882194
392, 2.1558896025712544
393, 2.149697331131086
394, 2.1200743175696855
395, 2.129269462635939
396, 2.1608502635807656
397, 2.0724694198254623
398, 2.1239279776350544
399, 2.031280111055982
400, 2.041639513970344
401, 2.0663985569157495
402, 2.0523544751095097
403, 2.06900144233631
404, 2.0328343642696134
405, 2.056241678954465
406, 2.0603978190972847
407, 2.0262985622872214
408, 2.129806452337865
409, 1.987745043443916
410, 2.0631383936478045
411, 2.042897064475686
412, 2.066731301941662
413, 2.0451938364287945
414, 2.0683605628757844
415, 2.0992022777830135
416, 2.1038023212198866
417, 2.0935601112126925
418, 2.0410011192067716
419, 2.1002281588093035
420, 2.0949082946927753
421, 2.062545958275463
422, 1.9910859926495768
423, 2.044556775639174
424, 1.956691106127203
425, 2.0202515011443296
426, 1.9589394524281893
427, 1.9722079106752228
428, 2.008583292015882
429, 2.0167847643900623
430, 1.998513793554071
431, 2.1119716752324234
432, 2.016452287001289
433, 2.1039314176625616
434, 2.074638724156636
435, 2.060256730037839
436, 2.0739120158773936
437, 2.0799398066561237
438, 2.089150257789027
439, 2.084492202275405
440, 2.059057718896795
441, 2.080328002847226
442, 2.0286479418016716
443, 2.0129495344558697
444, 1.9488173731395682
445, 1.8737340016964261
446, 1.8869397095617413
447, 1.8917367058989911
448, 1.868418632587154
449, 1.8689717009323457
450, 1.8176335468899034
451, 1.8781032027438633
452, 1.869334843535143
453, 1.87297048509459
454, 1.8770300848230446
455, 1.9450994057074613
456, 1.8916316039824717
457, 1.9134360889606576
458, 1.9236536965932607
459, 1.9030420951931577
460, 1.858467274713559
461, 1.770860925397034
462, 1.7783359713966176
463, 1.7923784952019906
464, 1.8048460135088493
465, 1.7496555370993678
466, 1.7800300980886408
467, 1.7473575683433635
468, 1.7680924797550166
469, 1.7799038657845787
470, 1.7641671206566634
471, 1.7313566436841743
472, 1.8097013414981435
473, 1.7842360297257045
474, 1.7422264536724
475, 1.8030081684021293
476, 1.8051588572981634
477, 1.7590521417170422
478, 1.8522728829662485
479, 1.7552381181898893
480, 1.793069240901408
481, 1.8183999671785012
482, 1.8310523714554638
483, 1.845335172319226
484, 1.8114211962130429
485, 1.8850840715495785
486, 1.8591120017725677
487, 1.843816146170816
488, 1.829861411711493
489, 1.8531419038273313
490, 1.8213345355815609
491, 1.8073968900954245
492, 1.8019564009558373
493, 1.9046182716939382
494, 1.809676815939487
495, 1.8058425508491072
496, 1.8172831575703268
497, 1.8127599863335178
498, 1.818298916659369
499, 1.8171256922995151
500, 1.832921316031819
501, 1.8541923469847563
502, 1.8374739084923186
503, 1.8510079583802697
504, 1.8252579580642587
505, 1.817042052626165
506, 1.7842161783743162
507, 1.7895673835601118
508, 1.7508281156779446
509, 1.7020092459714722
510, 1.6776551083640212
511, 1.6954840012012493
512, 1.67447659511997
513, 1.70200316944984
514, 1.6909795260626246
515, 1.6650039642727772
516, 1.6382682574937895
517, 1.69978599364886
518, 1.6801140456628783
519, 1.6021757367227532
520, 1.6379299452439335
521, 1.6489396107413836
522, 1.629035070326472
523, 1.6566674243840693
524, 1.6226713652511988
525, 1.6569945386780025
526, 1.5898752610417488
527, 1.578243428579915
528, 1.6068309704676842
529, 1.540474162475439
530, 1.5372739081308084
531, 1.5741159167268564
532, 1.5167595354211418
533, 1.5438731678514517
534, 1.5033619254193051
535, 1.515735594984812
536, 1.5600510412307809
537, 1.545916248052215
538, 1.5641075737566374
539, 1.5299181904055001
540, 1.5665545628791528
541, 1.5077468308752906
542, 1.5372636452968902
543, 1.5213401103721247
544, 1.5145418242571522
545, 1.577631815720968
546, 1.6050504159556966
547, 1.5534190505824126
548, 1.565660103806647
549, 1.5931205406975661
550, 1.5148079599242816
551, 1.557962113326784
552, 1.5730165695753227
553, 1.5751631731857043
554, 1.5134917292853873
555, 1.4954749528776734
556, 1.5056613543909285
557, 1.479819537242254
558, 1.5475012835921222
559, 1.5282781468310414
560, 1.5721541961772865
561, 1.5246459672188155
562, 1.5698305812828568
563, 1.558701757612368
564, 1.5476618549979912
565, 1.532018168171845
566, 1.5211719215443966
567, 1.5098364707030307
568, 1.5279241113261643
569, 1.5021235104477082
570, 1.518175062216415
571, 1.539233805551203
572, 1.495173272363796
573, 1.43706522372256
574, 1.5090301661298238
575, 1.4970379927562376
576, 1.5269576059582115
577, 1.4851473318140762
578, 1.5435634243683878
579, 1.47518965991539
580, 1.4559571481719988
581, 1.489936354060924
582, 1.4734061944189432
583, 1.465661468769844
584, 1.4986546019873939
585, 1.5391252221701168
586, 1.4515009252157982
587, 1.4337112937489005
588, 1.473470461646798
589, 1.4627403741252696
590, 1.3794793759835604
591, 1.4208936372218122
592, 1.373491283910384
593, 1.3313982866909762
594, 1.3869071109835371
595, 1.356477889231893
596, 1.3971751213687909
597, 1.385335176436704
598, 1.4067924262692317
599, 1.3747003793987895
600, 1.361382059967875
601, 1.4138678480922964
602, 1.4178617302626186
603, 1.3712146916587593
604, 1.385340721572281
605, 1.4098963361448742
606, 1.4149866416826982
607, 1.4291897858270264
608, 1.3682821226200312
609, 1.376548228578575
610, 1.3838277377057748
611, 1.3653633037445467
612, 1.3693684972694504
613, 1.3700415254925375
614, 1.4352741468659078
615, 1.3769219531272392
616, 1.366005519873665
617, 1.3946027261629137
618, 1.3812175931141284
619, 1.3671396855015807
620, 1.3533370290909326
621, 1.3702947934295233
622, 1.4020132749745229
623, 1.4386679025401254
624, 1.407338715129778
625, 1.432951219877306
626, 1.419133744844291
627, 1.4209038773372509
628, 1.4430781132399457
629, 1.4064871057347472
630, 1.4089387925193018
631, 1.4149877282990706
632, 1.398019289764331
633, 1.4119184368647364
634, 1.3752586214082323
635, 1.3209190105406081
636, 1.377263168137981
637, 1.2998893433626764
638, 1.2631237811433362
639, 1.2874823990948074
640, 1.2014783768524695
641, 1.213868301965697
642, 1.1914767020581232
643, 1.1554060321412012
644, 1.1411205778766278
645, 1.1361888144286383
646, 1.1268544781509284
647, 1.0659981745522185
648, 1.0933585571898217
649, 1.0173333310653931
650, 1.0421534470130083
651, 1.0471907137694318
652, 1.0033991107247293
653, 1.0531742640682276
654, 1.0458830269068826
655, 1.0139295955998122
656, 0.9843825847830637
657, 0.9716039868235624
658, 0.9546076050717844
659, 0.8924541665539746
660, 0.9930592851862208
661, 0.9525523110358324
662, 0.9577328799145377
663, 0.9432100446272779
664, 0.9277678437079906
665, 0.8906261047126919
666, 0.9149327506749853
667, 0.9128213362304765
668, 0.9188390879037396
669, 0.9216334153043778
670, 0.965459626053772
671, 0.8929283929668568
672, 0.8892539818070715
673, 0.9159742050168947
674, 0.8863593835053698
675, 0.8748323695341308
676, 0.8284899694289867
677, 0.8781185275131632
678, 0.9486467786027264
679, 0.8382093707654756
680, 0.8926285620390201
681, 0.9085233533229542
682, 0.8543673320550654
683, 0.9008270624473964
684, 0.8992820459831544
685, 0.892382187473441
686, 0.8882740957528067
687, 0.8450708633600927
688, 0.8432097950195507
689, 0.8677583579698462
690, 0.8361667644243433
691, 0.833971788871392
692, 0.8825535484645649
693, 0.8415453682181568
694, 0.8429257036895056
695, 0.858433551623607
696, 0.8723370724461741
697, 0.8488939626078567
698, 0.8792706008109107
699, 0.8651378929529562
700, 0.8816640950460437
701, 0.8963711845717786
702, 0.892816534518427
703, 0.8530430915280555
704, 0.8629050752375752
705, 0.9460281030788722
706, 0.8627253550348265
707, 0.9204947096825853
708, 0.8761892131217581
709, 0.8876517233430967
710, 0.9290198659581608
711, 0.9083643884815461
712, 0.9088147332171597
713, 0.9166717210042169
714, 0.9048264050991973
715, 0.8993363036750867
716, 0.9024814990840659
717, 0.8950522253467589
718, 0.8721107684465204
719, 0.8734024384819472
720, 0.9152293292962204
721, 0.8691020408006385
722, 0.8678581234561648
723, 0.8594400015163237
724, 0.877198047100493
725, 0.8171768633809994
726, 0.7719911882989642
727, 0.8304277871243596
728, 0.7950820547953731
729, 0.7540798179419844
730, 0.8034377150597528
731, 0.7747544985951518
732, 0.8235985465061245
733, 0.7805887960925668
734, 0.7597234260703261
735, 0.7531533947406782
736, 0.7558297514958522
737, 0.7577146244166201
738, 0.7235569143306001
739, 0.6902344142341914
740, 0.7593725849800259
741, 0.7249173593606089
742, 0.7756373804942732
743, 0.7965195062326843
744, 0.7732645033950045
745, 0.7699318713197093
746, 0.7631828024894863
747, 0.7292806345103503
748, 0.8226573199812987
749, 0.7442679121944992
750, 0.6938972063876188
751, 0.7861676176081565
752, 0.7449881465805711
753, 0.787108533224523
754, 0.7003374001675281
755, 0.7510993887735212
756, 0.7411308870080083
757, 0.7225915054786408
758, 0.727728110312262
759, 0.7412534819177655
760, 0.6997252084705852
761, 0.7466480635010121
762, 0.7058361238598377
763, 0.7276974288340109
764, 0.7229292528840857
765, 0.6643629812669412
766, 0.7540369312662526
767, 0.7025922614615282
768, 0.7445400018419401
769, 0.7499666809601051
770, 0.7748533237657141
771, 0.7522831381369467
772, 0.7785231312312172
773, 0.7710903333992147
774, 0.7952400427433517
775, 0.7455988838522859
776, 0.7276317525667941
777, 0.7379359350752135
778, 0.7750116359889747
779, 0.7600981126001366
780, 0.7306084700110487
781, 0.7607557141849546
782, 0.7021353329907464
783, 0.7310921720337269
784, 0.728338456619105
785, 0.6956309881948947
786, 0.7028648154052476
787, 0.7037133333532798
788, 0.7145534809589233
789, 0.6855041316110914
790, 0.7330664773788141
791, 0.6506671517216316
792, 0.6582643704267156
793, 0.7370793381662856
794, 0.7228428749644932
795, 0.708157288966382
796, 0.8448458695938046
797, 0.7696810132546662
798, 0.7259214841845775
799, 0.7593391345471662
800, 0.6482513596680435
801, 0.7689161611898894
802, 0.7231298387022334
803, 0.6820888625001849
804, 0.73478992561315
805, 0.6871255161199223
806, 0.6943604487508159
807, 0.6891981838021024
808, 0.7623481225439565
809, 0.7609738970004005
810, 0.7116446931906901
811, 0.7420650779555258
812, 0.7410013360689511
813, 0.6892147699265363
814, 0.7679612934341432
815, 0.6824132022640368
816, 0.7036520715275202
817, 0.6976972868891074
818, 0.7225828757072472
819, 0.6968769351843805
820, 0.6968665880742123
821, 0.6868670935675849
822, 0.6836016166984387
823, 0.7037115349409423
824, 0.7062551499826641
825, 0.6396455687510211
826, 0.6747070040388837
827, 0.7146978932158379
828, 0.6966366973819431
829, 0.6933717049698229
830, 0.7008895474202904
831, 0.7948037422707507
832, 0.7287585950132113
833, 0.7483871355508048
834, 0.6896523364538192
835, 0.6722946063271373
836, 0.7140004624444748
837, 0.6862636405370437
838, 0.6723861301565753
839, 0.6686592839111748
840, 0.6591077151025407
841, 0.6461393300483864
842, 0.6304727600197102
843, 0.637235120187051
844, 0.6096462016088611
845, 0.6138696016340949
846, 0.6689474922380173
847, 0.6601466555667896
848, 0.6283373729242527
849, 0.6421361780294186
850, 0.5845397810260407
851, 0.5961289367643627
852, 0.589499371877566
853, 0.4966378012674953
854, 0.5169738113914789
855, 0.5464460332482969
856, 0.5492882128384676
857, 0.47177724161185913
858, 0.40569197114755484
859, 0.4489668790294908
860, 0.4678668268660319
861, 0.43761096274576944
862, 0.3980787885794758
863, 0.4416237850671723
864, 0.4038313611726342
865, 0.4605233288345718
866, 0.43385499777846437
867, 0.38857675745943127
868, 0.45564412136556665
869, 0.4074127842643869
870, 0.41558908559396984
871, 0.4179529631680686
872, 0.38970316240400665
873, 0.3702610439936961
874, 0.4575745338958361
875, 0.40916766003780464
876, 0.4046851493543199
877, 0.4494445372424352
878, 0.4228279890228429
879, 0.3813494439196066
880, 0.423030641311645
881, 0.4260339651600912
882, 0.37787102078361157
883, 0.41880807531151865
884, 0.35241921919283525
885, 0.38899999115255746
886, 0.363543411791644
887, 0.34707292203422146
888, 0.38140709746721924
889, 0.3713338076586094
890, 0.41453984407315614
891, 0.32900597801755943
892, 0.3329157253553004
893, 0.3535627068523612
894, 0.3507333948355724
895, 0.3361476332952739
896, 0.32434711072873135
897, 0.3628220422182365
898, 0.32074664362171057
899, 0.3610517854848099
900, 0.37201978936516605
901, 0.30329738240779525
902, 0.2842096048919084
903, 0.3283421386237353
904, 0.351548430693452
905, 0.3306149006179407
906, 0.3142045855131763
907, 0.3424330755719237
908, 0.29742876150297104
909, 0.3068260998454195
910, 0.31337779410481315
911, 0.33813465164260487
912, 0.3165039339203727
913, 0.2885177619177367
914, 0.2799891483391416
915, 0.33845971980618084
916, 0.27445523285595513
917, 0.35786286405396006
918, 0.29684717279546385
919, 0.3512823727040367
920, 0.32330247105017745
921, 0.3617039302943246
922, 0.35705628704861153
923, 0.31224359627030374
924, 0.30945183819377475
925, 0.2732999311026357
926, 0.29901424169040947
927, 0.30938283548990014
928, 0.3193161147355363
929, 0.26457080941852706
930, 0.2872308713046814
931, 0.2763081034105309
932, 0.2718380291398605
933, 0.26843046957097483
934, 0.29036386275636505
935, 0.25338991272416805
936, 0.2530832472395646
937, 0.24755316572045835
938, 0.30458773140911394
939, 0.25212898063707334
940, 0.31046169831720055
941, 0.27083284700399024
942, 0.26117332715812225
943, 0.23357757492366601
944, 0.2651205098445525
945, 0.29150048246369403
946, 0.25456312817047555
947, 0.22467780739048548
948, 0.26879648463458783
949, 0.2672705114542644
950, 0.23872527589284043
951, 0.21400664242334663
952, 0.25006095224016245
953, 0.23223680992570553
954, 0.23158116961034939
955, 0.243722799221979
956, 0.2618377304553043
957, 0.2631361822352469
958, 0.22775034403817623
959, 0.2868907482011405
960, 0.25719576481863415
961, 0.24831053704547673
962, 0.24580489551552753
963, 0.2681633116998755
964, 0.2427134670216606
965, 0.2684854035301096
966, 0.2349154325248217
967, 0.20991100421327777
968, 0.2494787728271038
969, 0.21297819932217557
970, 0.26375755032490583
971, 0.22271384341209427
972, 0.23018021373554526
973, 0.26113926630021017
974, 0.2445243459317795
975, 0.24535993791651642
976, 0.2831792425969374
977, 0.2280504274548209
978, 0.24819825732656361
979, 0.21004739165329972
980, 0.24544206673806257
981, 0.21210200052517064
982, 0.26332433217114415
983, 0.19953227452530836
984, 0.2726127917199806
985, 0.30019292801975495
986, 0.285000640956943
987, 0.24132670089595212
988, 0.24199579163561613
989, 0.24149576355111046
990, 0.22587939931508283
991, 0.2504790910533428
992, 0.22795030381099957
993, 0.23559132708806704
994, 0.2975203443037948
995, 0.29232507932140644
996, 0.20081625952180418
997, 0.2555658471673669
998, 0.2604935231889838
999, 0.2826927033700842
1000, 0.3020003445309952
1001, 0.26264118529420394
1002, 0.2504029457034738
1003, 0.2672631985246894
1004, 0.24134214845137386
1005, 0.23048705850878864
1006, 0.25743132186255435
1007, 0.2480782144699347
1008, 0.2733969134968027
1009, 0.3416782595995105
1010, 0.2860070475365377
1011, 0.2705698737436735
1012, 0.2881818129521036
1013, 0.29392154667368425
1014, 0.3046918820035773
1015, 0.33808314664012606
1016, 0.27543608552199716
1017, 0.2664422461415162
1018, 0.30645710811164983
1019, 0.2878497235120113
1020, 0.2756100724021387
1021, 0.30077163952236324
1022, 0.31508904117924724
1023, 0.35550574258506723
1024, 0.29866864968640877
1025, 0.3399226992801157
1026, 0.3358022796293556
1027, 0.3567407280878662
1028, 0.351613182040668
1029, 0.3767461488815192
1030, 0.3364141147846538
1031, 0.341362426904059
1032, 0.34762975825199327
1033, 0.3225488808856775
1034, 0.3870088888078491
1035, 0.3670684431443842
1036, 0.3689919912975216
1037, 0.33919584700357214
1038, 0.4016665041973389
1039, 0.30872059261548157
1040, 0.3693914119178406
1041, 0.35989858444862327
1042, 0.3847512768006154
1043, 0.43335762141376355
1044, 0.394170670829749
1045, 0.4045262538793823
1046, 0.36229906661185973
1047, 0.4341333103379542
1048, 0.46690296442499396
1049, 0.4344530078773824
1050, 0.4180851805081491
1051, 0.42433132395381945
1052, 0.504266841847411
1053, 0.5223303534688999
1054, 0.47833284531241144
1055, 0.5196736518758612
1056, 0.49738663100759195
1057, 0.5294021131206145
1058, 0.5121450356404946
1059, 0.5228775115301454
1060, 0.5721154443614198
1061, 0.5390322485802751
1062, 0.5677721929872113
1063, 0.5910122695412595
1064, 0.5774873308997175
1065, 0.5779219463182405
1066, 0.6784874031598672
1067, 0.6883521593434955
1068, 0.6963553717752309
1069, 0.7333496836173283
1070, 0.6467411484180997
1071, 0.7575848364123381
1072, 0.7323551719728074
1073, 0.7291755940730896
1074, 0.735511470188136
1075, 0.7800487135714185
1076, 0.7098728757258921
1077, 0.7105574625451638
1078, 0.7169163641727881
1079, 0.7307149790116052
1080, 0.7585951374835683
1081, 0.7797991303980022
1082, 0.8754805954385081
1083, 0.8333318801414388
1084, 0.8475712784382854
1085, 0.878320343167743
1086, 0.9527408947411278
1087, 0.9862135866705463
1088, 0.9711322901920326
1089, 0.9998939894193966
1090, 1.0174991145651489
1091, 1.0278293795205466
1092, 1.0752272108709493
1093, 1.0810755209138136
1094, 1.0210925465119354
1095, 1.1249073116181587
1096, 1.125680348921144
1097, 1.1783124843020234
1098, 1.195608740476726
1099, 1.1669280076195652
1100, 1.2299634840018774
1101, 1.288556316076362
1102, 1.2822962031287415
1103, 1.2723487204713617
1104, 1.337988057684339
1105, 1.3477818652488855
1106, 1.4009477661340006
1107, 1.3294853098184447
1108, 1.3442664361189454
1109, 1.396629448678456
1110, 1.455540871168715
1111, 1.5203029964064192
1112, 1.5148939293107173
1113, 1.6137816711007777
1114, 1.6576733762274876
1115, 1.633932281267461
1116, 1.6297747183527997
1117, 1.6683495551326246
1118, 1.742292568608156
1119, 1.784482044415347
1120, 1.8192020682758974
1121, 1.9341101071585118
1122, 2.0415484756888236
1123, 2.0292371654990835
1124, 1.998047885880433
1125, 2.033958918820955
1126, 2.099943370027161
1127, 1.9857901529614599
1128, 2.066852664186501
1129, 2.1293255171603813
1130, 2.034359959215396
1131, 2.015812363284925
1132, 2.0380496599845643
1133, 2.075142798669544
1134, 2.003314771637349
1135, 2.154934155556758
1136, 2.0839663714892387
1137, 2.085376940275875
1138, 2.1382413816057735
1139, 2.09712149935652
1140, 2.132936625348357
1141, 2.114700822973531
1142, 2.1275520823514316
1143, 2.1445643416074853
1144, 2.1674972115702054
1145, 2.123188326197807
1146, 2.168395166642759
1147, 2.1342220297892553
1148, 2.2082576300382066
1149, 2.154095040934992
1150, 2.2127861302289715
1151, 2.186133888966785
1152, 2.1976814106290425
1153, 2.1769743672946817
1154, 2.233552355850571
1155, 2.2491354975886795
1156, 2.254418065048188
1157, 2.2231075063408228
1158, 2.3054275385409206
1159, 2.2431978655386877
1160, 2.263319353628724
1161, 2.3524518507060344
1162, 2.2851663726295124
1163, 2.307479505802472
1164, 2.2887889009492977
1165, 2.226114027182984
1166, 2.2892070572957053
1167, 2.28219655825785
1168, 2.338613363575351
1169, 2.2239711195189598
1170, 2.3126765033940613
1171, 2.3167184010566984
1172, 2.3352742777166635
1173, 2.2905562069407224
1174, 2.2864184654538544
1175, 2.25642284762279
1176, 2.3317829164823043
1177, 2.3191488889203025
1178, 2.315880702958184
1179, 2.3087009261538056
1180, 2.2922978638262226
1181, 2.266260841604219
1182, 2.2652182185073158
1183, 2.2198021496834954
1184, 2.277017026131464
1185, 2.3120568313894285
1186, 2.2639696970191494
1187, 2.285306345042283
1188, 2.3061890832614864
1189, 2.3525608622683083
1190, 2.3361318646933933
1191, 2.35379407612727
1192, 2.3690932842109906
1193, 2.351433631584194
1194, 2.2933468733804925
1195, 2.3417042532320482
1196, 2.3159968470445484
1197, 2.3042061226896196
1198, 2.3515680850246166
1199, 2.343893158465402
1200, 2.367193887292977
1201, 2.426795196974945
1202, 2.437217436562954
1203, 2.428841423888058
1204, 2.313222333593195
1205, 2.384437547397153
1206, 2.376411748212592
1207, 2.3782026166328554
1208, 2.379500281542068
1209, 2.4482399665229946
1210, 2.3793246817930975
1211, 2.4383723971015496
1212, 2.3241978896571562
1213, 2.4316208749112085
1214, 2.4171278723651044
1215, 2.301089675648453
1216, 2.4193983220603044
1217, 2.427739320896082
1218, 2.411035277836813
1219, 2.4087583646487345
1220, 2.440426141609305
1221, 2.479993212878281
1222, 2.3709486010883767
1223, 2.3109130506630833
1224, 2.388557333275302
1225, 2.5085189792929
1226, 2.412636325081768
1227, 2.446947536432595
1228, 2.486648938467787
1229, 2.4098907718366265
1230, 2.499117440915301
1231, 2.41237092437579
1232, 2.4727380461459405
1233, 2.4332647203854747
1234, 2.5347837483261872
1235, 2.464780366336551
1236, 2.502008818951891
1237, 2.5564740510001367
1238, 2.478685713028893
1239, 2.4761750499996977
1240, 2.5107794715831733
1241, 2.5636841951150755
1242, 2.458984253389966
1243, 2.514980436297403
1244, 2.5920051811456286
1245, 2.609668500901636
1246, 2.5661946908899043
1247, 2.5992076342382684
1248, 2.6256088141990306
1249, 2.70204730852923
1250, 2.6467333572820526
1251, 2.6639142563651323
1252, 2.6079596597649024
1253, 2.6397287958262883
1254, 2.645220724184859
1255, 2.6605349461264205
1256, 2.644477975522573
1257, 2.6598772263226333
1258, 2.6153926402365655
1259, 2.624326443777895
1260, 2.630398947918919
1261, 2.5763515795506895
1262, 2.6280920404511923
1263, 2.5115323352063235
1264, 2.543327212215637
1265, 2.4313175581570126
1266, 2.464764116410291
1267, 2.4679566467695095
1268, 2.511289884684943
1269, 2.5465447277750375
1270, 2.391386072904434
1271, 2.3862354231174834
1272, 2.338835748786553
1273, 2.2463557283533486
1274, 2.258856683231747
1275, 2.2498097152081225
1276, 2.246450577845519
1277, 2.222936086844222
1278, 2.1938211980243842
1279, 2.284394175778858
1280, 2.1510745214796283
1281, 2.2336056304401306
1282, 2.1761711167285207
1283, 2.1870345586754634
1284, 2.14980392255033
1285, 2.215770065334368
1286, 2.032351958404237
1287, 2.0229121715515443
1288, 2.112015138700208
1289, 1.9268330703613308
1290, 2.032790327158428
1291, 1.9392535877825516
1292, 1.9233075821770482
1293, 1.8291248277090266
1294, 1.9492604402356843
1295, 1.9086132616264724
1296, 1.7603910779681535
1297, 1.8190070001509195
1298, 1.8329000114462122
1299, 1.8006014144832978
1300, 1.789958100192693
1301, 1.7695459796393245
1302, 1.827805148440388
1303, 1.790920640764252
1304, 1.8527430816349146
1305, 1.7964160017826667
1306, 1.884247523630031
1307, 1.8973675695916434
1308, 1.7070493305057213
1309, 1.8228269452196944
1310, 1.7352867906860308
1311, 1.7647305846253893
1312, 1.8637654074339292
1313, 1.7628464787510039
1314, 1.7574075716964839
1315, 1.829630074193225
1316, 1.8015115124962204
1317, 1.7969019082018975
1318, 1.741673926515809
1319, 1.761789104356339
1320, 1.8410555892496092
1321, 1.857248180539166
1322, 1.877914477036059
1323, 1.810441000769551
1324, 1.7884302545465587
1325, 1.740209436452049
1326, 1.8732452991631798
1327, 1.8100319464615342
1328, 1.8536244323044067
1329, 1.8688770787877533
1330, 1.8237555482470256
1331, 1.7952825768783498
1332, 1.7820322095115093
1333, 1.832659408842503
1334, 1.8380053389700945
1335, 1.8508971284712108
1336, 1.8442208331392376
1337, 1.8955411162193896
1338, 1.771878412629902
1339, 1.8165618542897168
1340, 1.8430169676354529
1341, 1.808336874721625
1342, 1.8893422620134883
1343, 1.8946002180516943
1344, 1.8412670274189131
1345, 1.8759824310336073
1346, 1.8999008467539893
1347, 1.8565648787274711
1348, 1.8541647022813363
1349, 1.8668120907457317
1350, 1.793161752057323
1351, 1.8414547937541168
1352, 1.851881876594659
1353, 1.8455254967736197
1354, 1.9035258675754025
1355, 1.9764377173633692
1356, 1.9789957111934526
1357, 1.8961998454332554
1358, 1.947826984939767
1359, 1.8562182137208625
1360, 1.8794005464548802
1361, 1.8439404943088489
1362, 1.8316921915939304
1363, 1.9688416245490217
1364, 1.8427664036949254
1365, 1.858482256127251
1366, 1.794702078735593
1367, 1.8560870337043525
1368, 1.9755801739212766
1369, 1.9291249693478325
1370, 1.8091360607102003
1371, 2.001650458682949
1372, 1.8562429412939843
1373, 1.923493085885571
1374, 1.8752813997301472
1375, 1.9119349512494221
1376, 1.8434589088477613
1377, 1.9423080478051324
1378, 1.9530932865483657
1379, 1.9008800279692444
1380, 1.97151864895696
1381, 1.9410189629144183
1382, 1.9254994713408504
1383, 1.8679972076442701
1384, 1.943608162169894
1385, 1.914243592209394
1386, 1.9682491909536441
1387, 1.9958914653535877
1388, 1.9080195127352078
1389, 1.9580098374584225
1390, 1.926423468245271
1391, 1.9413292508397817
1392, 2.0049214044564883
1393, 1.9837986800770355
1394, 2.0244480604969617
1395, 2.007612578589836
1396, 1.9997448307007353
1397, 1.9936746482616037
1398, 1.8769190358794083
1399, 2.0197939021487072
1400, 1.9741137834637132
1401, 1.9597630979300722
1402, 1.9002614993087625
1403, 1.9179914521553512
1404, 2.0472390890920935
1405, 1.9085360424366682
1406, 1.929323315707517
1407, 1.9750203063843967
1408, 2.072336156783099
1409, 1.9529785403170397
1410, 1.923896212862229
1411, 2.0058514061645965
1412, 1.9848304846901395
1413, 1.9641279209019766
1414, 1.9874338842137171
1415, 2.0120573313535157
1416, 2.005541928205357
1417, 1.9871867103206113
1418, 1.9840021901821054
1419, 2.000101912132792
1420, 1.9781091494509526
1421, 1.9793532237645697
1422, 2.0144585751535793
1423, 2.0266591771389537
1424, 2.072742168283041
1425, 2.029907349743881
1426, 2.0471777487195917
1427, 1.996828517731888
1428, 1.9838880315814522
1429, 2.04941901905579
1430, 2.0160697790175943
1431, 2.0150997733926554
1432, 1.9643644629629653
1433, 1.988726109066392
1434, 1.998300093744643
1435, 1.9603714929010148
1436, 2.0560272855002752
1437, 2.0481151704884706
1438, 2.0228237127846316
1439, 2.0627418721222464
1440, 2.036110230775161
1441, 1.9519104192350438
1442, 2.0288433304547544
1443, 2.0336917765715015
1444, 2.1136550742774225
1445, 1.9631624645601244
1446, 2.071985044490726
1447, 2.070211250670478
1448, 2.0663570613075866
1449, 2.021492942524187
1450, 2.007609176954709
1451, 2.0613247601276954
1452, 2.0219705715381635
1453, 2.006951009398027
1454, 2.0415287423900095
1455, 2.045018048814997
1456, 2.1131841528092514
1457, 2.045638099578731
1458, 2.0325241849384645
1459, 1.9657211330707112
1460, 1.97646648862227
1461, 1.9750208306243642
1462, 1.9620441799234314
1463, 1.9289888530133363
1464, 1.8647416953562326
1465, 1.8539150954638866
1466, 1.9459908942175048
1467, 1.9927526500635502
1468, 1.9330660933285115
1469, 1.8899757552096923
1470, 1.8372686543910708
1471, 1.9033325299391508
1472, 1.8215667325397882
1473, 1.8603280248255551
1474, 1.8422149470744404
1475, 1.7974557638350845
1476, 1.79793428677823
1477, 1.7962852407559353
1478, 1.7839711893429975
1479, 1.716639281992641
1480, 1.6324751762071779
1481, 1.6093991912834553
1482, 1.5164624789929917
1483, 1.4450006635794217
1484, 1.4251836326658254
1485, 1.3985883329056479
1486, 1.4006967799796957
1487, 1.443785568762783
1488, 1.413171100006841
1489, 1.349628375717064
1490, 1.3286322158380555
1491, 1.3660285208913905
1492, 1.2159496070802576
1493, 1.2863820582139813
1494, 1.2907335877830455
1495, 1.3897035253177232
1496, 1.3407467265097737
1497, 1.3306877553389327
1498, 1.3489667713658668
1499, 1.3689963332031503
1500, 1.3373075755408261
good:
0, 0.07151014247283914
1, 0.07729686514103132
2, 0.07062465505648138
3, 0.07090041412826867
4, 0.07023389379268681
5, 0.06969587511787648
6, 0.06898063156329086
7, 0.06921254607985973
8, 0.06991379763407304
9, 0.07049830205947992
10, 0.06966345305767217
11, 0.06948094290067824
12, 0.06924260535281022
13, 0.07036055512131507
14, 0.06914237134338228
15, 0.0708092903002921
16, 0.06899407134100474
17, 0.06974178767139785
18, 0.06850039420367103
19, 0.06907747923250347
20, 0.06917042157809301
21, 0.06972144619828703
22, 0.06922646272664823
23, 0.06959386699242531
24, 0.06969969999499998
25, 0.06918671516155847
26, 0.06827694320571816
27, 0.06955153823030526
28, 0.0693886528036058
29, 0.06881286166133502
30, 0.06782602384693034
31, 0.06943943085706032
32, 0.06832416580324246
33, 0.06964368052325835
34, 0.06851885423991194
35, 0.06850136814998002
36, 0.06862417811784303
37, 0.06938234591585545
38, 0.06736316045753492
39, 0.06877922994444612
40, 0.06881591874979204
41, 0.06797238863078818
42, 0.06815826080624741
43, 0.06819613086473429
44, 0.06920203638483362
45, 0.06863393620726672
46, 0.06649041361374364
47, 0.06893165957398091
48, 0.06795730622549893
49, 0.06773557637940948
50, 0.067970382803457
51, 0.06729294329401378
52, 0.06869869993995364
53, 0.06877537396687201
54, 0.06766306043589834
55, 0.06770791525086833
56, 0.068039593084072
57, 0.06755519239071653
58, 0.06797300833435382
59, 0.06810441219266382
60, 0.06817388204421716
61, 0.06927432987028136
62, 0.06813753119247067
63, 0.06831624620008048
64, 0.06831564957209724
65, 0.06763826544223975
66, 0.06838992535429711
67, 0.06772143263815061
68, 0.06845563219681117
69, 0.06966379513672857
70, 0.06763372968251788
71, 0.06758102056221141
72, 0.06799510693770314
73, 0.06890905535789747
74, 0.0674522501974495
75, 0.06804031154376654
76, 0.06883073279521752
77, 0.06819823187893935
78, 0.06702839219202046
79, 0.06976466919096877
80, 0.06849077207827269
81, 0.06816517111726528
82, 0.0682830551084596
83, 0.06857500388170595
84, 0.06787298656760968
85, 0.06811957094109972
86, 0.06950594812689426
87, 0.0685578058767251
88, 0.0679010192605502
89, 0.06868889003354706
90, 0.06912252906648965
91, 0.06819818610616121
92, 0.06877956736518033
93, 0.06781733932785751
94, 0.0685312737644618
95, 0.06880636064297842
96, 0.06911202560818926
97, 0.06822791914986434
98, 0.06871059390881493
99, 0.06738730752635527
100, 0.06797480880570878
101, 0.06752136995171881
102, 0.06837758102911327
103, 0.06825110212030737
104, 0.06740071237472574
105, 0.06970424131180435
106, 0.06866345508736546
107, 0.06771490872677159
108, 0.06827691482744305
109, 0.06814152353447966
110, 0.06852925251824436
111, 0.06748017846307806
112, 0.06889835445195039
113, 0.06964872291317412
114, 0.0701635729730337
115, 0.06828116319034254
116, 0.06843163276188524
117, 0.06888877582716099
118, 0.06877589201783296
119, 0.06810555135959816
120, 0.06999665956656052
121, 0.06937011502074855
122, 0.0684937362834371
123, 0.06950415076355483
124, 0.06952849580335412
125, 0.06846429934984398
126, 0.06864367700775428
127, 0.06890312833923001
128, 0.06942849711062726
129, 0.06883575119692652
130, 0.06981083485690862
131, 0.06920818162044386
132, 0.06846680185855027
133, 0.06788749573551019
134, 0.06890821205581822
135, 0.0694321962407068
136, 0.06867420263670858
137, 0.06992671066642164
138, 0.06797314618470246
139, 0.0692571492395739
140, 0.06845643090043398
141, 0.06866572507624412
142, 0.06817757405714879
143, 0.07037888066296442
144, 0.06929993383995633
145, 0.06961168747569356
146, 0.06966769639097604
147, 0.06880323773572328
148, 0.06916356374400796
149, 0.06799282678306949
150, 0.06884875483575496
151, 0.06808530828300151
152, 0.06881042083809569
153, 0.06915616732747035
154, 0.06892161449521261
155, 0.06781326749657234
156, 0.06897036255713486
157, 0.06832078812709215
158, 0.0700729587108291
159, 0.07014173166349806
160, 0.06779469235999808
161, 0.06896567119686374
162, 0.07003113579538468
163, 0.07026438473595265
164, 0.06961682771405683
165, 0.06895061960392021
166, 0.06951014146264747
167, 0.06892801298568525
168, 0.07024486331652441
169, 0.07082987111345213
170, 0.06938357523323298
171, 0.07039867203827271
172, 0.07145987769208763
173, 0.07148526803433339
174, 0.07015770966110928
175, 0.07109598126235273
176, 0.07102402466372562
177, 0.07043191994265441
178, 0.06989961975391122
179, 0.07095618694410917
180, 0.0717229270115745
181, 0.07091594730366022
182, 0.06991463261446437
183, 0.0711390141921829
184, 0.07100332804544889
185, 0.07216268065554578
186, 0.0719856885250862
187, 0.07226167032547026
188, 0.07307523902345738
189, 0.07259026790773068
190, 0.07320129622450748
191, 0.07461684539529448
192, 0.0719432885820624
193, 0.07192978079420193
194, 0.0725431401613556
195, 0.07365096987967681
196, 0.07512760225134549
197, 0.07288390562172783
198, 0.07281218383032735
199, 0.07428648958022412
200, 0.07230307184375423
201, 0.07216081900729567
202, 0.07278169344151411
203, 0.07212861365824236
204, 0.07227889286252534
205, 0.07369360715551748
206, 0.07511019015506375
207, 0.07185150259586642
208, 0.07122886734505604
209, 0.07183908854300729
210, 0.07209423935500316
211, 0.0714984717646085
212, 0.07243927697562426
213, 0.07324689177880225
214, 0.0691607009619032
215, 0.07119607652978581
216, 0.0706002517255669
217, 0.07316208845323577
218, 0.07110964494450804
219, 0.07190969244119065
220, 0.07058266051908005
221, 0.07044064104894039
222, 0.0707308684225119
223, 0.07053803611599165
224, 0.07156158863106299
225, 0.06992885205974386
226, 0.07024548983896166
227, 0.06858814564366075
228, 0.07056652795708171
229, 0.06856747512906826
230, 0.07271144029649809
231, 0.07128808716398258
232, 0.06982937365567742
233, 0.06924651297637939
234, 0.06976808472096772
235, 0.07033145473857245
236, 0.06967324066699426
237, 0.07145551517942916
238, 0.07144711139318576
239, 0.07067429653109106
240, 0.07303862506117155
241, 0.07076854604376799
242, 0.07178543567095176
243, 0.07132189762067437
244, 0.07486600296902148
245, 0.06895921615743836
246, 0.0722759366518016
247, 0.06845925423456546
248, 0.07684676162838798
249, 0.07693584829551015
250, 0.07181265100091869
251, 0.07129732911151015
252, 0.07060409779405293
253, 0.07209625474049669
254, 0.06799247231743583
255, 0.07318254295148191
256, 0.0731785164114863
257, 0.06823743954460182
258, 0.06622039461683897
259, 0.07250692812562248
260, 0.07001820469874113
261, 0.06676207550583989
262, 0.07683955659366491
263, 0.07598717305543716
264, 0.06652580196516522
265, 0.06895755343106609
266, 0.0707107274862677
267, 0.07298126765083741
268, 0.06087052473074365
269, 0.06825928586213655
270, 0.07306698619225964
271, 0.07740666985208898
272, 0.07115761982067408
273, 0.06644355354268272
274, 0.07709246580334746
275, 0.07877318227761532
276, 0.07121710121114581
277, 0.0712398160352953
278, 0.07733386171989483
279, 0.06636281862104702
280, 0.0726716141252786
281, 0.06790091638329698
282, 0.07179014155104832
283, 0.06696398458397042
284, 0.07511200002180479
285, 0.07196528656793907
286, 0.07076731162778267
287, 0.0683296452844123
288, 0.0751359173744868
289, 0.07130033599509694
290, 0.0740524505483241
291, 0.07787298872086491
292, 0.06858648824712925
293, 0.07541327195802457
294, 0.07121737918780054
295, 0.07296898437629155
296, 0.0716565928695719
297, 0.07868875708639447
298, 0.07030942647366295
299, 0.07318236265335913
300, 0.07193040387158839
301, 0.0719228570481015
302, 0.07407151057142791
303, 0.08006466451987568
304, 0.07029765966875576
305, 0.07532757863467196
306, 0.0715874100457097
307, 0.06644902220400718
308, 0.08421869040355068
309, 0.07575139903476959
310, 0.07499860652124372
311, 0.07599014894430545
312, 0.07484836474996198
313, 0.0687861851443961
314, 0.07233418667815027
315, 0.07276313058492694
316, 0.07305676460410657
317, 0.07089661124734432
318, 0.08154208150216607
319, 0.07582864641376724
320, 0.08535558064714574
321, 0.07915838769537378
322, 0.06749708297851142
323, 0.07389215691440995
324, 0.06340858889508616
325, 0.08094300749532778
326, 0.07777097693808997
327, 0.07728803117129739
328, 0.061212994974807255
329, 0.0754315173387076
330, 0.07894376588862839
331, 0.08172924624956904
332, 0.07387739796663988
333, 0.07936165168199823
334, 0.08192424990725508
335, 0.08459650210504491
336, 0.0705626400917535
337, 0.0768173942091923
338, 0.0800401048830638
339, 0.08057643436421008
340, 0.08067497865114677
341, 0.09387231446768873
342, 0.0859850422893256
343, 0.06254327004578389
344, 0.0763985355656964
345, 0.07859723859702504
346, 0.0799803524204792
347, 0.07418372876583765
348, 0.08455878448041525
349, 0.0662391819628367
350, 0.06930265846462368
351, 0.06959826551054168
352, 0.058144527546970234
353, 0.08263665061962186
354, 0.06873927255117258
355, 0.05693984183528494
356, 0.10616231253745254
