3.527979215047602, 230.70848547333858
0.5635224949619165, 8.760593422511622
0.5828629970305248, 8.639085748425419
0.5798251640636779, 8.619368964954608
0.5717849973528126, 8.455861220328767
0.5751873216545114, 8.34895851787363
0.6206120884991967, 8.166528368043338
0.5666096024816506, 8.110310545003662
0.5653473137942693, 7.885329688784982
0.5687859037412476, 7.765929861307825
0.5758920229347664, 8.240634420594308
0.5773532059196468, 8.11932320971479
0.5756184656036545, 7.9878091820837325
0.5727659412582963, 7.8450355809904035
0.5704499429175214, 7.706659456843676
0.5691225710055662, 7.560034158857974
0.5643763566274939, 7.419354239260817
0.5636307293366954, 7.26017669766396
0.5625584663034827, 7.104759433843228
0.5603912345498994, 6.933283522041298
0.5612186061367938, 6.754273176472594
0.5604507691404343, 6.560913016482482
0.562453627473705, 6.372476043113157
0.5628534178353808, 6.1913772890148895
0.5654953994012502, 5.997762191882203
0.5635550278108139, 5.804139739814765
0.564093349522815, 5.608410292989112
0.5645762264876784, 5.4091154914789605
0.5640085210787202, 5.205264412854666
0.5652647888512286, 5.016109557695174
0.5640103759497129, 4.826806246910067
0.5651630055571186, 4.64273175350466
0.5639459945406345, 4.464012058023878
0.5644317765318502, 4.2683663559581895
0.5611947831661844, 4.079051098652334
0.5635687261275051, 3.902773001291518
0.5617124572674868, 3.7199635525045225
0.5643742308325214, 3.5581835748608945
0.5674263536721172, 3.4052456226055887
0.567967447565483, 3.257434033953282
0.5693389844257775, 3.1231241210219127
0.567057338355818, 3.000426704232223
0.5652415779341136, 2.885120237839463
0.5642474025805196, 2.7855234580716335
0.5678951756115762, 2.701321678974415
0.5670875292961642, 2.6227640454281618
0.5672873676226571, 2.57247280985663
0.5661040950753526, 2.5271576157633024
0.5657427075581813, 2.4936805410312246
0.5669589914860664, 2.472676231436604
0.5659424017112616, 2.4588015473017135
0.5661786031685359, 2.452040069474562
0.5691396857116194, 2.4632608171726553
0.5707110418959582, 2.477945817228058
0.5723533936235339, 2.4979879392003945
0.5742518972870974, 2.5172043840429916
0.5753918945730313, 2.5290194139623297
0.5771348897303741, 2.5426918823171234
0.5751117003188708, 2.5641805737693195
0.5745581856075341, 2.584097358581415
0.5747966722991189, 2.6041143542117267
0.5757774945298045, 2.6255374670984075
0.5741848423275924, 2.639558249676573
0.5731655775382437, 2.6507236918608426
0.5690416626212639, 2.666337432793683
0.5661990407889697, 2.6901471400778636
0.5666028396886853, 2.7149711237219374
0.5631911505595909, 2.7443572961593197
0.5654425947542963, 2.768613779087102
0.5652048791161794, 2.791506335742451
0.5652654532605871, 2.815026082240963
0.5640193233026133, 2.8429732306166717
0.562846638057874, 2.868480405851168
0.5638525011317272, 2.8994953184695738
0.5628524748101522, 2.928915175541996
0.5654921574162511, 2.9476503368569964
0.5622761973734786, 2.967164774740909
0.5622254814266476, 2.989456632791438
0.5596011347499831, 3.009276499987512
0.5589622725397738, 3.030884594308971
0.5602179105423896, 3.0480335932463034
0.5605195804881721, 3.0646544823614428
0.5632595871284873, 3.08557967948937
0.5610640599747111, 3.106369799388081
0.5630981868262422, 3.129163775019899
0.5617532929764208, 3.143508498408403
0.5651721023621057, 3.1674439169840256
0.5651511131423862, 3.179000886711298
0.5659342847001172, 3.1970053046304385
0.5658096767946026, 3.216181620690559
0.5661604307210453, 3.233702399115196
0.5659524330976378, 3.260735155019332
0.5612967061772244, 3.272304464223223
0.5636961034419997, 3.2899419797194853
0.5640964316787892, 3.2974033790756003
0.5661959109662185, 3.3199827386716207
0.5664040747445485, 3.3264614958293044
0.5648692832720996, 3.3447465282664757
0.5653564079588959, 3.3578022295349625
0.5633540879473347, 3.3648068951046035
0.5611153242493561, 3.3842556322055986
0.5615658332053891, 3.385778951154875
0.562351203684378, 3.4082274351133948
0.5598895496896603, 3.4147017207735693
0.5582991736672913, 3.3878759737929953
0.5547383295342919, 3.350186699360072
0.5519705441707067, 3.3227287072480287
0.5524138132671517, 3.282322186616381
0.5533955162061833, 3.247554800665861
0.5550064872177765, 3.2142537035160004
0.5552091745990487, 3.169599811625372
0.5557574978376958, 3.1250678423592224
0.5577172486725426, 3.0676311808326946
0.561529718473702, 3.0191797437090044
0.5621931071740216, 3.014635260606742
0.5632584901615016, 3.0165340455486893
0.5650317857003806, 2.9971201454789442
0.5668087120395238, 2.979881901202306
0.566473803190649, 2.968230739864771
0.5669117162743664, 2.9566668299021415
0.5662023854257703, 2.930873695726697
0.5668429307909532, 2.9174017379411197
0.5672782661266865, 2.902777117549599
0.5657654958268495, 2.896487979137824
0.5669795343977454, 2.877985121805393
0.5683200244503199, 2.8589802867138934
0.5665757910179893, 2.858048688310819
0.5660583825292547, 2.8671920672982876
0.566641225225634, 2.867123616702984
0.566787637333911, 2.8657492315202195
0.5681685820525424, 2.872288921725499
0.5691455768929619, 2.879033699789063
0.5659098681210702, 2.888501113945177
0.5656996988929981, 2.897023959370875
0.5642765257194821, 2.915824875579341
0.563640118157592, 2.937137814670849
0.5652674670784095, 2.9575323325185936
0.5649182295195351, 2.980061674044381
0.5657302230369942, 3.010582748815888
0.5651346987870336, 3.0393975879244866
0.5662906205200466, 3.0869135980083873
0.5638467626449801, 3.1341783973031743
0.5682486303878427, 3.1763952813594476
0.5665208316254919, 3.229152860833312
0.5666544762844387, 3.2704376921538496
0.5673558089824414, 3.3199648396325365
0.5643115289881785, 3.3721523096171167
0.5645992563988794, 3.4329648862421704
0.5621348269318507, 3.492483807602818
0.5637150455192389, 3.5613602021413393
0.5618140978304267, 3.631979872967681
0.5619655358112665, 3.6996508843747407
0.5597108702637921, 3.7704098761923164
0.5611438066348868, 3.8180354591103742
0.5599480138698989, 3.8885689596453745
0.5580569780162484, 3.939709177654211
0.5613204997976288, 3.9972876069104815
0.5613825144418534, 4.036065478148661
0.5602685072131581, 4.07157895085789
0.5582704655373515, 4.1009638118382075
0.5581887738262847, 4.116461123544108
0.5587013177911249, 4.125189985040841
0.5588852077003226, 4.1383722996664005
0.5608072451936109, 4.154083068774949
0.5594705374904733, 4.1569487222172
0.560054760812364, 4.172530180768855
0.5581938716311564, 4.176882112979927
0.559193943785578, 4.188764093300432
0.5587593285052528, 4.208571644668869
0.5586734883486573, 4.2252412042276015
0.5575206162651789, 4.242584282765541
0.557045404959383, 4.271989129209146
0.5579352099521728, 4.29766095611876
0.5561798401089062, 4.32140077280769
0.5605295734527973, 4.345382247582669
0.5605546424521564, 4.366729545095554
0.5626333221573597, 4.386809809784152
0.562168855207492, 4.404866955163921
0.5608834502694037, 4.4176900882084125
0.5600925556290316, 4.428511610062243
0.5594004024160997, 4.434941671387831
0.557231994822348, 4.424406117987085
0.5567508494164302, 4.416365686870742
0.5567470508382897, 4.428031855498828
0.5558927034039165, 4.440713564390753
0.5545017875314184, 4.446920527111173
0.55256129803361, 4.4606084673188935
0.5521659552100904, 4.461311266291052
0.5546253674353727, 4.457937054326216
0.5559976596275699, 4.458533903223515
0.5569132587169959, 4.466145257710964
0.5582878581922437, 4.473718924235773
0.5600716774323431, 4.477458452204052
0.5566491701836045, 4.460820169923465
0.5572539496538973, 4.446251181667238
0.5571141243938229, 4.441261193590184
0.5584289453967031, 4.423444316095097
0.5582410068465264, 4.417612599496669
0.5570365678769578, 4.403411444713237
0.5567333735736312, 4.4049750716459775
0.5594454550338637, 4.400674982650978
0.5619173121613249, 4.407031359061158
0.5601592536096861, 4.409941494110174
0.5639868145953686, 4.422724596415508
0.5642572678174065, 4.436500520312155
0.567388988217082, 4.4410471596506955
0.5665317266787075, 4.458401857511861
0.5668406498766412, 4.485840190572159
0.5693743765040482, 4.516454246252238
0.5712881647694457, 4.532931900511326
0.5701504091576612, 4.549097942061947
0.5690405899551834, 4.571558582472283
0.5672639552992287, 4.599887169795659
0.567314175284359, 4.621885913891353
0.5661681715009812, 4.636470088507064
0.563425068402499, 4.6569462415085106
0.5623999161588774, 4.66923051729532
0.5643615340008663, 4.6722399055370065
0.5611572036047502, 4.674947628426091
0.5603664932309211, 4.671251176039853
0.5597215442807708, 4.678733809997442
0.557956484275143, 4.674059877116001
0.5608752304439073, 4.669822098080343
0.5602001272970967, 4.67239767565316
0.5596368068484371, 4.666730557099352
0.5609462984834643, 4.657777256623581
0.561458277229549, 4.6536106610317844
0.5590263606683342, 4.631379666872958
0.5599388870500788, 4.615508031746278
0.5614541340897613, 4.605125857259081
0.5627368923482106, 4.586063633983519
0.5648477356308474, 4.564769641992809
0.5638339191461267, 4.5354142128987665
0.5645713440352323, 4.5082070052821255
0.5642976173309877, 4.485514063789753
0.5628084091405874, 4.4568279329689116
0.5655912159785776, 4.425267104840536
0.5641601420906525, 4.4015985809043014
0.5665946895097298, 4.379685319853269
0.5644808418937807, 4.354588681418674
0.5595877975606485, 4.3287195552824675
0.5588224070363449, 4.316719999678596
0.5606071621208383, 4.295260043905654
0.5601074898121505, 4.286452488542779
0.5594843893092356, 4.288144673872868
0.5612307065990569, 4.297416838894459
0.5585820927393319, 4.313056357435527
0.5582765577584756, 4.330247037409244
0.5581111666269923, 4.343744985964813
0.5571864268763292, 4.364934482407444
0.5614464769687566, 4.3829649967096636
0.5596314663057353, 4.39284739773923
0.5567609956555293, 4.424834407513512
0.5554036174629065, 4.437281558362668
0.5551977623923965, 4.444688455711316
0.5562297062209401, 4.455497356395002
0.5571862960476326, 4.460325110204838
0.5588482788591485, 4.465621611706271
0.5576781040956422, 4.475794865304186
0.5575640478597894, 4.484908596204514
0.5582709125971878, 4.503614179245295
0.560421196811447, 4.522608383583354
0.5594559652797069, 4.530262306240397
0.5606997173385221, 4.546041264584038
0.5626409149315741, 4.554668745489748
0.560261915397567, 4.56826787403536
0.558291497143095, 4.58042031573527
0.5574473042091282, 4.609236065087149
0.5591036373224424, 4.628601013048552
0.5595316713250488, 4.6549651336213795
0.5574072617504979, 4.680193832718235
0.5558238646377042, 4.703362450268184
0.5556360898205136, 4.743547053889793
0.5543640733775937, 4.784209632862651
0.5536716393099528, 4.832644209922292
0.5539247974373893, 4.872321739014106
0.553294660423733, 4.919160981612309
0.5530782586700262, 4.9595681070367466
0.5526656699321792, 5.004260604155716
0.5537530857797454, 5.047944279882283
0.5551243103636678, 5.1004001111824495
0.5542766594399368, 5.162109198152683
0.5548689217051692, 5.211176694199025
0.5561240439339211, 5.2586804314263365
0.5567704179858592, 5.308414466318196
0.5563862026517479, 5.365869638777235
0.5579145165901327, 5.422144346618427
0.5593149023474728, 5.469945335376752
0.5572052313439626, 5.514849227563292
0.5552935061599678, 5.559554449348094
0.5529471578847966, 5.589314601596158
0.555291718310871, 5.618591561379619
0.5562405948670479, 5.6358096792222305
0.5567351553450532, 5.650595670169124
0.5585146561791186, 5.652647401078179
0.5578930391503306, 5.6589212924029075
0.5558288871643573, 5.658280636856861
0.5578447502098185, 5.654246268430492
0.5576133158486468, 5.649332629453282
0.5590706065668145, 5.642705908829016
0.5637534617581437, 5.633100176603628
0.5623665880987492, 5.623035513045793
0.5630416128738573, 5.616027449869543
0.5610833592070318, 5.616291159245256
0.5585239072779538, 5.626269855692188
0.5639408697112834, 5.62828773002069
0.5669513748152601, 5.628701803417104
0.5658522583769355, 5.632104044678263
0.5664090411710048, 5.63494549132596
0.5638773741375168, 5.639691403975326
0.5564547299816747, 5.651604537153874
0.5563046707325188, 5.655529687944458
0.5533303178816532, 5.67143963079995
0.5548281362367894, 5.6757516850050695
0.552514620089613, 5.679016522599717
0.550728976448279, 5.682675802550978
0.5486888839862891, 5.6919928162355875
0.5472678117890994, 5.704732406163985
0.5445914080895733, 5.731036517533427
0.545986666740921, 5.742365939832597
0.5494453021976099, 5.760922833882857
0.5472357084921942, 5.784391480663155
0.5514467665071833, 5.799433055511759
0.553341778054022, 5.816624854524274
0.5554376916744584, 5.833562067294246
0.552406274099556, 5.860395881069513
0.5531776376021894, 5.870953576578186
0.5517087082850578, 5.889999568882937
0.5541131232831, 5.889372410248481
0.5559634470797683, 5.8926541754557915
0.5565098287147778, 5.88788569074543
0.5613585750065531, 5.881697091564375
0.55820096951449, 5.878585897869449
0.5544651940688845, 5.871847396178795
0.5546574782963486, 5.8706709494362315
0.5557865368810878, 5.856403290332752
0.5554460868708725, 5.85285323327345
0.5562137918965402, 5.842362191086924
0.5578662911387797, 5.846707270403334
0.55657511906012, 5.836052715368581
0.5557465426917914, 5.834474056574209
0.5525013759588974, 5.8283630501222765
0.5533948324199054, 5.8263517503963485
0.5538821469031177, 5.825360768577006
0.5503292548038965, 5.8192569112742145
0.5489173048536893, 5.816260747234397
0.5524418336176684, 5.814778477084621
0.5509880905726027, 5.81226169876124
0.5491144666299796, 5.80552178038526
0.5480171241591422, 5.815508640301593
0.5484485254995753, 5.814903290317947
0.5496202918800857, 5.822861801147627
0.5506450278885383, 5.8263702937849455
0.5502130300206868, 5.840255654809435
0.5533787470140402, 5.845288361538397
0.555394147422706, 5.854082412684123
0.5520064364932062, 5.864613332579627
0.554445946677455, 5.877419233872967
0.5569662283904584, 5.888568534811524
0.559532023551841, 5.902420106266851
0.5593457988423871, 5.919012509428079
0.5596505996989772, 5.932533197186051
0.5576737357832988, 5.956577844535874
0.5568038404381767, 5.968987526427482
0.5555151722768485, 5.990026504368337
0.5559146458142026, 6.006297322176431
0.5546828161660897, 6.035175854941454
0.5545751008242739, 6.0550398363669675
0.5517874600251197, 6.075820818459501
0.551024732199482, 6.096204389175815
0.5504640324983318, 6.120436928410496
0.5491798487764622, 6.142795807776349
0.5510273577800631, 6.154094298606637
0.5523512991290687, 6.179880945200322
0.5547389884983162, 6.194879541652734
0.552054800124213, 6.208597847770689
0.551897028051146, 6.212199253037722
0.5501822107820351, 6.225816472189921
0.551283167918981, 6.237897900044574
0.5504180642481795, 6.23724414507385
0.5513651014683635, 6.243600288727254
0.5499205048662377, 6.246447767795055
0.5474510370796627, 6.252325719270726
0.5475421876810583, 6.25421458319298
0.5466136910338697, 6.262620718317562
0.5472040318127415, 6.278439446770909
0.5496831134781914, 6.2851373370516965
0.5515524404336161, 6.282034963658705
0.5502135190052613, 6.276561254266171
0.5506989274285138, 6.285303287729212
0.5513494025099999, 6.285115557718683
0.553478856079396, 6.28628334247615
0.5541241247924662, 6.278176425479895
0.5534629072053219, 6.260911406797328
0.5533662003619119, 6.251530061199416
0.5539416332103214, 6.2240341051936285
0.5523005901717927, 6.2081401729872505
0.5522248287636617, 6.192201796937449
0.5506632263034223, 6.183523165431934
0.5542412166414359, 6.170756486695837
0.5530482545842512, 6.151926689985937
0.5553195816002532, 6.133822968818858
0.5581145404920786, 6.121319721067655
0.5593711928282442, 6.113333575391019
0.5569276519074655, 6.093314284494226
0.5567244855783032, 6.088011548391618
0.5597007246264217, 6.085748460289074
0.5576888832926026, 6.084524743093637
0.5606711956724624, 6.086955297539049
0.5602107108921357, 6.110344849160688
0.5585783855933155, 6.157675660317309
0.5567280710475507, 6.194653096069723
0.5539742804784961, 6.23315655025973
0.5527792736834366, 6.264358941147977
0.5540121283337038, 6.308155977867582
0.5536993956995943, 6.344245705085756
0.5513244272018076, 6.372516035129427
0.5513510901095269, 6.402958679128228
0.5501453032568315, 6.427580730690859
0.5453695762028785, 6.416421375683522
0.5459218712812256, 6.395406659379022
0.5440005497746834, 6.3788231254296415
0.5432805738855822, 6.356787662410436
0.5469158997581752, 6.346792006454526
0.5500070284240992, 6.334663837268504
0.552300023999742, 6.317444566185172
0.5512130663997002, 6.308430695279767
0.5535601794728612, 6.302601970026571
0.5542811935317323, 6.288289162943821
0.5558518835841433, 6.292123841244483
0.5569730641646814, 6.285877961659947
0.5572906631880103, 6.277573230847916
0.5582396288569268, 6.281591654674875
0.5559068527451785, 6.271321369943982
0.5531724882710687, 6.255518508424596
0.5533053289231493, 6.251299594051059
0.5562931598131644, 6.230060729901721
0.5559376962811116, 6.213889843683435
0.5565823929839459, 6.191182120719523
0.5554261196516508, 6.176241499931262
0.5577941050003885, 6.14511577328285
0.5551371256741179, 6.12460547264914
0.5551990245889012, 6.105473773482943
0.5511296662120315, 6.092859172079235
0.5515738391603631, 6.0747885361100895
0.5502793980147456, 6.046741958308328
0.5493485550975663, 6.024577199473509
0.5473276450103757, 6.003649058298871
0.5465186838231315, 5.994449101979539
0.548400616930507, 5.968042914979298
0.5467593343593266, 5.961893029741969
0.5499708626616925, 5.953968638899731
0.5509476952611603, 5.9413329907384504
0.5530711078891384, 5.933630050391436
0.5530561727971977, 5.935017989242256
0.5529394630836411, 5.943433885798141
0.5537857957785801, 5.953145048339478
0.5566758637915405, 5.950657680575808
0.5576971986385636, 5.955453984341093
0.5576045029928494, 5.967144656561057
0.5581753209491433, 5.969727279526316
0.5575647018018147, 5.9691494625457375
0.5570750597630545, 5.959074617185331
0.557055579531038, 5.9466222010831356
0.5556632371723468, 5.927516641116714
0.5545692025199591, 5.916005292688012
0.5516498696776096, 5.909797029341232
0.548775944602095, 5.896582437713048
0.5485697447273145, 5.880773812121024
0.5486083765527295, 5.86291963715869
0.5471052917784636, 5.850785437856865
0.5486094618790174, 5.8361191869988485
0.5483360562162101, 5.826524980408779
0.5494455251726629, 5.81447581614525
0.5535821861961598, 5.794535150215161
0.5549173638085738, 5.7765979807122605
0.5572704470302716, 5.744178497612973
0.5595335237828784, 5.7283262126683665
0.559094052396603, 5.710501284604996
0.5592530324829565, 5.687017413366237
0.5599479454628606, 5.659984571228379
0.5618430925761627, 5.636553310987011
0.5620809278426244, 5.623818712636196
0.5633837860085483, 5.604020774047132
0.5580884109741715, 5.5912884377656145
0.5592758101727373, 5.575458837590259
0.5596686716706186, 5.567853437063978
0.5595804032529577, 5.549341576597394
0.5620511966627667, 5.53322330833955
0.5625179731285843, 5.523893283056711
0.5635474091672253, 5.519245272163023
0.5609518951027797, 5.510793249456796
0.5601284369628229, 5.50364112643623
0.5608569205516731, 5.493602622765976
0.5638626107304525, 5.487918043816733
0.5625188952660543, 5.490632804274454
0.5628315905435614, 5.479345233833225
0.5625464082140306, 5.4743745449346095
0.5592934866937996, 5.467931684480582
0.5585180392164547, 5.457151135044106
0.5565351797779188, 5.444806643832957
0.5572794373118485, 5.449411292984058
0.5568610103743865, 5.434855915875515
0.5559853611502927, 5.42865744548357
0.5560259160595529, 5.425458874240455
0.5552997719212915, 5.412608435498176
0.5539917466591857, 5.409150625810831
0.5524779322936325, 5.411231728580507
0.5537931793055206, 5.4086094766622494
0.553722167051486, 5.4040835157002425
0.5553589447630815, 5.404819313562782
0.5543362040374156, 5.3825139848281385
0.5553888754701146, 5.366673316804487
0.5533239529365861, 5.352030108487486
0.5539492599217994, 5.337613257066996
0.5521085863443329, 5.316531464906646
0.553821440169018, 5.298273184718442
0.5543847019919805, 5.27658945293343
0.5529501155418818, 5.252620587292246
0.5533710383468506, 5.243773454423024
0.5549194146176818, 5.227892193614037
0.5572789376490391, 5.224709403987891
0.5566542352209117, 5.221257614900734
0.5586295362879867, 5.215290305975469
0.5600600951378454, 5.207364143682574
0.5640445660070751, 5.208625766390218
0.56337128615022, 5.226982412279628
0.5633070811620853, 5.235292758927404
0.5656433946135028, 5.256880052133684
0.563924845566764, 5.275569681486339
0.5599269580972186, 5.285084037508606
0.5581886993073546, 5.28994791271929
0.5606789021456292, 5.2947160007002765
0.5618855947417011, 5.298967437168054
0.5592345517963754, 5.288253398213523
0.5584050668964885, 5.271603981177066
0.5557699877413469, 5.240876951508215
0.5561684595328964, 5.205976626910756
0.5536731644347499, 5.164962233168902
0.5541590893491452, 5.117582684487937
0.5559943634417399, 5.070360732076528
0.556035201526724, 5.023135363141635
0.5555585252247702, 4.977524257376177
0.5522432507284035, 4.9208190684009
0.5522302839183361, 4.885760037075962
0.5503595121016478, 4.845665502248377
0.5503485049456047, 4.796421062220658
0.5490730931776202, 4.759722114013245
0.5522406990478106, 4.725469195738226
0.5546645185675638, 4.678487320562111
0.5578208245955734, 4.637120923008462
0.559584612871972, 4.602387463795585
0.5573148160765846, 4.5620701403495785
0.5583682798008393, 4.537628463066466
0.5587960264793893, 4.49995173883476
0.5624749169080475, 4.461009259580414
0.5638423638079246, 4.432762557566375
0.565337336675935, 4.411444440384497
0.5651246407467323, 4.378011999017999
0.5605021123486587, 4.3675904088175255
0.5618178468204931, 4.347865029029201
0.5628846913216305, 4.324175665493585
0.5634514439539959, 4.308872677140802
0.5639787166320838, 4.286972057548317
0.562959383652753, 4.2689681724965265
0.5615930716332815, 4.2624392141678795
0.5636888941444493, 4.239202420850228
0.5652817077160393, 4.218724086051884
0.5655401843950311, 4.19550280012338
0.5708476234844916, 4.163307295020304
0.566034790858358, 4.136835117116074
0.5614115403816562, 4.106130112167844
0.5637169781917326, 4.072970853748016
0.5662154541609334, 4.052761913059035
0.5672766078566679, 4.016061464420093
0.5638652242391436, 3.981357461733996
0.5609904783356214, 3.9574305443783784
0.560295487304382, 3.9236028547306687
0.5594372831658475, 3.894871313124034
0.5569296497385514, 3.8590326492425633
0.5565186223982026, 3.835464594166324
0.556412049536923, 3.8090383038423092
0.5540898286038901, 3.790569966601532
0.5503077327542325, 3.764105734012337
0.549709121690036, 3.7528618339994004
0.5519885807325555, 3.737676839440033
0.5517085339176493, 3.7178690705155795
0.5503598667394674, 3.7060012455671414
0.5489118793212195, 3.692361706512126
0.5502841709392425, 3.6927140025057326
0.5508059173850782, 3.689972597946954
0.553208271316197, 3.6884653340200897
0.5519577004032852, 3.6881803545439285
0.5533897891518521, 3.687889912271698
0.5535803101147414, 3.6895017847192535
0.5538774508342456, 3.6780576204636857
0.5557356952322074, 3.696404916126098
0.5585556744228163, 3.6918371594078563
0.5579507127160528, 3.696814990934552
0.5556924791115245, 3.6898993356778726
0.5550067781256602, 3.6890100170285387
0.5528586749496542, 3.6908803244510215
0.556334724968447, 3.683002986226871
0.5559620921656352, 3.6821436765272657
0.5562117971188167, 3.687087108144376
0.55544729627328, 3.7021494831257407
0.5552261675409113, 3.69329044478733
0.5533705034850025, 3.700602323938482
0.5539356816996548, 3.7110369816636064
0.5547369712215564, 3.720084314464105
0.557126401958097, 3.728408406125054
0.5598011500133959, 3.736590902585425
0.5563868056370371, 3.746549802478133
0.5561255440298154, 3.753701458719548
0.5570592039762422, 3.760741300218694
0.5584639500362462, 3.7583044639558594
0.5553869410994706, 3.7682966196802874
0.5543099099453761, 3.7734335821953957
0.5537847916664765, 3.776042947270428
0.5525823568310868, 3.7804616543494363
0.5523268251666299, 3.781071770864039
0.55073745748209, 3.7805944671141605
0.5524410694311571, 3.7914349735301762
0.5541511723552233, 3.792269075210264
0.5526054354227912, 3.7919918803969344
0.5532161943617928, 3.7970745503567627
0.5556343457591165, 3.798221459881854
0.5559692546677059, 3.804801505863177
0.5569602285279378, 3.800703459478452
0.5587839779868979, 3.8120475453981144
0.5579203818284266, 3.81792831686854
0.5592578574831559, 3.8311698016300504
0.5595606038956248, 3.835308510371122
0.5572329522707266, 3.839987724765872
0.559235119774174, 3.848645738350716
0.5587474464744766, 3.8640571410756577
0.5597994193308261, 3.8794225386974452
0.5600229291049885, 3.8971677858013694
0.5604302217243403, 3.9263997746099015
0.5581258752975785, 3.944219069125654
0.5571850643299212, 3.966593686519721
0.5562858892552514, 3.988383144153577
0.5560763598085381, 4.00212325706155
0.556634135855518, 4.028749167543879
0.5539828555931539, 4.050646351103275
0.5518745844580542, 4.0633069098722
0.5502001220131835, 4.0786782406029465
0.5511467573873856, 4.093485362269433
0.5500226710384517, 4.106741706282202
0.5503469620860083, 4.11960181192412
0.5527407123709549, 4.124269868056253
0.5525189956780926, 4.120602311563159
0.5555469098389851, 4.112460626513178
0.5574689736682465, 4.0915020914453395
0.5580198430830995, 4.068920823328389
0.5599927941732439, 4.046716733601604
0.5593886017982583, 4.003327707745557
0.5568908389640973, 3.954146610986635
0.5570403114626956, 3.8977733380915964
0.559041337792798, 3.8308441670947437
0.5581390497341268, 3.765903142749599
0.5577376992833685, 3.6998474723512773
0.5549345007505523, 3.633782103590554
0.555134477826267, 3.581659307401318
0.5570048403481243, 3.5219197106446094
0.5541640892311974, 3.4646460596239566
0.5566992110716338, 3.4197836708877722
0.5593225611915107, 3.383331617763737
0.5614933853828983, 3.334733044378111
0.560879973879063, 3.292636740269973
0.5593911310672727, 3.2572918892434624
0.5605931710140462, 3.235327608364508
0.5623290901443726, 3.2234903133711343
0.5602627731208563, 3.196895113351231
0.558870659178184, 3.182776492991853
0.5597446930170061, 3.1721132118777
0.5601508973722454, 3.165043766695271
0.5597452640080297, 3.149187370869229
0.5611703860744046, 3.145985344631601
0.5626154732553537, 3.148769908431981
0.5616362856288675, 3.1487359256041594
0.5626401976681452, 3.140470566224758
0.5603949455089037, 3.1263112948637124
0.5622402737171477, 3.128600083028856
0.56111361012899, 3.119890086282925
0.562364001270858, 3.1121658008427984
0.5609127045749057, 3.098791862976752
0.5612571288849546, 3.0923982296493593
0.5597941043880363, 3.0865654198604946
0.5593765969537413, 3.0800601716768656
0.5611969482550221, 3.0699465037509333
0.5606240431818676, 3.071968352131136
0.5609601196390546, 3.0658978692550094
0.5592937593065247, 3.065252007465843
0.5596887436530064, 3.0664800119645097
0.5565387020934167, 3.0679533961696497
0.5549737071039734, 3.0760130116957907
0.5535135664094492, 3.08555122378068
0.5506221091899176, 3.0974799582870896
0.548652207727105, 3.1096572662276456
0.5480640587560461, 3.1281087927233235
0.5479119275042562, 3.1413502464861045
0.5497021959504834, 3.1688137612740306
0.5513162367681315, 3.1810389022262426
0.5506353398954272, 3.2006208588641543
0.5525065719792759, 3.2186605033746147
0.5533539693471283, 3.231303224280302
0.5515755563329305, 3.246168887440735
0.5530475927658818, 3.2591984255079725
0.5526676692231984, 3.2797145373299053
0.554433354799941, 3.28611946283229
0.5543437002058716, 3.306156261098232
0.5518026919757897, 3.3333417987903173
0.5512535801339329, 3.355324893097426
0.5530756932038574, 3.369812433485739
0.5544561786814313, 3.3987571995306296
0.5558280932361147, 3.429895139445476
0.5586855917168665, 3.4511782702359697
0.5579716323156061, 3.480194699997328
0.5542703252900851, 3.4982674628919455
0.5535424666928224, 3.5404679021164673
0.5541739171558595, 3.5586580425712198
0.5558834101805202, 3.5809074556198497
0.5542158694815045, 3.601130989749508
0.5546694814742785, 3.6353953253419116
0.5539224256042512, 3.6458344375850764
0.5541789737545855, 3.6686538595735962
0.5550926726484595, 3.6985358647546276
0.5569102707353473, 3.722709282604599
0.5624370153354283, 3.7566374227853827
0.5649467692418388, 3.7785852582125457
0.5646530958311906, 3.8161406907606628
0.5654332248572878, 3.8462405965129056
0.567009485680113, 3.889351454141367
0.5668711536054708, 3.9210358713833555
0.5683806175406458, 3.9528043666406445
0.5684088676356666, 3.990456756187163
0.5658121449948761, 4.01913149559682
0.5625736229508224, 4.057323320148783
0.5651601424537116, 4.08947243752233
0.5639637686793645, 4.116937465945037
0.5633975035064186, 4.134696855213598
0.561748791087487, 4.156859175451542
0.5632110193844163, 4.170816989920999
0.5603268602351091, 4.191032490543941
0.5577873182245129, 4.2299271396812275
0.5573638646401784, 4.247794668525971
0.5569240946059777, 4.2691328742454875
0.5557402263880967, 4.27667848989665
0.5524810406957361, 4.283704266190034
0.5498839988942705, 4.307681384645078
0.5490362109828623, 4.326202486423979
0.5500586031380328, 4.335801415614162
0.5453094752990857, 4.352858952139289
0.5470164588115398, 4.3670782534514725
0.5486031214695768, 4.37075142469623
0.549549616374237, 4.393846546690987
0.5520235072328188, 4.401514495952585
0.5514584667286327, 4.430975981550125
0.5528554504342085, 4.4559013767210995
0.5520827277413242, 4.477530238657637
0.5523873112871307, 4.507438747484968
0.552668314705126, 4.536820715907255
0.5562167301039934, 4.571151426901545
0.5564956974032969, 4.6088878526672
0.5564366683709754, 4.644698641701672
0.5541121518047207, 4.649273350843518
0.5533823044621368, 4.6608057900450195
0.5591278154626539, 4.658115802390834
0.5590144561001876, 4.643420390818933
0.5578011899074563, 4.6104611618520925
0.5588377570939937, 4.566246825014984
0.5568759110715092, 4.5323624316117685
0.5582461913736158, 4.46725033721402
0.5600488731113331, 4.393776319779082
0.5595916266322268, 4.3146774584326355
0.558953802259886, 4.247394544305475
0.5577903034650423, 4.186484692693932
0.555851099110361, 4.128105901850014
0.5562707697673318, 4.086948287591612
0.5597235551106028, 4.049244391208817
0.5578523606614044, 4.015943737047569
0.5579753253842034, 3.969367726573156
0.5554482758496013, 3.9309871423118943
0.5575960014946091, 3.905006224643099
0.5564931425221165, 3.8771211636834044
0.557542422743198, 3.8379330796425273
0.5580125315404443, 3.801561817542436
0.5572088649885133, 3.7624695625070608
0.5569621985481936, 3.71188219450653
0.5569890819939801, 3.6717569864837776
0.557086212654168, 3.626412885622777
0.5573035807885874, 3.5905129167879415
0.5581456569165234, 3.5571402922459967
0.5524612315723267, 3.5095980791330517
0.5524093648610107, 3.4764179753815925
0.5545958600989899, 3.4554272951758307
0.5567611296439308, 3.4217305441427976
0.556880215615348, 3.378281386261348
0.5554785593006875, 3.348095324610638
0.5544084350705051, 3.3086233188474834
0.5560464493377452, 3.28416137848914
0.5542541092885973, 3.2442150306228603
0.553213830400544, 3.2118144812535006
0.5546696677986999, 3.1835549960318983
0.5554524494781857, 3.1509704228507136
0.5513600501519436, 3.1216646069581557
0.5500301775414466, 3.0926746042052193
0.5498540147661636, 3.072334613662863
0.5516809168942395, 3.0541862571729466
0.5506671860036126, 3.0444876395348413
0.5498755164976131, 3.0229406836447263
0.5520624002414629, 3.0085960581988282
0.5521726584373188, 3.000213821013955
0.5548491381676965, 2.9882202013792547
0.5553902532788751, 2.9823513783707147
0.5592729905747225, 2.970391561452998
0.5599238884647068, 2.9687066600453247
0.5600648181983704, 2.973849169268775
0.5584706772161933, 2.9773059858650606
0.5573706175781135, 2.9770938011279986
0.5603120169335368, 2.9827267809065043
0.5597617205910523, 2.9863397456509215
0.558451193654112, 2.998441405646327
0.5572839056138126, 3.0063445523766483
0.557282632264374, 3.0167841374159656
0.5562392107471342, 3.0327461459861675
0.5580712773674229, 3.0595364899458724
0.5557776016043622, 3.0689284211858836
0.5545477750856261, 3.0793539008432615
0.5562042815413586, 3.100566438742802
0.5542545980693566, 3.1251676814410674
0.5543221905693081, 3.148050322722094
0.557076177014115, 3.165139960956514
0.5566628449398304, 3.199981689025385
0.5565674249102311, 3.2299603976960283
0.5579899104472361, 3.257133939796682
0.5579808204955684, 3.278084341545224
0.5596876571114315, 3.3245956389844293
0.5628727895284575, 3.363247269634153
0.5625339650122256, 3.4005448417584256
0.561753899598633, 3.43677288478219
0.5613157633285516, 3.4814709541549265
0.5580076589967213, 3.5238909477279137
0.5589100688519085, 3.5564773248220165
0.5604590080176909, 3.587544636530861
0.5581578510972084, 3.6242934739364303
0.557255423551466, 3.6723677612784753
0.5578393025283488, 3.7066803087166873
0.5535649289710416, 3.7507559111466664
0.5537612461505355, 3.7829101810223613
0.5540872196532407, 3.8189048230821654
0.556325071952678, 3.8623546754853444
0.5586273932599086, 3.9010134204731814
0.5580555226912135, 3.95141807355757
0.5549399479380959, 3.994471139585451
0.5557482759408062, 4.045501520035383
0.5560692940822229, 4.0905243334288794
0.5572425209658793, 4.124101617008385
0.5589891547922148, 4.159782555037726
0.5616282279494437, 4.204310905754634
0.5614925624918626, 4.244642429320112
0.5595351645938786, 4.28686661821819
0.558365532495867, 4.331034771857499
0.5571996738485755, 4.365839642130826
0.5594407031653109, 4.407287761666002
0.5596594721193725, 4.444679699363703
0.5597067037827903, 4.480541477122854
0.5569365065130426, 4.527955395124963
0.5561847619834326, 4.572633830456062
0.5537596901388693, 4.610386487166779
0.5516457407006776, 4.6416692082508275
0.551437439126873, 4.672251527298085
0.5528767941961422, 4.697421239469376
0.5525956732839539, 4.715568457080178
0.5533945671696097, 4.743691749591478
0.553190619518626, 4.764285560838255
0.5520070899525611, 4.765819141803356
0.5552329057117683, 4.758942058108831
0.5572663761932968, 4.750246599033609
0.5577766204721838, 4.730236809781287
0.5613211417964096, 4.715334247387294
0.5613913418570748, 4.6803864825914205
0.5621883403270908, 4.652340107654744
0.5612078790836913, 4.626443548129179
0.556392434468987, 4.576097503185254
0.5567643208138963, 4.524496167520921
0.5537537055934252, 4.4844422224217295
0.5543908588827051, 4.447945446380476
0.5514233165986109, 4.406001606853173
0.552413255926497, 4.372055256512153
0.551552035907364, 4.335025106711404
0.552346992963282, 4.310203220797219
0.5514927202158224, 4.277076117798087
0.5553154722646969, 4.248785157808266
0.5590269781928686, 4.2343455527861185
0.5572168794059141, 4.217182284120923
0.5598730845563804, 4.2030115765106375
0.5584712878259189, 4.186933517637588
0.5595002152758933, 4.167058779473758
0.5578483707445667, 4.159652384825268
0.5599887940981284, 4.147932602128923
0.5566999103198841, 4.1342547706474475
0.5561215856633559, 4.1305934738993235
0.553441107463136, 4.115586015951608
0.5513007224051382, 4.099603533221258
0.5522359864711911, 4.087962754684467
0.552305100409922, 4.078544671282527
0.5540404329710096, 4.0651594806300295
0.5525325396364698, 4.051792920409958
0.5528639101898157, 4.031898052323671
0.5510868917950023, 4.028320779377787
0.5538680815466784, 4.023658677308964
0.5526112862245924, 4.005362745474039
0.5520906320044541, 4.0010874754887
0.553887291417093, 3.998956817715077
0.5542061731277588, 3.992653656675718
0.5542444733380927, 3.9786094311067366
0.5535153599832785, 3.977253290863458
0.5573689216225496, 3.9841071931817433
0.5568683648610049, 3.9750779572865946
0.5557544631864481, 3.9597797816495826
0.5573149093181307, 3.937848069335866
0.5604561364796873, 3.930393370082674
0.5603042023691526, 3.915011605466998
0.5643075322554567, 3.8930940073190987
0.5650774541811705, 3.8830149229764617
0.5677899055781942, 3.8760317825404558
0.5665998988918881, 3.8675059040792377
0.5653071705712894, 3.8602365004393695
0.5676004595353781, 3.8585430608087554
0.568892667655452, 3.8492491343376924
0.5672507878770977, 3.8497676036931976
0.5653749792273711, 3.844843854018431
0.5681134537550971, 3.846083153264458
0.5625944998147719, 3.8399059107900753
0.5645875330131641, 3.8362728878572945
0.562071734585099, 3.834200138116459
0.5620855176844872, 3.8268608357608187
0.5603041188460067, 3.809300701870888
0.5576846585090379, 3.800975741695546
0.5576018660994823, 3.815773639131661
0.5579738771461288, 3.8218175566457253
0.5608490816720548, 3.822646038625662
0.5596029845109591, 3.8399956972257208
0.5591526125875566, 3.8609767582844325
0.5564545506404417, 3.8867076877702957
0.5581839256873813, 3.906906080522654
0.5583035244898769, 3.928849721105216
0.5609097823103506, 3.9559712413807957
0.5639031364995585, 3.9928061083705977
0.5611532605915517, 4.000832985760029
0.5593634371801279, 4.01971536402992
0.5562647454057651, 4.050635149747108
0.5546724225150275, 4.059365211108776
0.5571792877256747, 4.077880567799799
0.55546434896422, 4.08706535870932
0.5521828756341879, 4.097554123645332
0.5504089123845216, 4.102454107174188
0.5500891866895222, 4.119916057485587
0.5481717844828471, 4.136261599079405
0.5500181863199832, 4.152909457628603
0.5506765466496769, 4.176548215969861
0.5512795741489347, 4.190427509756613
0.552712906549637, 4.206745578891292
0.5530709951495962, 4.226945651387316
0.555535355327125, 4.2458253066354334
0.5561976884416721, 4.269653187874935
0.5578357789095472, 4.3005451247682
0.5570286124767889, 4.325519122061551
0.5576289334333658, 4.346623928560437
0.555086143753169, 4.382504025968308
0.5553032843735243, 4.403383311147779
0.5566602954252174, 4.430973188376625
0.5576198393981869, 4.46613756507533
0.5559094441170304, 4.499116508642749
0.5567359487716488, 4.530076072119373
0.5572618554704825, 4.556399063812547
0.5575224890993341, 4.583836276728719
0.558315760873164, 4.614850241905803
0.5582461500013741, 4.638244922803187
0.5609412821138545, 4.6483250331805355
0.5610410696847079, 4.664654661907139
0.5604726796361701, 4.687247268650273
0.5583499806407731, 4.6953196027488735
0.5599991724388702, 4.702885868344969
0.5589694540658507, 4.71435632611962
0.5579386152206366, 4.7220934564952755
0.5594795348649969, 4.724806885447921
0.5595245580379938, 4.725533225936568
0.559270506437535, 4.725588101556584
0.5600570126327107, 4.754597447139236
0.5592901476694695, 4.781486733373798
0.5588870648165807, 4.8095782607655115
0.5599893385756302, 4.843692558747952
0.559190229018329, 4.863168965013737
0.55844788238319, 4.8889641563480115
0.5568784855802407, 4.916278764541598
0.5538585457032655, 4.944729074926846
0.5526415457875229, 4.95467924119373
0.5521506741569611, 4.971933231432069
0.5495814214424054, 4.951062125589606
0.5485416405519301, 4.927907302409514
0.5494791122319352, 4.894465609642529
0.5499448582242584, 4.860807076915258
0.5507501048775346, 4.836716815070963
0.5496265754171121, 4.7912675889656615
0.5533980196157555, 4.7519274470580894
0.555568871898862, 4.712396253150438
0.5554316495711241, 4.6821184938393285
0.5575740871687519, 4.640919793613881
0.5578313748991944, 4.618077293586504
0.5610687206842038, 4.594076164961605
0.5622449897249334, 4.575608713670097
0.5602806963786241, 4.551987249305414
0.560662028795674, 4.526764335519426
0.5610373870145249, 4.507751754264811
0.560381926937023, 4.490502531444473
0.5589786826878869, 4.473348380888192
0.5606799483193481, 4.459005944421272
0.5609195114046356, 4.448258810125095
0.5610618456672638, 4.437510874808421
0.5627527268284809, 4.429958336176616
0.5615269817275146, 4.421073961948535
0.5635226383398892, 4.420993425689919
0.5633313967665836, 4.423531176742524
0.5635272817293385, 4.4310963515527195
0.5622184329735206, 4.434816599038426
0.5625733120843635, 4.445290746435366
0.5615387566821374, 4.44918121553949
0.5596275725479696, 4.459538929609967
0.5613098071904825, 4.471932628826737
0.5612252592150827, 4.481190739799311
0.5578927586916992, 4.49020158633396
0.5582990092493477, 4.504287969031424
0.5566285739687384, 4.523862209196825
0.5591034481014516, 4.535195681938363
0.5563506998104157, 4.549104906551851
0.5555418813603337, 4.56216808961321
0.5556230374871441, 4.579064545873972
0.5547454899649066, 4.594772962017275
0.5555555796248022, 4.613245576002726
0.5534728870249055, 4.633360482369748
0.5556684472011671, 4.648070154442829
0.5546643748834816, 4.656225354245629
0.5553693022759914, 4.66555924952246
0.5546435402088732, 4.690198944212716
0.5568195940308994, 4.696486000211317
0.5553891876611582, 4.705918911439046
0.553416669448221, 4.7045526426456865
0.5552151270194361, 4.700803948982751
0.553446588196554, 4.696585050903277
0.5535474064418265, 4.700933181457724
0.5528790174839995, 4.706770625860749
0.5543102619565777, 4.711492375059085
0.5539230417670254, 4.701122517357347
0.5556852964623084, 4.689037783707457
0.5560045307296898, 4.691312852895598
0.5595628122546062, 4.681093368845701
0.5604700019593053, 4.68962626897566
0.5603139481611095, 4.698960838079985
0.562914179870679, 4.698629215106356
0.5631463209099353, 4.693866154089856
0.5659754189909418, 4.684938972925503
0.5648488330598236, 4.679079806520963
0.5675665039348863, 4.684471644095015
0.5636927709998305, 4.680217860420173
0.5647505734802722, 4.680276596464142
0.5626956182421108, 4.682139488767374
0.5629058094115323, 4.673797606363902
0.5640516633297205, 4.666954177349571
0.5615829803519923, 4.662892832767847
0.5604695197604779, 4.656377220479881
0.5584079670597448, 4.657892449393191
0.5576177191250451, 4.656220120909145
0.556442162471647, 4.655505107364747
0.5560837179011544, 4.661506244960348
0.5553612135316628, 4.656936293646799
0.5559481319158049, 4.6619150866195955
0.5588444831849275, 4.67495503332674
0.5582035881135093, 4.682510108951391
0.5585576116204155, 4.6909319252717605
0.5581224888060168, 4.701231841801014
0.5565720148575855, 4.6980823918487875
0.5558778459194317, 4.693266887519632
0.5537980808637714, 4.696912190215532
0.5527753821582231, 4.692446571552511
0.551272191809902, 4.704454503428873
0.5513434930367319, 4.710930242426757
0.5477193959711844, 4.709102515660739
0.5463160601859608, 4.710357189981744
0.5463821548292487, 4.7052647838798105
0.5490036117790634, 4.700456942931946
0.5505658146529022, 4.708642067770892
0.5520168706996882, 4.718557861853192
0.5520723661202662, 4.715657658017433
0.5531670895318239, 4.722068124573523
0.5553689128155751, 4.730319068988586
0.5546875084077948, 4.723093168835392
0.556685198012844, 4.722240098398034
0.5569065239652423, 4.730394178562975
0.5547485213533375, 4.736889202856757
0.5523893229790586, 4.742111261137383
0.5521900750847335, 4.743398209426289
0.5503044625222687, 4.755703687866215
0.5529273134688995, 4.794183150887472
0.5541694017512904, 4.8283887587065415
0.5503581212065696, 4.867907863023545
0.5512080897223527, 4.914288345575642
0.5493207255721222, 4.957073866512582
0.5482744129545016, 4.996306089417716
0.5485780945246856, 5.035819172215051
0.5475043780467497, 5.067559231607483
0.5457635626070378, 5.098622409714596
0.5474256567943072, 5.116406509862332
0.5469417866831716, 5.107232274447149
0.5454785147601042, 5.089019165203513
0.5491662173780997, 5.052208798478517
0.5501568722423482, 5.022613259226255
0.550991623553046, 4.982684686034682
0.553073374613138, 4.948995713367804
0.5560325413477345, 4.9039253497378175
0.5598982360945668, 4.872701917083521
0.5607608025371154, 4.836102576209559
0.559182875735795, 4.804701866406896
0.5593403300350408, 4.775134493531115
0.5584513506863623, 4.739183719130688
0.5592688409965456, 4.708956072409917
0.5573530147101075, 4.679395753839627
0.5581561311209203, 4.654926955252619
0.5553269580504676, 4.625124134133943
0.5574456690050978, 4.606436249776411
0.5556699423525993, 4.582795845162788
0.5579024649801911, 4.569466027765971
0.5582181560152033, 4.547286112294036
0.5568836227232086, 4.524215840839445
0.5582114889537642, 4.510463438651246
0.5580549247848362, 4.497482259474344
0.5591831728970688, 4.4819829960197115
0.5580498336522185, 4.473542818146632
0.5599569405724868, 4.4585355119190755
0.5553156293407181, 4.443762713298151
0.5548527312651832, 4.430178031141908
0.5539317230736184, 4.409661212992867
0.5577860086822761, 4.403061543416022
0.5570806001986565, 4.395380049600651
0.5585512827657515, 4.398747584680499
0.5600481585515529, 4.390581642741179
0.5594036965284164, 4.384321465447092
0.5614737134524123, 4.37568417050057
0.5609631336611887, 4.361518350012123
0.5627904261138642, 4.357471948380384
0.5631135427785918, 4.343284540080221
0.5621344448268084, 4.336407253845225
0.5595059983835812, 4.318115024168717
0.560588735204461, 4.306818143203675
0.5607768075408947, 4.285868816295992
0.5575258751608319, 4.2787737771262355
0.558124552841346, 4.267426758644507
0.5569330844665437, 4.265438838596597
0.5572455386402738, 4.26450078846855
0.5543107074439533, 4.2509941365564305
0.5545098283446883, 4.251761975951759
0.5553183397874801, 4.255116285848456
0.55522593074954, 4.2533603936506115
0.5529034923670608, 4.248403972872978
0.5520800460660663, 4.259338716342538
0.5548811873456551, 4.257831959707359
0.5533123471758619, 4.266797788772388
0.5503178631821981, 4.263558548440372
0.5517393105068769, 4.273272671950456
0.5538442780736282, 4.2951347234140025
0.5543280262046111, 4.304356920910149
0.5522766045128151, 4.311545703815134
0.5519421224937728, 4.3263224615964315
0.5519566997435399, 4.351146270841085
0.5516389261276631, 4.359989540260936
0.5495552927121581, 4.384726204514866
0.5511936439413576, 4.402019334255608
0.5547587868745344, 4.424160456528224
0.5551090939832901, 4.435693661820778
0.5549301663679231, 4.456895848027675
0.5545149759313526, 4.485112729730991
0.5572747012834663, 4.508454565954953
0.558304067885209, 4.53631706066445
0.5598160256260303, 4.551701835480737
0.5616864767978188, 4.577129288231173
0.5626978150701053, 4.5976148963030585
0.5649478486235723, 4.61927432522359
0.5647334218628532, 4.645046805222545
0.5635483109650302, 4.673280076943284
0.5638903548127356, 4.69376176319585
0.5638161002318839, 4.7161047838584285
0.5637714158925461, 4.746533740388768
0.5641655716813645, 4.769283418463855
0.5641179515047932, 4.806387110116498
0.5607354148497316, 4.833494067143464
0.5592016677605247, 4.85560565223996
0.5561359281599192, 4.879230644791602
0.5546696743562266, 4.8958718467232885
0.5533938122637705, 4.918041363559486
0.5536245983200385, 4.9327261520006
0.5517775088607564, 4.956348859742038
0.5500602540887696, 4.9668764105080685
0.5487442434893944, 4.985260015421723
0.5505765789164705, 4.996001630053923
0.5529715566079371, 5.013037438601973
0.5528295998915662, 5.033410926016364
0.5544042569070727, 5.060399415706816
0.5557685411614559, 5.0979082671447165
0.555156250571352, 5.125763886519069
0.5557983145638745, 5.158993602071069
0.5571867200360353, 5.193015301411041
0.5586502902174779, 5.228641278438098
0.5575004689730445, 5.255236618856742
0.5542977131539181, 5.291436381814032
0.5546056357871547, 5.311309853960625
0.555497658311506, 5.337735367635423
0.5525394906907081, 5.3564751631168965
0.5526654687363426, 5.365958598312599
0.5522305173348271, 5.383359244183345
0.5495931091729533, 5.395196038545685
0.5470217733531527, 5.394504958388335
0.5471605412007723, 5.396668158686367
0.5477286718025234, 5.398703147905735
0.5509020522137492, 5.375479171659364
0.5501087281581658, 5.379976206614919
0.5486314047526045, 5.360973226333703
0.5506668844443343, 5.337140043469089
0.5491327561026677, 5.313574719457406
0.5495230938003297, 5.292569658469094
0.5513320619636958, 5.271841499261283
0.5558571989848646, 5.2386488467286
0.5539144659441505, 5.194669058119708
0.5548135304346543, 5.162912927669139
0.5542211220005498, 5.130950026731123
0.5531318333874972, 5.07725822763623
0.5544829826815237, 5.034887954456346
0.5538607577150165, 4.992548435189901
0.5565594948292805, 4.951151753726217
0.5572485593733563, 4.904905473797852
0.5543093638110788, 4.846262071359863
0.5540240049764814, 4.812409451171834
0.5529856847480304, 4.768371131149746
0.5526982255557664, 4.721741615588772
0.5500664361557284, 4.678078471436949
0.552042506804932, 4.641941759656886
0.5504259717977462, 4.605368960419397
0.5492916059784716, 4.568232737401578
0.547489990528778, 4.518673715007142
0.54687772979473, 4.483036738801595
0.5499678642925633, 4.445637492562669
0.549446805892097, 4.395394368182233
0.550541030482919, 4.364770321072788
0.553062973644978, 4.3262389485230255
0.5566376975656493, 4.290993661837172
0.555875464702934, 4.249742338951785
0.5575221857396806, 4.21614643629462
0.5594061829177002, 4.184603075900997
0.5600519400806532, 4.165988801714269
0.5623229521146133, 4.142664524027135
0.560861069993966, 4.137376116527539
0.5591319738180112, 4.118288552624369
0.5607709522129919, 4.101026089194997
0.5583704152343829, 4.086314593923867
0.5563165579212153, 4.07994142344804
0.5558011509154993, 4.086659838016478
0.5538297346107942, 4.0850793460919395
0.5522701928146895, 4.086226717316199
0.552642187218142, 4.090741085611713
0.5521381383841951, 4.076515590069704
0.5563908208866739, 4.066645705780429
0.5562373713269019, 4.068657434742152
0.5581950628023844, 4.067660988201948
0.5579773460701078, 4.069457784891364
0.5572859581243202, 4.0565944877823
0.5578408125942207, 4.04142358345905
0.5597600545454766, 4.034702315033893
0.5626379374857159, 4.029170900703205
0.5623115154278787, 4.022070886672093
0.5621167747402676, 4.021383787031047
0.5599161061363933, 4.024236655785221
0.5614910041604892, 4.017043992855217
0.5596356226132222, 4.011129371972784
0.5577097568625239, 4.009202293307325
0.5582880534209218, 4.022764778601447
0.5577598064869129, 4.025850181770251
0.5578388935701497, 4.030119305631911
0.5559662232853042, 4.03319480113423
0.5546113988097352, 4.029059323244889
0.5551606922318848, 4.0354173833959885
0.5547827479791736, 4.033600728692633
0.5544323517758347, 4.040755332603005
0.5538438149273764, 4.051574904601209
0.5569993460334959, 4.05637947672071
0.5557610279544234, 4.047995777721277
0.5581873193570706, 4.049259920246821
0.5613657327184135, 4.044741608148371
0.5626026118471741, 4.04850920451455
0.5638489736444859, 4.061165803898508
0.5623692874479478, 4.059242861636221
0.5632746987455148, 4.0569200477467735
0.5623226788902138, 4.0646000796195825
0.5629711092828179, 4.071561519583035
0.56271341867999, 4.085225779567625
0.5642583748819163, 4.102376929114609
0.5635073453461076, 4.118834891540308
0.5584136468762962, 4.139737943891907
0.5581573502718954, 4.151103221234824
0.5582527641999357, 4.17245217586517
0.5610383713943695, 4.197304867787622
0.5586756192038029, 4.223669083905867
0.5600341278348167, 4.258531021456584
0.5615175296382631, 4.293031520288017
0.5616559195389608, 4.311925322286317
0.56133433987301, 4.347161869069417
0.5597454981118277, 4.386345389355944
0.5616452116905798, 4.434245160614453
0.5587511670426322, 4.481089970677492
0.5572796089742507, 4.516810916627829
0.5567581680856947, 4.551194369027306
0.5598780657864516, 4.5751158220559445
0.5591543337652674, 4.599694138308698
0.5568849350666605, 4.621029360803681
0.5550627804497129, 4.6671012261401845
0.5562642002479792, 4.698290434460203
0.5567519842594759, 4.720784647435915
0.5558909393833591, 4.742347393962518
0.5594951007395758, 4.756828611632889
0.561660607623932, 4.775967308138069
0.5582689016719098, 4.8124158788720575
0.5556771263506166, 4.857347129900637
0.5558253744575385, 4.89680059735119
0.5559023854569294, 4.935986551975629
0.5596301157860442, 4.9638060012738325
0.5597258771839229, 4.995897420300646
0.559562216829659, 5.0320287958938605
0.5602797371178543, 5.065603517635571
0.5591327966143724, 5.116555784412883
0.5565634333649089, 5.15694669880544
0.5598154429993493, 5.189422589154502
0.5589021960800504, 5.224277720782527
0.5585700611162749, 5.255896477226882
0.5573156120539634, 5.280272230486283
0.5538642742325686, 5.310448246722394
0.554299154190729, 5.33746765755223
0.5548810898780709, 5.3742493210079685
0.5530729429889645, 5.384162632296258
0.5528971733929289, 5.388783744515736
0.5553855104652772, 5.394154008585618
0.5559221968896706, 5.385659502745298
0.5587317104941143, 5.373115070209569
0.5598826394259381, 5.361826168583005
0.5616534957361475, 5.34330472181257
0.5617587816844537, 5.304650098291438
0.5609284236552974, 5.268537197987926
0.5612405954405827, 5.208746216541127
0.5640540842858377, 5.168773686776423
0.5642426160616681, 5.127664166619751
0.564085431625362, 5.079533182076144
0.5639151417319044, 5.040694921067659
0.5647656540880428, 4.998710023317736
0.5634841636750172, 4.930023530208478
0.5634537674004626, 4.8898256789682915
0.5642758781121069, 4.850276240349744
0.5635632020741456, 4.805340700306298
0.5630997009862103, 4.768752282982763
0.5623671162718618, 4.733810380881755
0.5636827630483643, 4.677126340156723
0.5611664353459277, 4.639887477620404
0.5579630780186292, 4.587073899900771
0.55653962307512, 4.536301865742476
0.5558154741281182, 4.506702110329589
0.5577848831738167, 4.448093631846735
0.5589688842534822, 4.415597560407449
0.5580384928154579, 4.363948440474948
0.5593700177435117, 4.32545615706787
0.5576509901367432, 4.274075012638641
0.5555022919981142, 4.240007197531442
0.5564629214678609, 4.191836735966196
0.5578340484028546, 4.154114066041328
0.5564163995716767, 4.119361936534039
0.5572518822835004, 4.0884220870720105
0.5548911510545483, 4.074754473218326
0.5541271025482659, 4.030220135733175
0.5553024732326579, 4.011302378936068
0.5523103592547662, 3.9852984935590188
0.5535252242928043, 3.9659644883050875
0.5547568377238108, 3.947406906545801
0.5545346417654843, 3.925240424874956
0.5548780630624564, 3.9081733823611002
0.554373221749165, 3.8951172581312363
0.5542358690195817, 3.87108614388427
0.553760767384987, 3.8410723647799956
0.5529926047584552, 3.825631646484505
0.5519415770373572, 3.8070502758995546
0.5530639076256006, 3.785523179492183
0.5543479264503455, 3.7785874885006643
0.5544681236789457, 3.7589456721664503
0.5542125692161897, 3.7524635387536898
0.553270615129654, 3.7492822717369223
0.5531384281729383, 3.7395186480376497
0.5532799856391672, 3.7379927598712674
0.5528169589563572, 3.739559007793878
0.5544253212540032, 3.7457770937907298
0.5559680529520932, 3.7609050241580535
0.5555870287949006, 3.7707605295008335
0.5552229033361138, 3.769656361239708
0.5546672277553094, 3.7804161723363414
0.5572860837498033, 3.7994539184341023
0.5575628498118365, 3.8093362872761025
0.5582416966196424, 3.8219146530885517
0.55761048555681, 3.8347375167618623
0.5582115259384517, 3.8519216719316693
0.5566180928962978, 3.8617417997059063
0.5549922390098855, 3.8668263909177183
0.5552869815732151, 3.8827062592471826
0.5540182498452755, 3.9008645284966663
0.5538016216844595, 3.9215115269886547
0.5515902663374807, 3.9252839485850486
0.5530970766852426, 3.9316508932124306
0.5531174351556447, 3.9311823601828046
0.5533464616849271, 3.9338499361346573
0.5548624450722144, 3.934560947600731
0.5545896723832556, 3.9398378320142817
0.5548678030331, 3.9555053753756324
0.5544863772621513, 3.9567747743477235
0.5553856470160492, 3.9445978444684675
0.5575353905848447, 3.949288696693098
0.558066680853847, 3.966353770173838
0.5558043328526414, 3.9761060325009416
0.5568098846000356, 3.9950479556530483
0.5584191828488436, 4.01260144295823
0.5567680048062517, 4.030820163687048
0.556795029059994, 4.047112574925665
0.5548971991139873, 4.056353329713843
0.5569195831474201, 4.0757594648733235
0.5558470366901187, 4.109405138476841
0.552609816353947, 4.13164738216412
0.5538883438337867, 4.146316091254762
0.5533144495090412, 4.174368297625092
0.5524125127360591, 4.199330172772612
0.5496113005966656, 4.22062409311042
0.5500067358047303, 4.247213660447988
0.5529274961023707, 4.273597457776715
0.5553107736420604, 4.309448089886568
0.5531579888313801, 4.337025678887761
0.5545549804871757, 4.364257565857546
0.5558838538478315, 4.392661258322694
0.5544864260839706, 4.4149322747071
0.5568888061566515, 4.438792703037117
0.5566573143401458, 4.465059624586814
0.5596752844870526, 4.490740600999298
0.561131501230365, 4.520789826989761
0.5604170237924908, 4.556788306869992
0.5618721331992085, 4.5802415990192715
0.5613257388989373, 4.6147387781081814
0.5615351814195654, 4.65543498971997
0.5599338336651168, 4.7012529562116185
0.5595145592676992, 4.74838257685434
0.5614358450617416, 4.790012756148796
0.5627808238462552, 4.844306273364552
0.563540091356961, 4.905554723389802
0.5620275354068817, 4.9573585479458755
0.5592163621246515, 5.014997793938212
0.5572205353210358, 5.062807818572047
0.5589331566181754, 5.095529543661057
0.5572026571368912, 5.124758113286994
0.5583798526736384, 5.1353517454562025
0.5593329823043957, 5.153569105293113
0.5564369535324778, 5.168440350800038
0.5552949044630596, 5.1653127275872945
0.5541587921022177, 5.153549192521
0.5542742868267143, 5.142173002311554
0.555606449587378, 5.106432618816957
0.5560438675843443, 5.076750065280073
0.5568918779993649, 5.051801437356038
0.5586654355427871, 5.0184994360627675
0.5571365744685399, 4.989922701086757
0.5575239088949735, 4.9467303812604975
0.5594967436579565, 4.909407038606774
0.5604780919090719, 4.865006181010626
0.5592004885746711, 4.825254224621421
0.5590067126713717, 4.7828686558252995
0.5593804049394996, 4.745266341506506
0.5588658243684779, 4.71022001537236
0.5573399081143162, 4.674171457927881
0.5565670342343099, 4.634539135335432
0.5600551236423822, 4.59708686365044
0.5590995307089017, 4.567934689498541
0.5570425022832731, 4.524935704623508
0.5590142835706892, 4.490918409521025
0.5603777920778904, 4.458296840728069
0.5617714162453404, 4.4219845121599635
0.5608817119169799, 4.387295127647847
0.5622822422469804, 4.343999807269816
0.5617317502984309, 4.314554097281176
0.5611743704913655, 4.287034835943804
0.5604648135234982, 4.262128319778391
0.5593619118075608, 4.236961583837468
0.5616067305775517, 4.2237286327033985
0.5582679479990283, 4.203587704601487
0.5567419011966035, 4.180150345709384
0.5584926217896571, 4.165022702091622
0.5579104106364416, 4.139840209437031
0.5580622633521695, 4.123340389310496
0.5565124731101221, 4.102947401776671
0.555790928388675, 4.089362633176767
0.5536909487321926, 4.074871374487969
0.5552458871616883, 4.063074041175865
0.5541643065106789, 4.046616617552991
0.5526705504676924, 4.0390233304584955
0.5548186196390783, 4.027643000964657
0.552587856179179, 4.015299817264429
0.5530206002224312, 4.016118172716937
0.5514915274895522, 4.014315095006678
0.5525460258889775, 4.02049841640156
0.5553564698156963, 4.0171429875737745
0.5582108778467713, 4.013514922581686
0.5575087814932722, 4.00942303876503
0.55682987776422, 4.017723244839901
0.5595487251071103, 4.019364612549208
0.5570257377451573, 4.021396506459897
0.5561251071573047, 4.029507154105086
0.5591683316523811, 4.032009983715322
0.5592019836625145, 4.042854084168793
0.5606903018308629, 4.036944856329206
0.5596149285514043, 4.035756459268655
0.5595059173466203, 4.0357210163689965
0.5597218059632729, 4.03852226078484
0.5603231021542399, 4.038335147133719
0.560443597480595, 4.040429345680908
0.5609785540386424, 4.053761574659793
0.562473787320094, 4.050611257624601
0.5606933428428063, 4.047040866492824
0.5623492132139589, 4.049664840950262
0.562361025890564, 4.0661562500835
0.5626925375779622, 4.0793885737293385
0.5603079645284827, 4.090857153001193
0.5616826724334463, 4.109459596720218
0.560864974121627, 4.123266098377932
0.5601628575292583, 4.140876705187236
0.5620035679354951, 4.143497767172805
0.5607001410696405, 4.1656785559161005
0.5623973968990799, 4.19129833563323
0.5603648084853946, 4.2084899717561735
0.5593947526564238, 4.213701175128913
0.5586339636659846, 4.231669216870881
0.5582465167797359, 4.2525238624470685
0.5579423667844675, 4.254333454635505
0.5574595528901702, 4.261268266158739
0.5561590325268632, 4.264201988461062
0.5547245885497978, 4.279312324006169
0.552768182091761, 4.289838865613847
0.5532225166882258, 4.31418905956822
0.5519745749086995, 4.330984941586879
0.5513988624691324, 4.353209416426907
0.5499551000807429, 4.3740961970323164
0.5516388926925914, 4.397125280866091
0.5521330690401469, 4.43343355600123
0.5513387988865418, 4.46514954712197
0.5518632549899769, 4.49128712092782
0.5532373234048034, 4.51729822136251
0.5568152822378238, 4.537371858497397
0.5568396530625682, 4.553373178624585
0.5572447510439271, 4.572805560079375
0.5579424591625576, 4.5952619617548525
0.5573819818863364, 4.610535349879914
0.558325419978274, 4.61578795040102
0.5576003962444426, 4.622324653525832
0.5586637995512389, 4.635425292646976
0.5611739948696678, 4.658195212161053
0.5625189061702761, 4.680617967849584
0.5591681849430448, 4.6935903818905205
0.5559762803873023, 4.706305294225223
0.5577386020391917, 4.737578822503143
0.5576069033390554, 4.768925933522429
0.5599718343624195, 4.7962429669075055
0.5566671635284925, 4.841463457331024
0.5559868118557343, 4.875337222487227
0.5545965001176371, 4.900840247738094
0.5536941922675246, 4.940508652559506
0.5524739591813799, 4.976983926213856
0.5559115378530773, 5.014055625563539
0.556496896474378, 5.058657659228738
0.5559403341822057, 5.064695306733743
0.5575765236619656, 5.07647521353263
0.5579045271556987, 5.099596245820561
0.5588651635737938, 5.109574272451311
0.5587685985921227, 5.110707742767763
0.5597893054687546, 5.110930459327832
0.5576255370371551, 5.086280059445077
0.5556733113794043, 5.054921111283802
0.5537542820419585, 5.030166968920594
0.5531074370870546, 4.989652167927937
0.5519152359519427, 4.959412747955379
0.5511947890629697, 4.915330356293064
0.5502547680120797, 4.8589251375041
0.5493202128276116, 4.808549884016786
0.5499123060707435, 4.760163045101532
0.5495207317323122, 4.710021323152261
0.5502422965086439, 4.674599443672318
0.5521924427343535, 4.62916303244814
0.5523695454271149, 4.58040968887575
0.5542633015672997, 4.537832870058338
0.5583376876413236, 4.494210803638209
0.558237511617927, 4.460772396978437
0.5605837602001533, 4.4302427119709575
0.5599789927173543, 4.378901629688168
0.5620313776981212, 4.355009242964191
0.565212052111279, 4.327733954307241
0.5644010399270328, 4.296869158297001
0.5624352891655799, 4.272657465297087
0.56347891401593, 4.2500649694218895
0.5639331405359198, 4.233401287905152
0.5590952749575542, 4.226444900984122
0.5606337215595346, 4.20561693775144
0.5573845202091448, 4.186204769283048
0.5596568638831692, 4.182368646029667
0.557731812857228, 4.162716227401445
0.5565542134654488, 4.144049911816835
0.5563260869975817, 4.128843480377528
0.5594256152234132, 4.115191124126126
0.5606109912475247, 4.103060229845768
0.5587594435240002, 4.075756726701141
0.5613748451206882, 4.056777364523814
0.5590357619763223, 4.038306432958562
0.5584810322169347, 4.016074758156347
0.561398507408502, 3.9961909144399
0.5607759742067447, 3.977869239391957
0.5624917627906719, 3.965898619040748
0.5634073640741554, 3.9432222471890825
0.560345858783018, 3.926462179647463
0.5600788084570698, 3.9119192835952163
0.5582756830673419, 3.9084523173294885
0.5599972309331833, 3.893428970952594
0.5616139759371135, 3.887525773633514
0.5625853880328615, 3.8909750894087916
0.5598153426627401, 3.8858632830949666
0.5609131124585399, 3.8834549605197344
0.5570838107427198, 3.8801764358028086
0.5560894846673323, 3.8807251372241915
0.5575193114054697, 3.883143369667253
0.5569600398642176, 3.882257015648134
0.5592892085823458, 3.877315702721302
0.556803105029792, 3.873807548867704
0.5550513645800313, 3.8813625899904465
0.5544484057788557, 3.8816313892632435
0.5544237658838121, 3.8857192100576725
0.5539566447082709, 3.8894186321664264
0.5562309131422817, 3.8896646707711304
0.5589039383205427, 3.890272185092975
0.5592477434649192, 3.8786409746807147
0.5572285635943505, 3.8837794478761993
0.5572521486570536, 3.8828320483561187
0.5582438674110908, 3.887451049730191
0.5608806312816579, 3.888075315509755
0.5628629566724231, 3.8949968631464813
0.5648896089030275, 3.894382639929868
0.5645909712905541, 3.9031551572150462
0.5646205463237512, 3.912614731336391
0.5655806936065844, 3.939067959091543
0.561572719695652, 3.9679114011574663
0.5642247735299124, 3.998210749129462
0.5624910952274821, 4.026850625754564
0.5632647285886969, 4.058952162307003
0.5601722710918837, 4.092263773746104
0.5598107488402322, 4.117239461638455
0.5579882149622508, 4.14923546412961
0.5587281855368775, 4.171172086336649
0.5558313149069001, 4.202102437317327
0.5525431733062243, 4.219651058815157
0.5558517615347439, 4.253261171710371
0.552966403058169, 4.265437118106517
0.5556048590357984, 4.293943839499048
0.5544513113657421, 4.316275693944598
0.5550038709092707, 4.334337987600447
0.5546974327446048, 4.351839969000188
0.5552625337104992, 4.380031896634205
0.5549003110653657, 4.414753384528687
0.5552330577380478, 4.440537035577041
0.5569140483850935, 4.46642313601683
0.5600026764625043, 4.484114598158475
0.5601810288932311, 4.512743376378123
0.5614393674899948, 4.52646935077563
0.561627493189987, 4.540725235607085
0.5609349353696809, 4.553901727385661
0.5621778927242163, 4.567044203969888
0.5596446355971649, 4.573129245019547
0.5594789559653066, 4.582684445126008
0.5624232586959771, 4.593562886116518
0.5625832659909834, 4.594244656457258
0.5580034823356994, 4.59985721073946
0.5582242581733088, 4.608139437689618
0.5569000463000281, 4.621513102942119
0.5577364146883739, 4.63151849102887
0.5603569721563058, 4.635421517522553
0.5575648260767936, 4.651658658108678
0.5587135422419924, 4.6607146409164795
0.5602059534432511, 4.6579189791081985
0.5594829037952176, 4.64933098210836
0.5592649437126953, 4.64739000893732
0.5600999734123772, 4.633303976477365
0.5614379519938606, 4.623831222064615
0.5605920307530253, 4.600520428018023
0.560278999996162, 4.569900704978307
0.5595581368480762, 4.540297172293271
0.56173467319873, 4.503688798040862
0.5634025139068675, 4.472388005138604
0.5607991881017179, 4.43193343810301
0.5605123340975376, 4.393773805960763
0.5612795427644485, 4.361879979883715
0.5618706261333439, 4.328221841195677
0.5612521910474395, 4.284014608657943
0.5595470162393175, 4.254520074489369
0.5600725712347013, 4.234406528052697
0.5577555005409868, 4.215940580747055
0.5560604663181821, 4.186656273963046
0.5552907828989141, 4.156101494028553
0.5555744554809396, 4.124427829092173
0.5542627442516989, 4.101703271567088
0.5533773134652393, 4.069207174007875
0.551302294478622, 4.039799598465974
0.5493312065390925, 4.011295579365886
0.5510698727643732, 3.97793668112048
0.5505593421094161, 3.9356774968280925
0.5542444884962843, 3.8980470245669308
0.5526367114554607, 3.8603211581997483
0.551825240933827, 3.819535188493807
0.5511257746900159, 3.788759252179426
0.5529412987430897, 3.7571611660239177
0.5549139408883482, 3.7303354291241932
0.5576897156194742, 3.7020945066967323
0.558262881834509, 3.669041821697462
0.5572559184507749, 3.6397052784640835
0.5564587282564024, 3.6214647055996116
0.5526717633553855, 3.583302722900915
0.554918782423132, 3.5638574957162468
0.5551582304244962, 3.54338392564661
0.5559533592839381, 3.522988564146876
0.5531757985032648, 3.5028081722814597
0.5518091276802478, 3.488572935065015
0.5497808278622832, 3.4734829886649172
0.5507638039530095, 3.456347723027901
0.552956031988, 3.4475275240823144
0.5544115704350737, 3.443434562577204
0.5557189390145462, 3.4319170061700888
0.5568736044002136, 3.4291099921535464
0.5575292131110305, 3.435408409611191
0.5563297668651627, 3.4283851077783867
0.5582110662585857, 3.416307873621077
0.5575061195794426, 3.4033842426755485
0.5588806360709542, 3.3917085430510197
0.5612527357484658, 3.399607232263231
0.5597554843865482, 3.404241390471887
0.5589219261586652, 3.394725571660314
0.5609078536173712, 3.408006097353123
0.5607246334435356, 3.4126620890699
0.5614626609604974, 3.404456270147746
0.5648280975461473, 3.413405078212423
0.5638943936882812, 3.4201557489010574
0.5625577159850967, 3.4280714449188645
0.559068383931079, 3.433184281720801
0.5569492810299744, 3.4311438026222953
0.5591486315544849, 3.420166713411308
0.5590435655718324, 3.4189263593191903
0.5554589926626795, 3.420154157848953
0.5532194268969184, 3.4156264908182834
0.5533224110769648, 3.41954283291329
0.5529413963452521, 3.4249240953535365
0.5527569206425431, 3.436667308123421
0.5520514398973577, 3.443874540560015
0.555579836178144, 3.4694333855827173
0.556802285549016, 3.4891403349869243
0.5552847721443557, 3.522126742264754
0.5580682321528514, 3.5432016926268295
0.5601045930204122, 3.562268773157239
0.5614587961679569, 3.594148689459293
0.5599700662824387, 3.6254161165021337
0.5598490830320971, 3.6493748527424374
0.5605054455872589, 3.685098313419096
0.5624958254641795, 3.7169425446819666
0.5619083057228812, 3.741422558739779
0.5601969341768289, 3.7783133156132775
0.5594459443054617, 3.8007098814216294
0.5574463932101914, 3.8334212963996235
0.5573452923183865, 3.8752452903806494
0.5564877308203846, 3.894023738198862
0.555387609259066, 3.920165289208078
0.5527408035024989, 3.959760968188418
0.5527034020365088, 3.97740726648599
0.5529478609706684, 4.002722332194667
0.5522120973673411, 4.025335927771703
0.5516167179392728, 4.039348725184363
0.5527192265249419, 4.067727661903055
0.5524350011470971, 4.090415614615411
0.5504488239043793, 4.096242255539816
0.552872178105945, 4.118749541663666
0.5539530137359374, 4.13846234350993
0.5552918569623927, 4.1469009660767835
0.5548211181542888, 4.164865820789083
0.5541226238959329, 4.180126586419779
0.5549245447252859, 4.203165270392942
0.5553938429458601, 4.225035799849261
0.5542528674530143, 4.227373834493466
0.5538912043706227, 4.245566043165626
0.556034229438702, 4.268475165080794
0.5524799116522576, 4.280755196635673
0.5524440035881295, 4.297201577483414
0.5514020652526533, 4.3222845022239955
0.5523870979874399, 4.340268049166197
0.5522691380449162, 4.357057051340233
0.5510119347814026, 4.3704979175996534
0.5530093099503689, 4.371499275387863
0.552089450611432, 4.385926127353525
0.5511576628056697, 4.385189557217712
0.5498023887171226, 4.386755066554605
0.5507717171096104, 4.377605200632124
0.5487389568479702, 4.357956591478376
0.5498598994494628, 4.334513776031271
0.5488396162300797, 4.326237971983578
0.5508972597045244, 4.320029190106893
0.5530648480053033, 4.3134395266313845
0.5514912825515408, 4.298356228893134
0.5510897624455188, 4.279925980457936
0.5519475193959931, 4.272866796103611
0.5531689265072315, 4.256901319651499
0.5528391951139604, 4.251310804894816
0.5568749655686857, 4.246156199842945
0.5556264860011282, 4.229441978830576
0.5593410898548373, 4.200399247223293
0.5578430480009995, 4.159877876292683
0.5577279897176338, 4.122324440742445
0.5565171960280504, 4.09760272420262
0.5571577747562655, 4.077064288271768
0.5583870833003657, 4.0434960806872144
0.5589088103088239, 4.015336322502281
0.5597242368079518, 3.988059358214483
0.5561970388462602, 3.9726389242298863
0.5590646016099322, 3.9559238165122266
0.5548909797304076, 3.9401886900897907
0.5525351792149967, 3.933000229341365
0.5496866855791469, 3.9170134425965224
0.5508752696008421, 3.9101184031203458
0.5514737256072219, 3.8922432945419585
0.5504196000549654, 3.8726732326302993
0.5485394206633869, 3.862368170984231
0.5488235352295768, 3.860224643622722
0.5506851589790108, 3.8407511780122894
0.5485151093296601, 3.822583069791153
0.5498526769993614, 3.8031490577155544
0.5517612989901638, 3.7863059001342614
0.554206376937428, 3.777133733286844
0.5539285551284078, 3.753967209929935
0.5556402697597489, 3.7421923088316995
0.5555529767179417, 3.73413218761322
0.5558769409915552, 3.719354698756318
0.5564671437235875, 3.6977527243769073
0.560500237111093, 3.6882370931629835
0.5604870661046346, 3.6777957179608536
0.5604505742048679, 3.67793727279225
0.5605147338528278, 3.6750380545661834
0.5580036564006028, 3.655503140322108
0.5597946545928848, 3.6482184018805532
0.5589397711422305, 3.6466163729535737
0.5617004488798332, 3.6459074691974473
0.5632116761868147, 3.6478635306181824
0.562676144746432, 3.6537983243055807
0.5562852028772604, 3.6505738774010013
0.5566759219081083, 3.655880875525333
0.5563787841259507, 3.650730349169758
0.556529652884562, 3.649802359586018
0.5578367734335924, 3.6689628438113915
0.5561288456228664, 3.6877561804741594
0.5567636093821331, 3.693531310281867
0.5549411313733058, 3.698553568012766
0.5555819810249771, 3.7042081120260746
0.5567658732047395, 3.71075691455293
0.5610116275027887, 3.7314777197963536
0.5602805020985111, 3.7526062416387918
0.5609534878315355, 3.783279534601712
0.559729228261765, 3.807358026130307
0.558790624852091, 3.828669529876156
0.5576753097103937, 3.841681297332655
0.5551221038059595, 3.865688718121074
0.552000105981861, 3.9009431749767813
0.5500927929464312, 3.9342027006655216
0.5521692612105309, 3.968642817372345
0.552559127367237, 4.000807671274087
0.550181866268543, 4.035370869441117
0.549963955396899, 4.060703626023656
0.5529592313307768, 4.094274368166799
0.5544219953004081, 4.131802583214898
0.5566822725947674, 4.1639089325296545
0.5560663147899334, 4.197009113040727
0.5589413339508299, 4.228957471092546
0.5596844078557457, 4.258677724299976
0.5571791894385917, 4.278359453353752
0.5538373359941564, 4.288927423048474
0.5558212609870838, 4.309741357810924
0.5561346128640899, 4.335939194186371
0.55410475878876, 4.359377417631956
0.556494186502991, 4.3661505590635805
0.555659619371345, 4.39508252159811
0.5572839049072835, 4.411870305250096
0.5576727064428902, 4.428899567416034
0.5594592366843948, 4.448194943784484
0.5579912891553578, 4.481599276042682
0.5581543234021641, 4.526052321746209
0.5601571543642319, 4.554279412008791
0.560019356600512, 4.5813692845846266
0.5599971445050362, 4.613810257107974
0.5565363469176682, 4.6531012335754145
0.5567907629921921, 4.677808792045525
0.5558147330772438, 4.714342078483429
0.5521842269547153, 4.751586524880337
0.5527712555095207, 4.785065010909629
0.5515164771624328, 4.807060609992426
0.5550309159627937, 4.807841992827923
0.5555377181991367, 4.834333952444355
0.5535467972035496, 4.861169711854804
0.5540344640633188, 4.89200784930184
0.5567759571988404, 4.916536389261417
0.5582146843778447, 4.950351503353451
0.5595075716145292, 4.966682879490402
0.5629715804280775, 4.976748703324864
0.5617069826798831, 4.988960709820224
0.5614944413920079, 4.998927321790153
0.5590854672782749, 5.024083080849588
0.5555848785255171, 5.02332954286903
0.5596154735321189, 5.020899922306772
0.5587457250565466, 5.004828439608485
0.5567532554318408, 4.9906514807531375
0.5544058344951232, 4.96706987611879
0.553077518639086, 4.950900236006005
0.5508651717721796, 4.937890673378908
0.5473789044328282, 4.91763899059291
0.5489177026858156, 4.9011387855869515
0.5500889681675277, 4.879411355998768
0.5542566228191271, 4.850237050444717
0.5512346603850518, 4.819450705681637
0.5523003112222076, 4.785830980392108
0.5550843212986348, 4.756557759175076
0.5562431576816691, 4.726666885269588
0.5581525363477915, 4.708191371240703
0.5598962912492166, 4.6786825521021065
0.5630973531331993, 4.657069402891878
0.5618101666888287, 4.624507121282556
0.5586492171296151, 4.602771240577553
0.5542445417070864, 4.584596856228404
0.5543859969820216, 4.564888799447322
0.5536651217629378, 4.532045440009502
0.5532711006085723, 4.507157672800754
0.5525322930924532, 4.473480032891247
0.5524081279836837, 4.427508461854801
0.5534415892366749, 4.386128476732473
0.5508664542919599, 4.341068952982888
0.5527533516644833, 4.304975950774092
0.5540782925716389, 4.266535110821116
0.5567866053773043, 4.2268749582603045
0.5549443734868701, 4.186839666100639
0.5557481284556196, 4.164843475907992
0.5524228635553041, 4.130491913986967
0.5524390379316306, 4.1022691865417595
0.5523344972349072, 4.081468036534363
0.5506531778330424, 4.06072071328073
0.5527272248987585, 4.039576583802509
0.5517581849136384, 4.012572477212364
0.551541647428837, 3.988081317070074
0.5497951870173574, 3.9710070897909953
0.5527357123371018, 3.959499316889405
0.5528292799333185, 3.9410941467096583
0.5578741395464766, 3.9216771190026476
0.5588668785863768, 3.9074422900346235
0.5590420788043631, 3.893997785322204
0.5622701097873268, 3.879428921249032
0.5643284259828242, 3.864497077806223
0.5669200080701057, 3.8583854331626464
0.5668453945235898, 3.847723554773547
0.5666234377014253, 3.8257312251678606
0.5679762325711397, 3.80325083391457
0.5689545442927701, 3.7914802619084376
0.5646926410535948, 3.7913664725948224
0.5634215901485622, 3.7818548512977577
0.5621033241610114, 3.7715169115125953
0.5588753719068158, 3.760122100000784
0.5553109602723822, 3.7579530936912207
0.5525854263720396, 3.7581378139336694
0.5538109798478855, 3.7612861716942496
0.5569329375386833, 3.77772759445678
0.554150628636709, 3.784710897903819
0.5516950036708799, 3.797917486919206
0.5514254394864414, 3.794523743852109
0.5529777404222451, 3.8071144939811887
0.5527077225408792, 3.8201411936289604
0.5522052576338076, 3.842772973652103
0.5541240306257043, 3.8546821688422144
0.5555232983691727, 3.861787662748931
0.5532491302826019, 3.865877214605951
0.5523596865192157, 3.8799747567245597
p_std: 5.00, v_std: 5.00