v_std: 0.40, layout: hourglass, intruder: nonflocker, stepcount: 2000 
p_std, ratio
0,0.157121998406969
1,0.17590559832683936
2,0.2178773388800022
3,0.27565365980104206
4,0.3361858524608446
5,0.3829199935286374
6,0.43773994990346843
7,0.5133929892139487
8,0.5610127255482876
9,0.6653920967994331
10,0.7125352326830002
11,0.762152488914422
12,0.7679620249029241
13,0.827374197300502
14,0.8923176136026978
15,0.8793425140541044
16,0.9697765925089781
17,1.0165575002396638
18,1.022135952745284
19,1.0444332388522184
20,1.0337250483529796
