v_std: 1.90, layout: hourglass, intruder: nonflocker, stepcount: 2000 
p_std, ratio
0,0.5516127515221297
1,0.5782172237027096
2,0.5485011946579289
3,0.5762010639169184
4,0.6162238522579814
5,0.6168833227496011
6,0.6420430206188051
7,0.6941980163097613
8,0.7048068442426757
9,0.7434599415985682
10,0.7919995850974935
11,0.741104894993496
12,0.8591173477739374
13,0.8834234346150037
14,0.8961198085104751
15,0.9346703622395331
16,0.9130233630962942
17,1.0174786896824723
18,0.9979678891186295
19,1.0052053663106275
20,0.9537764035652262
