v_std: 1.10, layout: hourglass, intruder: nonflocker, stepcount: 2000 
p_std, ratio
0,0.3816048061685611
1,0.3997570256564207
2,0.4246641363083027
3,0.42939909252467645
4,0.42515574557791946
5,0.49092719841416527
6,0.5529144458583795
7,0.5802838971327836
8,0.6279364885530205
9,0.6895354679929494
10,0.7611011656308743
11,0.7697671793157215
12,0.817101473966987
13,0.8825567761212877
14,0.8616905528416878
15,0.9076958206076992
16,0.9150316011899747
17,0.9882384616389284
18,0.9897817299458451
19,0.9920832010982038
20,1.0267463681921734
