v_std: 1.50, layout: hourglass, intruder: nonflocker, stepcount: 2000 
p_std, ratio
0,0.46979631129515265
1,0.4784025817192248
2,0.4690389477855845
3,0.533038573484981
4,0.5596918326827395
5,0.5447685699810185
6,0.6382156962883784
7,0.6690073363049953
8,0.6554253186024329
9,0.7445967429545677
10,0.7391051465610116
11,0.7615054783038249
12,0.8514678049301317
13,0.8411140265568104
14,0.8918095341255095
15,0.9279466489610045
16,0.9859019508569515
17,0.9966905932949964
18,0.910270160518133
19,1.0450754593520242
20,1.028331321988113
