v_std: 1.80, layout: hourglass, intruder: nonflocker, stepcount: 2000 
p_std, ratio
0,0.5610383067517404
1,0.5539768548777821
2,0.5641644317887202
3,0.5630856955722204
4,0.5802791552721883
5,0.5870186164468248
6,0.6207765136714615
7,0.6785978768836182
8,0.6918505939205004
9,0.7160284316086151
10,0.7740276654362953
11,0.7745547946443894
12,0.8201004218773766
13,0.8801260400348221
14,0.9021122623158601
15,0.8915021610112893
16,0.9410133646143022
17,0.9726736610934754
18,1.0258308730706345
19,0.9798408313731944
20,1.0443369456590392
