v_std: 0.00, layout: hourglass, intruder: nonflocker, stepcount: 2000 
p_std, ratio
0,3.335572997577293e-08
1,0.0726533937915487
2,0.14403332111724282
3,0.20338578285553272
4,0.2927859894103728
5,0.3657386021854107
6,0.4188651377939537
7,0.4942191689986907
8,0.5645713979775966
9,0.6580131089883914
10,0.6522626364728666
11,0.7608912506002043
12,0.8101334012219398
13,0.8451336319939079
14,0.8921866573408439
15,0.9253029501420461
16,0.93563706264294
17,0.9701951395943085
18,1.0683867146664807
19,1.0187147091979567
20,1.0190906710990724
