v_std: 0.10, layout: hourglass, intruder: nonflocker, stepcount: 2000 
p_std, ratio
0,0.04046486786758057
1,0.090983119215506
2,0.1583345215000981
3,0.22746843694860175
4,0.28658534248678025
5,0.36729564558811667
6,0.4083473286948697
7,0.5002571381118043
8,0.5669729392962899
9,0.6567072035335474
10,0.6765412347530272
11,0.7336048302729193
12,0.7954757319239707
13,0.8359684239819125
14,0.8535892231683055
15,0.8837436624644049
16,0.921260855934066
17,0.9749646025748249
18,1.0450715436914515
19,1.0298731666606238
20,1.0890750560132023
