v_std: 0.20, layout: hourglass, intruder: nonflocker, stepcount: 2000 
p_std, ratio
0,0.08243600160554479
1,0.11228069613063717
2,0.16550724364901498
3,0.22831861270577172
4,0.31566672810065066
5,0.37546306326820317
6,0.425447262319707
7,0.5023557876865634
8,0.5734159875281925
9,0.62816892063338
10,0.6827380209329651
11,0.72761774018794
12,0.7827016590355459
13,0.8280659491345133
14,0.907763619572273
15,0.890836636282185
16,0.971486676858177
17,0.9860446156799237
18,1.0248641602828825
19,1.0148888957692241
20,1.0653492625487415
