v_std: 1.00, layout: hourglass, intruder: nonflocker, stepcount: 2000 
p_std, ratio
0,0.3506627149287943
1,0.36827397984839805
2,0.3800387639829036
3,0.41931476092927333
4,0.45473485659970764
5,0.47280422306626085
6,0.5555264440212742
7,0.5825190210483007
8,0.648784864810936
9,0.6885325685000289
10,0.7005081462554607
11,0.7907978311891309
12,0.8135743254712433
13,0.8045976338195714
14,0.9042659270265927
15,0.8854998797689829
16,0.9105350400864077
17,0.9079352875079484
18,0.9868805105908355
19,0.9849807298817068
20,1.0342309614655112
