v_std: 0.50, layout: hourglass, intruder: nonflocker, stepcount: 2000 
p_std, ratio
0,0.20597612662063658
1,0.21926959324956055
2,0.24406784693077407
3,0.2862427836564324
4,0.34910166074651633
5,0.4104458735891383
6,0.49080626633773156
7,0.5519233697665654
8,0.5613792567290403
9,0.6680947312479146
10,0.712323651682077
11,0.7192352971300188
12,0.8072149359289598
13,0.8200398302983116
14,0.8886170883458108
15,0.9118932989793023
16,0.9289334219273431
17,0.993426529635052
18,1.026135467797607
19,0.9938543707268896
20,1.11486023614225
