v_std: 0.30, layout: hourglass, intruder: nonflocker, stepcount: 2000 
p_std, ratio
0,0.12292825959850277
1,0.13999431951091507
2,0.19590249810625493
3,0.2553775802902783
4,0.32197570248012886
5,0.3836334443719546
6,0.4468878795850246
7,0.49985486346598407
8,0.5944964267867074
9,0.6379823246858862
10,0.6930844340806653
11,0.7486196322755091
12,0.8133894476297296
13,0.8346199257089764
14,0.9114286967872665
15,0.8603098984894827
16,0.9712867767776957
17,0.9775880410582107
18,0.9924033513767196
19,1.006953970456893
20,1.0421522911923975
