v_std: 1.40, layout: hourglass, intruder: nonflocker, stepcount: 2000 
p_std, ratio
0,0.46154247288544553
1,0.4507717576779112
2,0.46512314759859086
3,0.5201912142814407
4,0.5017099913842659
5,0.5421099602442051
6,0.6085201367329931
7,0.5782079175965423
8,0.6675105446221815
9,0.6727233557936818
10,0.7582222042075772
11,0.7801769380683049
12,0.8177000277802465
13,0.8491792013810767
14,0.8847242431917807
15,0.9697555096887361
16,0.9297059143904167
17,0.9805797669976869
18,1.0051878921358754
19,1.005305175154345
20,1.031921832498414
