v_std: 0.70, layout: hourglass, intruder: nonflocker, stepcount: 2000 
p_std, ratio
0,0.266498519907971
1,0.2730866321269277
2,0.29887193229739023
3,0.32138957050505756
4,0.3942993529600227
5,0.44087803945926485
6,0.5178194866708161
7,0.5661110678471527
8,0.6120567691548674
9,0.6550576810447011
10,0.704415215621077
11,0.7095193863276326
12,0.8087228062675451
13,0.8551293837247774
14,0.8866616887778911
15,0.9456678060227329
16,0.9743733904901255
17,0.9312009723047848
18,1.0436359382847478
19,1.0344167144969398
20,1.0380744333139431
