v_std: 0.80, layout: hourglass, intruder: nonflocker, stepcount: 2000 
p_std, ratio
0,0.30894587914581395
1,0.3139739220610601
2,0.3316099259747404
3,0.36734354110445694
4,0.4217535203317481
5,0.42809092725800063
6,0.510700894068566
7,0.5225043220428965
8,0.6259213155338935
9,0.625562735469695
10,0.7370996135869223
11,0.749266653693354
12,0.7987870554737504
13,0.8964189126459886
14,0.8898672803405905
15,0.8990032691801878
16,0.9382310667776592
17,0.9133921046146642
18,0.9779072417142248
19,1.0209552936466872
20,1.0875703452517056
