v_std: 1.30, layout: hourglass, intruder: nonflocker, stepcount: 2000 
p_std, ratio
0,0.4429558954403267
1,0.45189027864122494
2,0.41184430957157786
3,0.4981089071042816
4,0.5137216388069352
5,0.5301926131053688
6,0.5905068255730874
7,0.5919244188781371
8,0.6503963189710856
9,0.7340084501270853
10,0.7732366285512171
11,0.797871562808014
12,0.863762680300815
13,0.8137746561911275
14,0.8985356385718942
15,0.9607041530907126
16,0.9957718636942953
17,1.0014060241191325
18,1.0261512725036592
19,0.995301359913528
20,1.0099806862630138
