v_std: 0.90, layout: hourglass, intruder: nonflocker, stepcount: 2000 
p_std, ratio
0,0.2946138702797386
1,0.3366066427501218
2,0.3642418643920468
3,0.39043363150621485
4,0.45402264194654374
5,0.46174558969105867
6,0.5275771051849121
7,0.5778873365039459
8,0.5818512728071406
9,0.6736557801782433
10,0.717384258287398
11,0.7438894800171264
12,0.8365519124567802
13,0.8310406985965176
14,0.8873088121312698
15,0.9087641968147568
16,0.9223152602572355
17,0.9492941336409011
18,0.9813895625929168
19,1.0255535636243736
20,1.0263425054391846
