v_std: 2.00, layout: hourglass, intruder: nonflocker, stepcount: 2000 
p_std, ratio
0,0.5887320286676383
1,0.5240457861693841
2,0.6072098774319575
3,0.5905157418245086
4,0.6204450724052681
5,0.5984979120438174
6,0.6229208014064228
7,0.7083249671788039
8,0.7088824568085086
9,0.7463083787632828
10,0.7803331447694968
11,0.8188662451074921
12,0.8179240728478995
13,0.849417452195067
14,0.8542231383163871
15,0.8679919844773294
16,0.9410150119663863
17,0.9070375728871156
18,0.9477085644505974
19,0.9233592026404287
20,1.002294144004927
