v_std: 1.60, layout: hourglass, intruder: nonflocker, stepcount: 2000 
p_std, ratio
0,0.472015675741559
1,0.5350306974077321
2,0.5309898830466149
3,0.5345969513360391
4,0.5518142402970815
5,0.5778899834547545
6,0.6249130590568774
7,0.6631396605193394
8,0.6962743145045517
9,0.7409962260184916
10,0.7220437302583465
11,0.8130220947591937
12,0.8472805604883125
13,0.8698320590409616
14,0.9145445704175953
15,0.9013610563969006
16,0.9160549657385291
17,0.9262459149282645
18,0.9473901612642405
19,0.9988306349874669
20,1.0399012376014518
