v_std: 1.70, layout: hourglass, intruder: nonflocker, stepcount: 2000 
p_std, ratio
0,0.5207690207329936
1,0.5429928780507506
2,0.4815946789008027
3,0.5614124831028137
4,0.4946936892686299
5,0.5619674396563376
6,0.6415665629993302
7,0.6697255378201195
8,0.6862147141130752
9,0.7284887993134405
10,0.788547944316263
11,0.7475186376589238
12,0.817697024011254
13,0.8705125647186749
14,0.9084711675276901
15,0.9207872136934155
16,0.8840961292428168
17,0.8892944100413184
18,0.9728110553769196
19,0.9257523319045082
20,1.0661287585793442
