v_std: 1.20, layout: hourglass, intruder: nonflocker, stepcount: 2000 
p_std, ratio
0,0.4148849396376138
1,0.4239624343424561
2,0.4258277731353355
3,0.4792019673941324
4,0.4676978032047106
5,0.551925054641415
6,0.5824104475211139
7,0.6147210140844108
8,0.6323209544998518
9,0.6462584281909477
10,0.7200574301322847
11,0.7355221468238106
12,0.7939072493037056
13,0.8353454918782638
14,0.8717763982822951
15,0.9238125903309405
16,0.9253116410796204
17,0.9876419349918759
18,1.017262667123777
19,1.0060750825368334
20,1.0188581153687188
