v_std: 0.60, layout: hourglass, intruder: nonflocker, stepcount: 2000 
p_std, ratio
0,0.23792118028718756
1,0.23422678137561798
2,0.2871202639784374
3,0.31963850624462137
4,0.3747584874955681
5,0.42558498500452635
6,0.47907536430178754
7,0.5149133785286996
8,0.5712834748253113
9,0.6350860110718931
10,0.6893133874081319
11,0.7630109642962414
12,0.8224416644783932
13,0.8441281726590709
14,0.9000045967288581
15,0.9026778011889426
16,0.9408795875628612
17,0.9904301741523615
18,1.0240605852426616
19,1.0216782278632333
20,1.0603772822422435
