v_std: 0.03000, layout: hourglass, intruder: nonflocker, stepcount: 2000 
p_std, ratio
0,0.8275290408127088,160.44246816828914
0.5,0.7785214257953613,160.33042137870763
1.0,0.45016049224689264,160.07155476267695
1.5,0.8752985842068812,159.80460589519222
2.0,1.0523212470620777,160.25684107593784
2.5,0.8066561281691724,159.5940764283256
3.0,1.1430801805913033,159.93809666116604
3.5,1.0114234578602161,160.05209715706627
4.0,1.0888260869807411,159.82369519797373
4.5,0.6969742330018133,159.8717542762948
5.0,1.7084476369770152,160.29104022661338
5.5,0.841413062945785,159.79079008808148
6.0,0.9944091521621607,159.93888485359446
6.5,0.8864260383298167,159.18984151551592
7.0,0.8425449243882387,160.18701816793566
7.5,1.2114237112267359,160.1323679563046
8.0,0.839606899710793,160.34538744028993
8.5,0.8524428677338661,160.06165567843146
9.0,1.0415426779382182,160.26394743845162
9.5,0.703239066999432,160.44183089263925
10.0,1.007139512324191,159.81322640768454
