v_std: 0.03750, layout: hourglass, intruder: nonflocker, stepcount: 2000 
p_std, ratio
0,1.327326555838508,160.2468061876719
0.5,1.1100763071781532,160.32263115537097
1.0,0.9414655952022071,159.95027893047842
1.5,0.8562971364031642,159.978027432645
2.0,0.9055647883408349,160.08110499397765
2.5,1.5764653432484186,159.90098432603946
3.0,1.148029467566234,159.71873015926454
3.5,1.1934038504589777,159.985409471097
4.0,1.2271425294146412,160.00265685019414
4.5,1.0630540653414373,158.56692952263356
5.0,0.6975098495873122,160.00697585862397
5.5,0.7581510959387256,160.3678483067047
6.0,1.0622430796525588,160.58912328827194
6.5,0.9519266499184547,160.5830244124194
7.0,1.0502038153470634,160.35681148038356
7.5,0.8832640709477602,159.74691533716216
8.0,0.9399708382483783,160.7751915421924
8.5,1.1371632836645051,160.3583456272313
9.0,0.7275744986000986,160.42527679617302
9.5,0.8468967963543783,159.8873854600018
10.0,1.1195377695677127,160.5225746450743
