v_std: 0.00250, layout: hourglass, intruder: nonflocker, stepcount: 2000 
p_std, ratio
0,0.0845772288173796,160.52953738932942
0.5,0.1287409878394106,159.79543353497453
1.0,0.19365732483335124,159.72309307232618
1.5,0.20207172540861706,159.612024068998
2.0,0.17879391985839022,160.04609831986073
2.5,0.34117247292867575,160.2809339815734
3.0,0.2664176687568357,159.81105402020057
3.5,0.650502156555902,160.30550810508973
4.0,0.39911205301003344,159.89501997672713
4.5,0.4858991552723092,160.09048523850552
5.0,0.5836318830376339,159.69030031708917
5.5,0.5540571912101087,159.80159875071772
6.0,0.9308697975843094,160.05891254711148
6.5,0.6615380858917705,160.061526879202
7.0,0.5774585720336141,160.42390898449068
7.5,0.7303845448412003,160.25355964374046
8.0,0.5345462713281743,160.43071960724143
8.5,1.0572580713305535,159.52050004471096
9.0,0.9271851275160534,159.5734180458409
9.5,0.5917199508781943,160.03471674211417
10.0,1.0422123241676633,160.09581229679267
