v_std: 0.04500, layout: hourglass, intruder: nonflocker, stepcount: 2000 
p_std, ratio
0,0.9442214453492586,160.25960501518347
0.5,1.3472450153006736,160.28000878614665
1.0,0.9921575346320043,159.69357020692954
1.5,1.0729438363811445,159.7629817841397
2.0,1.0345577780593862,160.00771638397575
2.5,0.6772798778282118,160.18335191325335
3.0,0.9254023386754603,159.23363696952714
3.5,0.8439080418368365,160.02146681168597
4.0,0.6262260626827236,159.92985943292177
4.5,0.8367180510796575,160.18999262860893
5.0,0.7845296455206159,160.02647682733496
5.5,0.9536634966441948,159.96089731636312
6.0,0.8605207250729282,160.53395456553645
6.5,0.689703092225081,159.82108861242241
7.0,0.7742055357620715,159.94767060204836
7.5,0.7625501107853931,160.15597032431293
8.0,0.835756415147844,160.0545745591051
8.5,1.2706901658594605,160.21640340956077
9.0,1.2097620424432278,160.63763466130345
9.5,1.3937320997692053,160.37901132448636
10.0,0.8340314519017243,160.4212466440344
