v_std: 0.05000, layout: hourglass, intruder: nonflocker, stepcount: 2000 
p_std, ratio
0,0.8157091809230185,160.05780324693083
0.5,0.891959532318796,159.78215908251687
1.0,0.8748001537889706,159.42281195630522
1.5,1.8488561545539863,160.10943736815253
2.0,0.9899597922687865,159.94479761906345
2.5,0.97735693914752,159.7639686862558
3.0,0.7151903917014694,159.91847793771942
3.5,0.8666629698635054,159.77963182545142
4.0,1.0598520164197252,158.3852371315877
4.5,0.6759911894781054,159.55660982166947
5.0,0.9345257759512954,159.68263110631193
5.5,0.879933370232151,160.49588459545828
6.0,1.0018755549932745,159.4279725997426
6.5,0.8373207121996961,160.43120149615885
7.0,0.9175948515000175,159.5460242638483
7.5,0.8627329389762772,160.16468318266834
8.0,0.9497112609425995,160.7191959182443
8.5,0.7541151889037417,158.4349440262897
9.0,0.9801710031669882,159.66608290506636
9.5,0.8135043710652203,160.56707443094237
10.0,1.4863963501439779,160.3918834826095
