v_std: 0.02250, layout: hourglass, intruder: nonflocker, stepcount: 2000 
p_std, ratio
0,1.3142200945690221,160.0612620750333
0.5,0.9032990798888431,160.15258325265748
1.0,0.7947167136784973,160.058716259234
1.5,0.758603471486229,159.98796727356154
2.0,0.9421932414919236,160.30328109699542
2.5,0.6583085455417613,159.93868004067883
3.0,1.0638087155209677,159.6158275320287
3.5,0.9291049416529553,159.84276698337717
4.0,0.8724467888662304,159.9071255900144
4.5,0.9045623458501239,159.33458910356825
5.0,0.9061914002512723,159.14215910431514
5.5,0.747395812866567,159.94277466927255
6.0,0.6630690944188032,159.9840974695816
6.5,0.7652884875716084,160.26652225780498
7.0,1.2597797996349172,159.5287568599579
7.5,0.953666805267602,160.37683155837934
8.0,0.9922467702072317,160.2972361331806
8.5,0.9183619031807818,160.42826039833912
9.0,1.044152913371364,160.13577534781822
9.5,0.6528998887692882,160.41621452394287
10.0,1.0112247306987332,160.51778224597763
