v_std: 0.03250, layout: hourglass, intruder: nonflocker, stepcount: 2000 
p_std, ratio
0,0.7341552674418141,160.41999657992721
0.5,0.8783668566957211,159.73120821218205
1.0,0.5904503508488219,159.7607413434571
1.5,0.9369128058418971,159.6852420035973
2.0,1.092019178406653,160.2237752557193
2.5,0.970373123486864,159.09979284759947
3.0,0.7256938861889841,159.82081430117182
3.5,1.0426208706952615,160.52875653808394
4.0,0.6658784505942884,159.67335287041246
4.5,1.1304853161366493,159.91568381915147
5.0,0.9267480876034032,158.2705671602507
5.5,0.7853133732150521,159.83644463379443
6.0,0.8213076127054649,160.00753781158932
6.5,1.1118734395019476,159.97062507393997
7.0,0.8337920998547343,158.92757562281813
7.5,1.0759807851922638,160.54062219329694
8.0,0.906197096596157,160.73093228792132
8.5,0.8921392095270405,160.39098530558533
9.0,1.0753857760123375,159.86984239370082
9.5,1.0519990528453254,159.7409118035887
10.0,0.7718460759983975,160.1680661821108
