v_std: 0.01750, layout: hourglass, intruder: nonflocker, stepcount: 2000 
p_std, ratio
0,0.7163283346508835,160.2213725597674
0.5,0.8618933959014191,159.67487394713925
1.0,0.8617242718727294,159.64341885913754
1.5,0.5962195794774693,160.33755131168698
2.0,0.9114251926600482,159.9218123214286
2.5,0.6659372328800082,158.32693604473184
3.0,0.5901782344445248,158.65793085223808
3.5,0.8242674613866785,160.27020147914448
4.0,0.5828990651900762,159.87353125305705
4.5,0.9998520712223867,160.21595853752166
5.0,0.707043330866411,159.22463531785877
5.5,0.6033301345133552,159.7658340134638
6.0,0.9747243990672134,158.62003115897272
6.5,1.0154245318922634,160.57392566007445
7.0,1.0656668224853763,160.065513469125
7.5,1.23012693168326,159.79416777918732
8.0,0.7412607607137434,160.024539076173
8.5,1.0174834535671995,160.10487267567308
9.0,0.6253394389571836,160.0515998128952
9.5,1.1177572559748625,160.16601891634403
10.0,0.778200628249061,160.27026658971084
