v_std: 0.02750, layout: hourglass, intruder: nonflocker, stepcount: 2000 
p_std, ratio
0,0.6190494631310519,160.39023123095922
0.5,1.0236311380566272,160.37111310841277
1.0,0.9341074679946578,159.44123644364257
1.5,0.7339854092033168,159.68906636917595
2.0,0.8341938400920982,159.8992712045388
2.5,1.0277837063415403,160.19992410935052
3.0,0.6836218493615843,160.2721897140556
3.5,0.8068541436716848,159.83291955320826
4.0,0.769500523654866,159.92861009804307
4.5,0.9988151013307527,159.77436353522376
5.0,0.8816793280975714,159.18424022138325
5.5,0.6176923294613883,159.33744421205225
6.0,0.8193516581642731,158.19546008444604
6.5,1.0269084799653836,159.98837592539377
7.0,0.8530914266462271,160.25811069783524
7.5,0.9722489206254165,160.37854396149982
8.0,1.3335023588333237,160.29572957034767
8.5,1.0558343512068977,160.28443466109937
9.0,1.089932461473373,160.07065448669672
9.5,0.9005367508843296,160.24546084490876
10.0,0.8876351727266701,160.21690853566352
