v_std: 0.03500, layout: hourglass, intruder: nonflocker, stepcount: 2000 
p_std, ratio
0,0.8795439515071394,160.1667599052596
0.5,0.6765085955579875,160.1157319921347
1.0,0.8001051663147646,159.73051957277602
1.5,0.9307088444361448,159.84138451309352
2.0,0.6298718653323767,159.46665769355033
2.5,0.7232373174448218,159.6504413271502
3.0,0.7941923715201827,159.89750495793783
3.5,1.181043908536545,160.21111260649624
4.0,0.7748093902032942,158.53990481062598
4.5,0.654495262330355,160.15840422873396
5.0,1.0101965192622333,160.34540063327992
5.5,1.184732951805924,160.06029974099386
6.0,0.6728588963751929,160.77326693435197
6.5,1.2544751077133391,160.09169416356391
7.0,0.8980056100850359,159.91064795435483
7.5,0.9189697856782983,159.11814015634366
8.0,1.0830871360798624,160.0078965700312
8.5,0.9606282159968709,160.05806498345362
9.0,1.311562248526564,159.9766142062291
9.5,0.748145082745555,159.27327080236003
10.0,1.0048985499904661,160.1864104566756
