v_std: 0.00000, layout: hourglass, intruder: nonflocker, stepcount: 2000 
p_std, ratio
0,1.0130975742375768e-14,160.21066019338477
0.5,0.056836486152581925,160.4542533088222
1.0,0.27618577392519056,160.0703844607172
1.5,0.1537247510448296,159.5647894363055
2.0,0.16458908870532263,159.79602957974532
2.5,0.28835203865812975,160.05136897551108
3.0,0.19027350733089554,159.63254959654097
3.5,0.3606720455259229,158.61186101486564
4.0,0.3917492255329849,158.92831912528965
4.5,0.5787640688002998,160.18341744019222
5.0,0.3257677423864937,159.82775132167012
5.5,0.5971348024290279,160.044872086163
6.0,0.8166964011240875,160.0989215986381
6.5,1.0247712166517942,160.46880585938453
7.0,0.7880307985871624,160.63180998913248
7.5,0.4616508953579539,160.2025776409189
8.0,0.6115538103981042,158.9717756661326
8.5,1.1306532246121974,160.23312926756108
9.0,0.3768566915202533,160.09560746892404
9.5,0.8006815345675798,160.16106994096137
10.0,0.6004014874049936,160.6270491657689
