v_std: 0.00750, layout: hourglass, intruder: nonflocker, stepcount: 2000 
p_std, ratio
0,0.37818263839636235,160.21858638391535
0.5,0.3821704908253147,160.18453187206532
1.0,0.38092174696286135,160.4104377304286
1.5,0.38132665577660335,160.06328001283032
2.0,0.38006076232960395,160.3704285577716
2.5,0.37256380042563075,159.45204195631376
3.0,0.4518146197819285,160.02261586640486
3.5,0.7050477769227631,159.9400413710034
4.0,0.608393607027319,160.52949229863097
4.5,0.5290641008079568,160.0640478501616
5.0,0.704842501090332,159.93279883755162
5.5,0.68640525052176,159.6465434640455
6.0,0.7940238985716881,160.10924496176605
6.5,0.8478334551041463,160.2193109802348
7.0,1.0175736254109982,159.32851475919423
7.5,1.1392099071638173,160.17249077792076
8.0,1.017429672878807,160.45979282071625
8.5,1.0739029867186074,160.20034470268445
9.0,0.6711964384795975,160.35593385727853
9.5,0.7005306870399477,160.41418481152232
10.0,1.1844976822447562,159.72110373994744
