v_std: 0.04750, layout: hourglass, intruder: nonflocker, stepcount: 2000 
p_std, ratio
0,1.1387721951631802,160.17883167393816
0.5,1.1256630134618717,160.0277323464846
1.0,0.8501059804834517,159.77743862634156
1.5,1.0020255513917677,158.5773046444739
2.0,0.8700014579023936,158.76030431358564
2.5,1.2597387184521345,159.05644980405384
3.0,0.8585589750476184,158.4061966352936
3.5,0.8642598636994241,160.32825792003584
4.0,1.2069709321312787,159.9325085854314
4.5,0.9526906639837256,159.32535346770777
5.0,1.0157511228109048,160.44192795540144
5.5,0.7665548363352912,160.26054175678235
6.0,1.103591425592732,160.40895317127737
6.5,1.0549060617285202,158.91980635241345
7.0,0.880520228700278,160.13663175076016
7.5,1.19467036759921,160.10041837929973
8.0,0.8870363656790615,160.05014290914656
8.5,0.8320101055010806,160.15901976163434
9.0,0.9833969440146028,160.5421243051494
9.5,0.869214554169487,160.30212947378203
10.0,0.8820218291293828,160.35613694166983
