v_std: 0.02500, layout: hourglass, intruder: nonflocker, stepcount: 2000 
p_std, ratio
0,0.6891522911032955,160.3499662707498
0.5,1.1170233314199398,160.19389747623669
1.0,0.5550491178635513,159.87545830471453
1.5,0.76339661832006,160.15857958319518
2.0,0.7124938211251597,160.14930086125202
2.5,0.538134992689381,160.09421934476657
3.0,0.7450576485332885,159.70499075931636
3.5,0.761351055859822,159.8730630910762
4.0,0.7214923514830627,160.81631080339048
4.5,0.8588470513730407,159.15280680452577
5.0,1.0004240875254449,159.96476948701573
5.5,0.7093031966764918,157.99296037098975
6.0,0.8815735421123162,159.66054380635293
6.5,0.843117462599532,157.96881967393534
7.0,0.6659263806788837,159.8017872376225
7.5,0.8440905218128204,160.02583210105493
8.0,0.7096968526724197,159.8163597139727
8.5,0.8568221071508206,160.01313774400498
9.0,1.0536286159108383,159.75236080142685
9.5,0.8408214061219242,160.61042570963772
10.0,0.9475187176735896,160.63305704802102
