v_std: 0.02000, layout: hourglass, intruder: nonflocker, stepcount: 2000 
p_std, ratio
0,0.7870394942660639,160.0282428800899
0.5,0.7334369216410362,159.61280289973956
1.0,0.7988058559595624,159.94562596445382
1.5,0.6388934780729193,160.39660239495691
2.0,0.8143446721581807,160.5231105710687
2.5,0.5804299410060467,160.0763820017534
3.0,0.6091436751581789,158.90752327076527
3.5,0.5367350678593245,160.19136245733955
4.0,0.7957086344693011,159.29525936803142
4.5,1.0490951842114857,160.01889584135927
5.0,0.8242641235476268,159.7954396335351
5.5,0.5968896847338176,160.27614622647883
6.0,0.5920319518788604,160.5998303545644
6.5,1.3644149859544021,160.12751894949812
7.0,1.087807445977697,160.04473784616306
7.5,0.7355304415639268,159.93777017340668
8.0,0.7540887257231055,159.68702783090632
8.5,0.650334098749452,158.18994997040755
9.0,1.208787479549053,160.394509721
9.5,1.081453960596958,160.41052870116434
10.0,0.8031067978698458,160.5819245463486
