v_std: 0.01250, layout: hourglass, intruder: nonflocker, stepcount: 2000 
p_std, ratio
0,0.4752630491923203,160.31888955737287
0.5,0.374213137547585,159.85952206228424
1.0,0.5278945484315986,159.74749814876338
1.5,0.44922337244972244,159.84496644781288
2.0,0.4579972014667505,160.0527585206147
2.5,0.6437969294513086,159.61496083932786
3.0,0.6694751906076933,159.10653042835145
3.5,0.6095452500988338,160.20851308258676
4.0,0.5435044456813467,160.20299515891708
4.5,0.7171328526837136,160.07890004164338
5.0,0.8335259362728363,159.88476566683852
5.5,0.8885927717299518,160.13655002528895
6.0,1.024295876241706,160.2620427838382
6.5,0.7480036290197981,160.13368618394813
7.0,0.7009262906319191,159.30434768207604
7.5,0.5292872151506827,159.68882020192322
8.0,0.6834794489397976,159.85253776534077
8.5,0.8097099324573506,160.05268934508922
9.0,1.1940022005033912,159.69725860777612
9.5,1.0162431922322424,159.95945696219312
10.0,0.9478580873838741,160.26774580688928
