v_std: 0.00500, layout: hourglass, intruder: nonflocker, stepcount: 2000 
p_std, ratio
0,0.21958442587646643,160.1298158602329
0.5,0.16652506995951155,160.61520622151093
1.0,0.2613803231097437,159.73151713720566
1.5,0.3149457086478437,159.92871260883715
2.0,0.34417262415725774,159.27655351073122
2.5,0.2798367937322814,159.86149242357664
3.0,0.37610899656837615,160.0403222136344
3.5,0.7879896136849297,160.06657837843076
4.0,0.7115857600062016,159.39393953593603
4.5,0.7018676057362402,160.09080806607977
5.0,0.7047430127607455,160.23037163727292
5.5,0.9211899688252767,160.18741994112108
6.0,0.7684824323426931,160.41444556113726
6.5,0.641394699483554,158.65939775554327
7.0,0.7100327348012178,159.1209941993617
7.5,1.0824041003543245,159.85396506115723
8.0,0.7638709106613464,159.92581823084592
8.5,0.760714194779925,159.94808320149903
9.0,1.1100709645077025,160.73056831113675
9.5,0.8584954560987706,158.94659278301597
10.0,0.8952785451823645,159.774708405175
