v_std: 0.04250, layout: hourglass, intruder: nonflocker, stepcount: 2000 
p_std, ratio
0,0.7559787718335157,160.29329413642242
0.5,0.7418101901864544,160.0174346268891
1.0,1.361097113039533,160.33511722591092
1.5,0.7285064091581152,159.78884015206336
2.0,0.8516736489444962,159.8056212943476
2.5,1.0309870267300285,159.81556050878794
3.0,0.7787235858334489,159.8748776021694
3.5,0.8337483359309557,159.84175611566604
4.0,0.9809560970516682,160.03027100376045
4.5,1.0119401728680946,158.20975960873008
5.0,0.7988072428708918,160.66340125159346
5.5,0.9179276394353209,160.01459177255074
6.0,0.7625008057746112,159.87592530385123
6.5,0.7913833657324815,159.5624330517186
7.0,1.1557968331501751,160.50106574918038
7.5,0.7640236718151188,160.0669497412889
8.0,0.7091818268835745,160.23217255934543
8.5,0.9904104281373679,160.09680666570117
9.0,1.1138760198392255,159.7538072570221
9.5,0.6802294161088598,160.85581783119014
10.0,1.0137157137236177,160.03376272761705
