v_std: 0.04000, layout: hourglass, intruder: nonflocker, stepcount: 2000 
p_std, ratio
0,0.8083707442088776,160.2050679508974
0.5,0.7287071707233352,160.0196140569867
1.0,0.7973239743594375,160.45352788262485
1.5,0.9857899195237848,160.32391667258105
2.0,0.6124318405350645,159.76208236589184
2.5,0.6079964750770269,159.96046092736555
3.0,1.0748232552724626,160.37792979997928
3.5,0.73450724253249,159.81232868398027
4.0,0.7868433932612552,159.1131127262742
4.5,1.1073581507278898,159.7458732194402
5.0,0.6505257257706131,159.15209797676835
5.5,0.9659042027873778,157.6220224632672
6.0,0.9735924018212482,160.42248689156895
6.5,1.1170066324567833,158.56652704005916
7.0,0.8013313256685287,159.95465311431212
7.5,1.0428065341751556,160.62913108810616
8.0,1.1579140721131649,159.87755267525895
8.5,0.8581050137787284,160.31815142673767
9.0,0.8759691177360186,160.35378161525094
9.5,0.9161080196780491,160.43677755418
10.0,0.8970484059035239,159.7276612861744
