v_std: 0.01500, layout: hourglass, intruder: nonflocker, stepcount: 2000 
p_std, ratio
0,0.48091792842545106,160.00898540031938
0.5,0.9450637405153955,160.049357988092
1.0,0.6218967359485543,160.33885366164202
1.5,0.46674806772355437,159.26486129078967
2.0,0.544498641766142,159.64476118765697
2.5,0.7025385877881718,159.79382236172412
3.0,0.4255276277152127,159.02733716139338
3.5,0.6589849254102583,160.3167809302621
4.0,0.9249138448739843,160.10568667746682
4.5,0.7208616040888338,159.89678409618975
5.0,1.145670875120682,160.0145559253483
5.5,0.7802945483883399,160.25465289672746
6.0,0.9085112258505397,160.280928577077
6.5,0.9172885748678569,159.5906666892894
7.0,1.187806709169606,159.1105422888254
7.5,0.6033347262258192,159.99030517614554
8.0,0.9768927755480935,160.2413664830327
8.5,0.7372784034809147,159.9031439528987
9.0,0.8139256605948744,157.81056777062
9.5,0.9358023637517044,160.0143000108971
10.0,0.8105307093662167,160.1155801307379
