v_std: 0.01000, layout: hourglass, intruder: nonflocker, stepcount: 2000 
p_std, ratio
0,0.4700720597670664,160.24283887231056
0.5,0.30012922846454276,160.2933651471027
1.0,0.41609965296315954,159.95683208352918
1.5,0.6116932132566596,159.85881877371366
2.0,0.6244946032317233,159.1254767953587
2.5,0.4117580156684066,159.9307720994494
3.0,0.893548779105173,159.8683745572805
3.5,0.7534753648004386,160.29209511916523
4.0,0.5483565775608551,159.44184607733527
4.5,0.38585199496990913,159.71926464437146
5.0,0.7986585676995805,159.54715179378076
5.5,0.6837194266715869,159.54016321119846
6.0,0.5918319871684191,160.88499777910985
6.5,0.5364812087218521,159.51324740944682
7.0,0.5089758942870343,158.25262794597512
7.5,0.7313210556255465,160.24264456144863
8.0,1.13530746186983,160.05789006233152
8.5,0.6712793007260934,160.24282980571047
9.0,0.9679193884879733,160.5228011511177
9.5,0.752444939692024,160.07221764541842
10.0,1.0566556916606826,160.00840476362333
