v_std: 0.30, layout: hourglass, intruder: nonflocker, stepcount: 10 
p_std, ratio
0,0.08055324003910001
1,0.1009839023950271
2,0.15313966844408503
3,0.2056029013091014
4,0.28477195913927394
5,0.31914237482953633
6,0.3956640816674076
7,0.46510024115856863
8,0.5271775610435973
9,0.5929093255610649
10,0.5732216167190882
11,0.7717964903481331
12,0.7503153959377483
13,0.8316577219900757
14,0.8863450686236031
15,1.0356401056173843
16,0.9336286964866055
17,1.248440291109866
18,1.0130945274419942
19,1.1208500724582313
20,1.405351904477981
