v_std: 0.00, layout: hourglass, intruder: nonflocker, stepcount: 10 
p_std, ratio
0,2.033466685803224e-06
1,0.060549211776962396
2,0.12281914975642626
3,0.19127347861878682
4,0.26588869195060694
5,0.30561968400415507
6,0.389631866028249
7,0.47526744418352396
8,0.49480768886755755
9,0.5916244352139851
10,0.6928397640651814
11,0.7498760812644859
12,0.7184680146663919
13,0.8733882097361049
14,1.1572682697606027
15,1.2036335440598418
16,1.0847263472382644
17,1.1961550074130558
18,1.2126783863749766
19,1.122678927608284
20,1.1343950762357364
