v_std: 0.40, layout: hourglass, intruder: nonflocker, stepcount: 10 
p_std, ratio
0,0.11068146124236561
1,0.11993347491928398
2,0.16930853994521317
3,0.22802427491385105
4,0.27061098704970227
5,0.3419219455850625
6,0.3925661620230713
7,0.488330474941328
8,0.5432746559443011
9,0.6437559984354206
10,0.7434443448170117
11,0.8158454093977452
12,0.8028455586559842
13,0.8444374338347274
14,1.0171113009661383
15,1.1570613635119593
16,1.232704005886481
17,1.173172558471596
18,1.192533123144269
19,1.2778018076835482
20,1.2816143337786803
