v_std: 0.50, layout: hourglass, intruder: nonflocker, stepcount: 10 
p_std, ratio
0,0.15284456011683198
1,0.14933189979721762
2,0.1999419416586921
3,0.23572473602116964
4,0.28343658380814396
5,0.36523508874419275
6,0.4193293335057977
7,0.5155427046595401
8,0.543969687550669
9,0.6215699087143718
10,0.6562480270378835
11,0.7386358416937862
12,0.9179233803344511
13,0.848682534286101
14,1.0577313751231667
15,1.1391800429797714
16,1.0586424426069707
17,1.3212003179832426
18,1.2736335401295449
19,1.369004495097515
20,1.296835108238946
