v_std: 2.00, layout: hourglass, intruder: nonflocker, stepcount: 10 
p_std, ratio
0,0.507003054191093
1,0.5006262184777447
2,0.4618381132073981
3,0.5843044948631133
4,0.5571706677953895
5,0.5685427581622651
6,0.5627118611761525
7,0.561647564948873
8,0.5182028135335772
9,0.8118159690341584
10,0.6912420391374839
11,0.7815903263534741
12,0.8461903216219868
13,0.919779960514099
14,1.029392346180448
15,0.9687049002416784
16,1.062203648659988
17,0.8697565687881998
18,1.1637567860473628
19,0.9423647085240197
20,1.2409185709915418
