v_std: 0.20, layout: hourglass, intruder: nonflocker, stepcount: 10 
p_std, ratio
0,0.05381942123584527
1,0.08363834360975783
2,0.14332247590899894
3,0.1965496211598473
4,0.23140343401820837
5,0.30612501601672637
6,0.36682769681131044
7,0.4959198908339952
8,0.5300430352325011
9,0.6433084217137897
10,0.5472283671438009
11,0.8042484642819496
12,0.8756396150583362
13,0.9244235820438218
14,0.9031965863058432
15,1.0426150464969506
16,1.1802157659122912
17,1.0770302917222518
18,1.206492166129277
19,1.1264614742433119
20,1.233756146950306
