v_std: 1.90, layout: hourglass, intruder: nonflocker, stepcount: 10 
p_std, ratio
0,0.5298287284104076
1,0.43195203200598425
2,0.44888624918990366
3,0.4607401708265019
4,0.5322930035701019
5,0.5976363885800556
6,0.6812107491674732
7,0.7531146799712408
8,0.6944985490170452
9,0.6921582433099934
10,0.8266434469131149
11,0.8870368893935101
12,0.7192315876677365
13,0.9076322497404649
14,0.9621934529226045
15,0.7719754544674594
16,1.3404809963851427
17,1.040017235477173
18,0.9937368210269704
19,1.3604022141620882
20,1.2316707622637424
