v_std: 1.40, layout: hourglass, intruder: nonflocker, stepcount: 10 
p_std, ratio
0,0.35737839912726377
1,0.4004325456247753
2,0.469188044312264
3,0.4145697079497528
4,0.4376258671688117
5,0.5421529017309512
6,0.47096080954497616
7,0.5676673948071289
8,0.561247927683627
9,0.7374658473370499
10,0.7178131682867739
11,0.858186456099146
12,1.015702753312393
13,0.792500740627983
14,1.059378795131665
15,0.9731836815843851
16,0.9060883078215792
17,1.1632903435865742
18,1.0809292147151832
19,1.2659969813510488
20,1.0160618292059715
