v_std: 1.50, layout: hourglass, intruder: nonflocker, stepcount: 10 
p_std, ratio
0,0.4269960961240526
1,0.405923383515958
2,0.4239128946558531
3,0.4017545188696573
4,0.44866525225795123
5,0.4441066747563065
6,0.5843409309483102
7,0.5632352604876799
8,0.6129306350159627
9,0.589453669050983
10,0.7775070308275268
11,0.7569706790336987
12,0.7728029712382644
13,0.8859656282456589
14,0.9823094715599242
15,0.8772431010451965
16,0.9828950852662817
17,1.4138958017409193
18,0.9884967354026246
19,1.091347321119174
20,1.4744113405896044
