v_std: 0.60, layout: hourglass, intruder: nonflocker, stepcount: 10 
p_std, ratio
0,0.16695303184638705
1,0.19345526153273884
2,0.20872607857317468
3,0.2496711409537844
4,0.29407890451797436
5,0.3929960743110946
6,0.38271497508566366
7,0.5101832386377411
8,0.5944115580368784
9,0.6243320329541397
10,0.5547100353585562
11,0.6858365103822869
12,0.807738437793082
13,0.8772623857558393
14,0.986793631806086
15,1.2743411653102892
16,1.0111686990130035
17,1.1431443684482554
18,1.1939904208070444
19,1.166219762548686
20,1.3207168398768916
