v_std: 1.80, layout: hourglass, intruder: nonflocker, stepcount: 10 
p_std, ratio
0,0.44004998650377336
1,0.4492041973482997
2,0.4531421096818946
3,0.4639743749691456
4,0.44466137845869685
5,0.5981448615732454
6,0.5540981382163802
7,0.6048961428236682
8,0.6768931386180765
9,0.7128784271290252
10,0.8076138444501559
11,0.7552791703728462
12,0.8925469342614784
13,1.0880766954174501
14,0.8452227763566265
15,0.9531900474362727
16,1.0933641845289985
17,1.0723461347672816
18,1.0506771446191305
19,1.2465439902112752
20,1.418953037773092
