v_std: 1.30, layout: hourglass, intruder: nonflocker, stepcount: 10 
p_std, ratio
0,0.37592537971665385
1,0.38007900944036577
2,0.408585426663575
3,0.3454415867369223
4,0.43780799726511055
5,0.5518382768706503
6,0.46366817209430333
7,0.5571632666991386
8,0.5510130143075013
9,0.6711984514255938
10,0.7602684394359379
11,0.7779699763831451
12,0.7991562079701865
13,0.9847680380009576
14,0.8099063517471453
15,1.045594549175107
16,1.0608124950646824
17,1.0331267516509666
18,1.279148781184579
19,1.4123389430411426
20,1.072073151326675
