v_std: 1.00, layout: hourglass, intruder: nonflocker, stepcount: 10 
p_std, ratio
0,0.280065421545035
1,0.3009138391642848
2,0.2758215422937139
3,0.3190835029256741
4,0.29421886855531904
5,0.39945697523425167
6,0.46945971503940837
7,0.49373981811279494
8,0.5930006963986747
9,0.5866692510403947
10,0.7028678591837574
11,0.8369908384426783
12,0.821943332655261
13,0.9252352526233043
14,1.08526488439126
15,1.2578646307201184
16,1.0575308000305448
17,1.198095709313548
18,1.0858214125034233
19,1.3032147042608029
20,1.2745560691823417
