v_std: 0.90, layout: hourglass, intruder: nonflocker, stepcount: 10 
p_std, ratio
0,0.24062589840509713
1,0.256981352566437
2,0.26404447148270643
3,0.3132245517583958
4,0.33149979222818043
5,0.42642360530615525
6,0.4067499360506154
7,0.5192596183771099
8,0.5559567595734699
9,0.7141070872447979
10,0.7279556581498916
11,0.8384859150547791
12,0.8154753123974434
13,0.7579175357539052
14,1.0559606908574448
15,1.1201118679763524
16,1.1734370291597491
17,0.9865970057197522
18,1.2504884496417172
19,1.1130170491724023
20,1.2760114119540318
