v_std: 1.20, layout: hourglass, intruder: nonflocker, stepcount: 10 
p_std, ratio
0,0.3202816443390168
1,0.3312773081975151
2,0.31398249528475974
3,0.38584414683776386
4,0.3913088540480877
5,0.44702137084424964
6,0.47530613889379225
7,0.5090309294274927
8,0.5477764150347528
9,0.6643535619213778
10,0.8360800677300498
11,0.801459821387798
12,0.8606583503853844
13,0.9003966759037892
14,0.909791297360732
15,0.8290385606089095
16,1.1590796135140375
17,1.2358345227987895
18,1.0423571001428404
19,1.2933604265875036
20,1.1718075651299733
