v_std: 0.80, layout: hourglass, intruder: nonflocker, stepcount: 10 
p_std, ratio
0,0.22804144220870776
1,0.24674716317473372
2,0.23762641785395608
3,0.3020936462022218
4,0.3024848157178216
5,0.3378640470837766
6,0.5194255203683951
7,0.4555377192453826
8,0.645614009077935
9,0.716132661976441
10,0.7291805652675813
11,0.8160246833309095
12,0.8350051336182485
13,0.8857408344339291
14,0.8890571640183813
15,0.9934066787371992
16,1.0683429825848565
17,0.9429058388844805
18,1.3072072290863619
19,1.2889300272206998
20,1.1913707234777582
