v_std: 1.10, layout: hourglass, intruder: nonflocker, stepcount: 10 
p_std, ratio
0,0.2868125086354949
1,0.295872123610622
2,0.34322983627067993
3,0.3678994164971234
4,0.3273478667644632
5,0.526439454645108
6,0.4406921389746334
7,0.5247116416991838
8,0.6561915138400894
9,0.7231239171558486
10,0.6133939809805131
11,0.8762874547173781
12,0.7536434404036229
13,0.8464334657618314
14,0.8521639826772649
15,0.8812799823963519
16,1.0698493766201658
17,1.1544066578208654
18,0.9623147022581204
19,1.095847108171912
20,1.2090922211788302
