v_std: 1.70, layout: hourglass, intruder: nonflocker, stepcount: 10 
p_std, ratio
0,0.6007445672037901
1,0.4618205121227914
2,0.522002876307717
3,0.4856505650261352
4,0.5343245185532506
5,0.6844546254631859
6,0.5581997686275691
7,0.5858615208874264
8,0.6557255419144256
9,0.7372443117494912
10,0.7869945456000426
11,0.799415231442002
12,0.7146319231257415
13,0.9621990105707374
14,0.9185940711765899
15,1.0395695937757674
16,1.138150618661812
17,0.9773380927780937
18,1.1273177572032291
19,1.1268768890354006
20,1.121340790331162
