v_std: 0.10, layout: hourglass, intruder: nonflocker, stepcount: 10 
p_std, ratio
0,0.027480156712290656
1,0.06947070525184722
2,0.12411694651649444
3,0.18479771474834641
4,0.23284889549308313
5,0.34175973018608646
6,0.3503663984634953
7,0.4170034517073851
8,0.4637100312250258
9,0.5877645166756833
10,0.7372426495401886
11,0.7680175887371024
12,1.1001123597281974
13,1.0819154379272145
14,1.0292310114574243
15,0.8998019838152828
16,1.1701357605306735
17,1.3078533736385094
18,1.1598086314315252
19,1.211366703108457
20,1.5172232938066315
