v_std: 1.60, layout: hourglass, intruder: nonflocker, stepcount: 10 
p_std, ratio
0,0.4518733328789285
1,0.4051344937357649
2,0.4006193006954614
3,0.4830016541415369
4,0.4240247257514549
5,0.536415222120808
6,0.5461612621078366
7,0.6057098612405493
8,0.5910093926763472
9,0.6853723193727957
10,0.8600035138212078
11,0.7409721434416037
12,0.8316886759149952
13,0.7233995950584236
14,1.0388170077187273
15,0.8996267584556992
16,1.23465142160032
17,1.140439956316688
18,1.080141881924947
19,1.3537213827539312
20,1.1443081115224818
