v_std: 0.70, layout: hourglass, intruder: nonflocker, stepcount: 10 
p_std, ratio
0,0.17228983233228454
1,0.20726437106162446
2,0.2158063670670295
3,0.2723085549985765
4,0.3305012531259953
5,0.33445856626214887
6,0.4744267086659514
7,0.47403392328454036
8,0.4545226154494213
9,0.6343560574390839
10,0.6657425233655592
11,0.7520264851072685
12,0.8611443327690756
13,0.8933649545257313
14,0.9691739973062609
15,1.0338860657462152
16,1.27277512256593
17,0.930011769500024
18,1.2388688803053216
19,1.3180049002182648
20,1.2606090312619598
