v_std: 0.80, layout: hourglass, intruder: nonflocker, stepcount: 2000 
p_std, ratio
0,0.29806189908893116,13857.276022793356
1,0.30314323169413543,13815.480483634954
2,0.336671720761756,13785.011488840044
3,0.35686521860493625,13588.759142271168
4,0.3975792580863744,13603.595769755708
5,0.45999311452321234,13852.903298094754
6,0.49046776439695056,13636.140148687527
7,0.5574153807760456,13651.282691965023
8,0.6090876835548604,13414.894437569867
9,0.6264088304783221,13344.550968909725
10,0.7200981994055179,13338.074480376856
