v_std: 0.30, layout: hourglass, intruder: nonflocker, stepcount: 2000 
p_std, ratio
0,0.12205031337818391,14013.62641056906
1,0.14817868104628754,13749.117843902932
2,0.19549124890209335,13534.86024975203
3,0.2612510639659331,13771.534402203624
4,0.3084360249512611,13810.992126979525
5,0.36953136200031816,13483.729706484171
6,0.46091335847173304,13710.012811217573
7,0.5389708193530922,13808.796382682473
8,0.5869264348311768,13540.594955979866
9,0.6374043755370093,13549.484873723857
10,0.7054382884012839,13625.806458250414
