v_std: 0.20, layout: hourglass, intruder: nonflocker, stepcount: 2000 
p_std, ratio
0,0.08291855451602423,13799.911798206631
1,0.11250160675047396,13752.849346622794
2,0.1641287242871158,13583.070026756297
3,0.23461795058846502,13685.757542566365
4,0.3046185846723238,13661.357152536684
5,0.36700618660549816,13438.502271187315
6,0.4497642599358801,13723.040286144487
7,0.5080223513510377,13437.48764231855
8,0.5766343791910846,13531.597337018251
9,0.6123595456524668,13420.187867652314
10,0.6692427730729726,13364.658496887414
