v_std: 0.40, layout: hourglass, intruder: nonflocker, stepcount: 2000 
p_std, ratio
0,0.15404433702740059,13833.214122664305
1,0.17619082910270503,13886.738154224242
2,0.2230960846483252,13837.724326371252
3,0.2792360124633256,13763.657453780583
4,0.3048676900595949,13675.239167558697
5,0.38977987814090126,13773.795897761061
6,0.48209400382843526,13819.75998691793
7,0.5180658089586219,13659.222880217267
8,0.5982163587880774,13647.479762146939
9,0.6227339649486107,13552.848565872155
10,0.7228932857128463,13543.539752446522
