v_std: 0.10, layout: hourglass, intruder: nonflocker, stepcount: 2000 
p_std, ratio
0,0.04000647151936779,13781.647221665358
1,0.09151612727672877,14072.590151129347
2,0.15374779112097692,13822.178282477193
3,0.2146433942427154,13679.200585248014
4,0.2916159218503543,13663.061072205403
5,0.36856763380762414,13743.966522370614
6,0.40266748030939303,13532.64083406354
7,0.5153436692434155,13476.906889041495
8,0.5333612168095786,13360.015238449245
9,0.643565902378728,13480.555693368648
10,0.6608008990998842,13535.195821657377
