v_std: 1.00, layout: hourglass, intruder: nonflocker, stepcount: 2000 
p_std, ratio
0,0.35963420554420455,13676.355520853493
1,0.3565138063287293,13831.237568898641
2,0.3863558784981176,13770.170573273637
3,0.4191232854177626,13819.26948749553
4,0.4725638604967959,13911.10124919287
5,0.4816782591041917,13645.496956248408
6,0.5138574040385266,13601.354166613126
7,0.571523077875553,13460.246658736096
8,0.6516859502907946,13531.131555584332
9,0.6524724389625697,13350.86018062562
10,0.7207679716142881,13633.845477279992
