v_std: 0.00, layout: hourglass, intruder: nonflocker, stepcount: 2000 
p_std, ratio
0,3.353131617292039e-08,13841.046036726051
1,0.073842399275785,13802.139294583885
2,0.14284548714011483,13700.2501839221
3,0.2161448724059358,13830.040579015817
4,0.2863170176013408,13607.157181697903
5,0.34265369689887754,13687.206350907496
6,0.4012852285720439,13791.593695954773
7,0.4804506618701205,13420.233627308087
8,0.5726249897943612,13403.765153499142
9,0.6086987080517918,13401.928152261087
10,0.6448117927979717,13299.681740846496
