v_std: 0.60, layout: hourglass, intruder: nonflocker, stepcount: 2000 
p_std, ratio
0,0.23347694457186285,13905.560559718419
1,0.23883083270686542,13725.916799225504
2,0.271562861475122,13843.727925046494
3,0.32469452411399413,13781.973374959252
4,0.3661568368289063,13516.9928606452
5,0.42031214280622503,13572.310760163451
6,0.4969659933915372,13671.29049785116
7,0.5464239054295055,13579.550136639033
8,0.6188130874231293,13474.705596265621
9,0.6599873383945452,13540.512822958275
10,0.6934256066489547,13384.128050735135
