v_std: 0.70, layout: hourglass, intruder: nonflocker, stepcount: 2000 
p_std, ratio
0,0.2672111777430828,13899.979012115844
1,0.27903818875232345,13905.875958356426
2,0.30749229643488624,13664.549532149946
3,0.3354269699850141,13930.29110526574
4,0.36711519745769505,13839.486008013195
5,0.4285054564167132,13648.331532833121
6,0.4978638895442507,13845.25212217831
7,0.5345788400831688,13584.65237385506
8,0.5976179591046858,13499.932507911943
9,0.658568894272513,13539.304842325684
10,0.7083992772242312,13427.56456027243
