v_std: 0.50, layout: hourglass, intruder: nonflocker, stepcount: 2000 
p_std, ratio
0,0.19364503046551956,13678.20904945479
1,0.20454482923638373,13826.750047803092
2,0.2430818865830555,13579.85320710086
3,0.2719071442716617,13541.613392192843
4,0.35021280099518237,13730.313992947875
5,0.417322378330096,13695.90730974914
6,0.4566719305367618,13524.074685331425
7,0.5401164445083986,13582.771452806493
8,0.596558979138552,13404.418476433062
9,0.65497331662311,13642.054169093015
10,0.7002195131145028,13459.534175020155
