v_std: 0.90, layout: hourglass, intruder: nonflocker, stepcount: 2000 
p_std, ratio
0,0.33394664812393154,13954.006087509124
1,0.35134243774524365,13786.986693254974
2,0.35954949523110163,13735.232380203312
3,0.3846423885090678,13689.256824479295
4,0.42451044331578186,13708.051048902109
5,0.47644878798289575,13699.243219646925
6,0.5416714435234686,13690.01835576603
7,0.5463830060996009,13559.56122357997
8,0.5743219185600392,13167.967404421865
9,0.7068235465953852,13557.363475563325
10,0.7070579529858984,13510.146105552561
