p_std: 5.00, v_std: 5.00
bad:
1, 65.55112738608592
2, 8.235459897837895
3, 8.333618011635163
4, 8.35622245578318
5, 8.010995236664206
6, 7.9747889440581545
7, 7.975941758881657
8, 7.96271327291093
9, 7.656275200650791
10, 7.788344363949182
11, 7.602183716959774
12, 7.7176756361763506
13, 7.606390624997433
14, 7.547533827242722
15, 7.716327997856814
16, 7.254120589475524
17, 7.464835879575608
18, 7.082022153195337
19, 7.095137328128574
20, 7.184347496257621
21, 6.857611763061065
22, 6.896355755103794
23, 6.841661581593665
24, 6.859721672335105
25, 6.501507657538217
26, 6.435154806652261
27, 6.333114396901036
28, 6.139604677162834
29, 6.163877373382675
30, 5.931089288895012
31, 5.9706363948170305
32, 5.610143280147871
33, 5.746355899504667
34, 5.609158705693436
35, 5.711247300859334
36, 5.558002074553752
37, 5.646527024043912
38, 5.493295421614794
39, 5.251261205480155
40, 5.3794961528182546
41, 5.224260228682456
42, 5.131896649547825
43, 5.394200159618385
44, 4.985334657158618
45, 5.492533336900819
46, 5.177560953013271
47, 5.112827760571485
48, 5.305791520051914
49, 5.297372934257258
50, 5.047053488729976
51, 4.8926545163071
52, 4.965478248418169
53, 4.7316794924258
54, 4.939622028961566
55, 4.952397702739789
56, 5.095627659275331
0, 7.917068355757215
57, 4.593606805188547
58, 4.972853674638584
59, 4.815822447468675
60, 4.856300515416579
61, 4.682158039923501
62, 4.820350059022434
63, 4.6463784054058
64, 4.76472725516993
65, 4.5911039795096045
66, 4.899388594882361
67, 4.70761223196654
68, 4.547624947400881
69, 4.67103862764046
70, 4.758205050066029
71, 4.863419568257275
72, 4.54146994383462
73, 4.558713704113421
74, 4.535442497184439
75, 4.82239789688411
76, 4.591553541301602
77, 4.61705248662208
78, 4.51432836708862
79, 4.691472981466868
80, 4.615669683567974
81, 4.6866413470167085
82, 4.797673680754884
83, 4.778176048547292
84, 4.573570047859438
85, 4.832318648422594
86, 4.719042788417073
87, 4.582101653279587
88, 4.7786762334283654
89, 4.725394782354177
90, 4.720053160306374
91, 4.6952255856993315
92, 4.667262446623584
93, 4.622636183031726
94, 4.9170420385927445
95, 4.639322583274381
96, 4.814050306752532
97, 4.872008927269225
98, 4.794372124915846
99, 4.754149283816312
100, 4.845502879935739
101, 4.7562202095784345
102, 4.765537660288716
103, 4.619147280260777
104, 4.959617380962741
105, 5.169650912511133
106, 5.138694845753443
107, 5.023556761004706
108, 5.105653730092656
109, 5.185611486812674
110, 5.246074665168655
111, 5.278532215538385
112, 5.117794601355135
113, 5.233549113820307
114, 5.247169230233386
115, 5.365550781419355
116, 5.126113831190244
117, 5.323818340406924
118, 5.626730674909136
119, 5.365977271806088
120, 5.521869519399897
121, 5.418261562283865
122, 5.449188976258726
123, 5.127113626125077
124, 5.461447705919384
125, 5.672670599258529
126, 5.226935885429478
127, 5.661625072370358
128, 5.801819331145817
129, 5.507429449165056
130, 5.567211035869001
131, 5.892841248699681
132, 5.686431477360469
133, 5.887614874171219
134, 5.808312946406818
135, 5.796903459975872
136, 6.023659904604781
137, 6.000469392072862
138, 6.135387191568993
139, 6.215111899307073
140, 5.9495775863959555
141, 6.006218073453323
142, 6.032240114155273
143, 5.838213598470092
144, 5.909637464437337
145, 6.113143365951264
146, 6.088088196771105
147, 6.146928172213465
148, 5.865945099686482
149, 5.708207729296029
150, 6.016685638570625
151, 6.079395366853163
152, 5.977660263077416
153, 5.8752836163520445
154, 5.692328145230236
155, 5.892491305894229
156, 5.7066192529553055
157, 5.888491172302352
158, 5.837502627242361
159, 6.027514590768251
160, 5.523362784532097
161, 5.629883218999979
162, 5.8656169969103376
163, 5.61598812075625
164, 5.667339168783456
165, 5.461931502420039
166, 5.453158246820806
167, 5.691821746677315
168, 5.595790827832762
169, 5.355465826807087
170, 5.469054455600406
171, 5.334641508125322
172, 5.343930434766362
173, 5.421941926854821
174, 5.181585606244515
175, 5.345177574695875
176, 5.373398031004346
177, 5.147992216075603
178, 5.272915360530309
179, 5.054975018629888
180, 5.128963027053043
181, 5.205042339736854
182, 5.2601191343695515
183, 4.862674449538759
184, 5.04266045302574
185, 5.2691964267345215
186, 5.188160442967206
187, 4.857146503459435
188, 4.894030385292161
189, 4.953908482487916
190, 4.876023336907869
191, 4.730089676146192
192, 4.94004442163695
193, 4.684968650658072
194, 4.6650164564600844
195, 4.491359547942193
196, 4.558927434403786
197, 4.514605278226401
198, 4.633057463283007
199, 4.511552323056093
200, 4.515520682253198
201, 4.6128267517753
202, 4.747397421491019
203, 4.488018666784606
204, 4.688525031723326
205, 4.624090270112365
206, 4.451145261882607
207, 5.010297891924605
208, 4.707265747288465
209, 4.8592890088106975
210, 4.617491622092466
211, 4.668850749998099
212, 4.719652294515504
213, 4.594955766514046
214, 4.428952355481378
215, 4.6062005357454305
216, 4.600461226436441
217, 4.268085906424996
218, 4.403761245720607
219, 4.43602746269517
220, 4.495707828356137
221, 4.416722143628373
222, 4.5371807482838875
223, 4.610351490305323
224, 4.62923023777859
225, 4.796496895835144
226, 4.3907437133651
227, 4.946371569694254
228, 4.638460006719631
229, 4.685840390017064
230, 4.708222065284967
231, 4.7309656654014915
232, 4.804164662577984
233, 4.8114941363396255
234, 4.803582509599134
235, 4.994121506561673
236, 4.843088086199629
237, 4.946426531132103
238, 4.933814313789089
239, 5.1447029016332735
240, 4.85241204517342
241, 4.951992976609583
242, 5.044707282228028
243, 5.325909360927835
244, 4.893693591769329
245, 5.216616887357695
246, 5.160402801620178
247, 5.653102652330952
248, 5.530142978019689
249, 5.611077571530936
250, 5.9646940600822225
251, 5.542350879864202
252, 5.687033549586546
253, 5.798640721721066
254, 5.366602311715389
255, 6.092607800279845
256, 5.989180524410268
257, 6.258454409033456
258, 5.987959867906631
259, 6.264774156939845
260, 6.307471906912606
261, 6.268160173914474
262, 6.470921103747896
263, 6.3367674931076525
264, 6.474443139098898
265, 6.834517235826992
266, 6.5905161768527964
267, 6.53163375738663
268, 6.478413828274651
269, 6.9778274215812015
270, 6.945901301670662
271, 6.554430529069814
272, 6.896345015022576
273, 7.297771481132698
274, 7.358693882851648
275, 6.996479897829355
276, 7.272021694602959
277, 7.276137392115311
278, 7.375127399517649
279, 7.021838145090978
280, 7.14054082974795
281, 7.233002799363414
282, 7.35668055967765
283, 7.446147032639304
284, 7.662090687502532
285, 7.170335992151934
286, 7.685225689996317
287, 7.479811137654104
288, 7.409139401794211
289, 7.809450453291846
290, 7.823196379417244
291, 7.49052802392928
292, 7.728488222995845
293, 7.422519201399521
294, 7.737802655169242
295, 7.768097665120271
296, 7.624363796451695
297, 7.594447544123747
298, 7.829372180618652
299, 7.4848691466835735
300, 7.6478231625224815
301, 7.4076933695612714
302, 7.242353380367337
303, 7.733410416023446
304, 7.773092255016141
305, 7.537939618918651
306, 8.018258012162848
307, 7.555409642442189
308, 7.702364876862247
309, 7.71167517645336
310, 7.974116835231815
311, 7.838441676880644
312, 7.514404575421801
313, 7.700586627409271
314, 7.462266227515903
315, 7.472019977381333
316, 7.563816568918076
317, 7.653641667580757
318, 7.38366867727486
319, 7.481469125881077
320, 7.553006088157853
321, 7.144231775999906
322, 7.175452055537337
323, 7.550557583555174
324, 7.333270716816795
325, 7.287630269162305
326, 7.247333049899344
327, 7.701901775455585
328, 7.273278807388945
329, 7.315824602659496
330, 7.315241231762256
331, 7.100182663498719
332, 7.154392792216897
333, 7.12222457089244
334, 7.204365419061083
335, 6.900898819737439
336, 7.2594787612178875
337, 7.054725107314597
338, 7.512450141694347
339, 7.778270124561026
340, 7.490335613994063
341, 7.5621917962700795
342, 7.538616226735035
343, 7.811300877741598
344, 7.695440071930831
345, 7.533496546459484
346, 7.1867901189319285
347, 7.43751717411284
348, 7.732691248460453
349, 7.557776915677398
350, 7.680088456581204
351, 7.764601929476109
352, 7.4323666016445795
353, 7.835224512187721
354, 7.415568646553442
355, 7.583974361696867
356, 7.354765113198778
357, 7.655060743640193
358, 7.168232267037833
359, 7.8029853344056095
360, 7.434426827596601
361, 7.463549772839411
362, 7.604788252194453
363, 7.859315344209586
364, 7.651542363966069
365, 7.312670708446566
366, 7.873090212998627
367, 7.513955471514551
368, 7.652261196846762
369, 7.714362552639423
370, 7.522724187563741
371, 7.580880608657512
372, 7.6645473636489125
373, 7.673039307614238
374, 7.626512901629106
375, 7.444826003040482
376, 7.519825834245309
377, 7.851615059469322
378, 7.209521389793615
379, 7.559269088666384
380, 7.9586520428253795
381, 7.597673171580639
382, 7.74523767850901
383, 7.8826633352490445
384, 7.688873300483687
385, 7.448873378681128
386, 7.6049680983944725
387, 7.348908139960709
388, 7.6358408825148265
389, 7.678049352523741
390, 7.777055245676792
391, 7.5946826516051
392, 7.6796625151451225
393, 7.506992843598023
394, 7.686779335292544
395, 7.549697328343122
396, 7.450698866495298
397, 7.56488671929938
398, 7.337870193906168
399, 7.54907310255377
400, 7.594420545404674
401, 7.119156122739617
402, 7.035759623787977
403, 7.210311415295888
404, 7.475912672080597
405, 7.163035823908135
406, 7.21668544048043
407, 7.153116112206396
408, 7.0470348630584425
409, 7.291584327707607
410, 7.022955513379888
411, 7.214363328184724
412, 7.20705241610807
413, 7.3437958239654915
414, 7.108223618335397
415, 6.943104226214421
416, 7.059084528251349
417, 6.936671080538182
418, 6.9759433430359055
419, 7.123411423011973
420, 6.9333532449291955
421, 7.0867442664442795
422, 7.173261847746327
423, 6.852197843583512
424, 6.996315488844733
425, 6.730719385836956
426, 7.089473589278485
427, 7.484133607540345
428, 6.970300306346716
429, 7.013016560849324
430, 7.297230536170924
431, 6.952078467561945
432, 6.78577386129498
433, 6.826055286927719
434, 6.8147702326513535
435, 6.962925480294486
436, 7.1155952384571535
437, 7.040645640991453
438, 7.079558429003051
439, 7.184511668448885
440, 6.749068904873726
441, 7.0364965555557655
442, 7.208161682244624
443, 6.750597797284686
444, 6.819922062712978
445, 7.170106744191898
446, 7.05795083213596
447, 6.845847835717235
448, 6.895718262364494
449, 7.003453925483639
450, 7.022154047479376
451, 6.7734618181141
452, 6.809088213111971
453, 6.812460787458176
454, 6.803974615332734
455, 6.693026166696356
456, 6.867105815860554
457, 6.940985087782502
458, 6.934913117600935
459, 6.889502362379521
460, 7.014194151010152
461, 6.8162761545994845
462, 7.173690469510654
463, 6.812195129497586
464, 6.96262798276517
465, 6.762630279779185
466, 6.724996364102162
467, 6.927996314055179
468, 6.875798949820675
469, 6.7262175855909705
470, 6.8950841290354905
471, 6.595010320258216
472, 6.7619056393218795
473, 6.810806197852549
474, 6.6696029405614565
475, 6.648135107201027
476, 6.7805480140314325
477, 6.453369667339591
478, 6.7881833020907605
479, 6.710439820752199
480, 6.624056445600266
481, 7.06902167048733
482, 6.641739796965087
483, 6.756516409054759
484, 6.457075127550667
485, 6.933499940603494
486, 6.877371566870683
487, 6.812898704823437
488, 6.689855639261261
489, 6.702180327861035
490, 6.823181653822037
491, 6.6215388643831
492, 6.535665820135016
493, 6.6908025564042415
494, 6.557076776996219
495, 6.795478491741078
496, 6.643503535999876
497, 6.824406394661189
498, 7.029784177062005
499, 6.53882044631683
500, 6.8296316908482035
501, 6.635914395041995
502, 6.798898607773738
503, 6.477388462730801
504, 6.9202969658032565
505, 6.423117415554414
506, 6.878667713480886
507, 6.774801740257948
508, 6.745186303295154
509, 6.790105326283739
510, 7.057045579608717
511, 6.836647345198491
512, 6.727546805186411
513, 6.912206591979953
514, 6.875103292946705
515, 6.937719831849691
516, 6.84525422927081
517, 6.565366665167663
518, 6.541076888637034
519, 6.734762376405775
520, 6.537491727096932
521, 6.526280577908833
522, 6.363574069917901
523, 6.7594836384300265
524, 6.658364165939952
525, 7.268144037927403
526, 6.603427334307346
527, 6.981768412790031
528, 6.654354528044148
529, 6.739348857004628
530, 6.282534908527937
531, 6.864443068544601
532, 6.588655319892358
533, 6.581339699924953
534, 6.581099436430612
535, 6.755927699052515
536, 6.544606219144156
537, 6.383018148892821
538, 6.778048623014628
539, 6.583258859319952
540, 6.73189998725831
541, 6.950100182599989
542, 6.506910103081957
543, 6.516880639171141
544, 6.664097012345727
545, 6.636329622473975
546, 6.23804987329894
547, 6.441896167268334
548, 6.521255235158621
549, 6.614218167764673
550, 6.888064616019065
551, 6.549115589250268
552, 6.576982962582834
553, 6.587142248320949
554, 6.480499348612328
555, 6.758208615113933
556, 6.380561919507798
557, 6.433556291565769
558, 6.336816139292807
559, 6.484685006621631
560, 6.515020674743076
561, 6.205014281209908
562, 6.479737450061034
563, 6.577132681976077
564, 6.164342699200415
565, 6.599968478785179
566, 6.336786937302911
567, 6.2333628516734905
568, 6.546017713060395
569, 6.143760545722832
570, 6.298894604955226
571, 6.194082302348232
572, 6.117401146579605
573, 6.494310184444304
574, 6.380922651466477
575, 6.052427252517548
576, 6.226994167938122
577, 5.947284973220685
578, 6.266665368165358
579, 6.252023020095347
580, 5.998326049493051
581, 6.090062701094992
582, 6.2217058167131585
583, 6.125304551920939
584, 5.9064755920186744
585, 5.889545920527495
586, 5.687123025243212
587, 5.78368901855726
588, 5.8254471188869275
589, 5.64012590992619
590, 5.840141719668058
591, 5.489525098501485
592, 5.656780285074837
593, 5.281177974231487
594, 5.436884210173715
595, 5.3185103892405525
596, 5.625308496088426
597, 5.435572606379017
598, 5.464998427570514
599, 5.65361573440886
600, 5.4518088197216255
601, 5.312685025477375
602, 5.302652627325498
603, 5.158955921571034
604, 5.563444159768045
605, 5.382515293425034
606, 5.188989822893319
607, 5.230107687269403
608, 5.373404686347176
609, 5.2127092412757365
610, 5.109303313280776
611, 5.570648438745777
612, 5.337629365510818
613, 5.611164405442479
614, 5.452466050349282
615, 5.205713622667407
616, 5.253404788376448
617, 5.367986631930229
618, 5.264810519244248
619, 5.625253148691956
620, 5.072391630262952
621, 5.258204370768857
622, 5.289800932701637
623, 5.263325591188055
624, 5.08296876793209
625, 5.153308999463609
626, 5.264570914798242
627, 5.5185034326694105
628, 5.164736458113416
629, 5.1696141060309975
630, 5.386162034668599
631, 5.343656986955805
632, 5.166529671928009
633, 5.354537005024893
634, 5.279658912941181
635, 5.273319172464699
636, 5.500811837264432
637, 5.5255083192068115
638, 5.3441129397024625
639, 5.409347415058132
640, 5.4984729243089765
641, 5.582183617252741
642, 5.349415557140788
643, 5.337781218908991
644, 5.627778622509449
645, 5.683955678514781
646, 5.659813924203483
647, 5.553197508000541
648, 5.212742918735584
649, 5.740754726003404
650, 5.489418070692955
651, 5.81850173682029
652, 5.666513098786228
653, 5.88905717073987
654, 5.762225221156609
655, 5.920490274385004
656, 6.025412139403234
657, 5.877400925035297
658, 5.998134461337252
659, 5.931498465992289
660, 5.957729202162816
661, 5.918759939803282
662, 5.8497227643596865
663, 5.99203111351621
664, 6.155399407226996
665, 6.372306032947343
666, 6.114331455961733
667, 6.397498984423819
668, 6.3619490476415725
669, 6.739472883051757
670, 6.653630204991166
671, 6.2793692497419675
672, 6.719443670800023
673, 6.772877867806908
674, 6.506426691207933
675, 6.488505927860273
676, 6.751434358880952
677, 6.555655092931994
678, 6.761264299782351
679, 6.565487413611135
680, 6.962560234303258
681, 6.79452918636954
682, 7.138110988749718
683, 7.0491434928621715
684, 6.989533683850742
685, 7.000983033301758
686, 6.746562994297918
687, 7.045687806118572
688, 7.0957128417237545
689, 7.088735087256641
690, 7.169580385802828
691, 7.296386066665892
692, 7.145193516016108
693, 7.109507736099133
694, 7.281844019084366
695, 7.448282763218502
696, 7.450450531256803
697, 7.282524448287455
698, 7.398145309954404
699, 7.486755130992139
700, 7.564413771867397
701, 7.405804676210772
702, 7.467452620294747
703, 7.766236687113673
704, 7.68318397212484
705, 7.573447879528001
706, 7.642519257786146
707, 7.469874284050843
708, 7.376824497868155
709, 7.683558460869369
710, 7.626291082813408
711, 7.625992707094855
712, 7.534979414266438
713, 7.621708117124582
714, 7.508911402927507
715, 7.342536076289418
716, 7.4332854225658735
717, 7.268721294984121
718, 7.502223654231718
719, 7.225261617855793
720, 7.617728871734545
721, 7.570431841023829
722, 7.358203565635386
723, 7.5532436370822555
724, 7.418170933824251
725, 7.644721234434496
726, 7.330184884331591
727, 7.483393046699467
728, 7.674601889553071
729, 7.683480967289932
730, 7.518562497978819
731, 6.956176873531646
732, 7.293504521788194
733, 7.446885310528303
734, 7.403799659072765
735, 7.603838026273097
736, 7.357419929079149
737, 7.433714905989773
738, 7.085045029068212
739, 7.569726277436239
740, 7.326399134516851
741, 7.33307038641404
742, 7.291479506845127
743, 7.4641876396888795
744, 7.253481674813115
745, 7.32391891266231
746, 7.302580177773899
747, 7.214990585751422
748, 7.307504867457976
749, 7.41865117724206
750, 6.754953165803654
751, 7.27601075992817
752, 6.860221846397022
753, 6.745293984225276
754, 7.331036204799408
755, 7.013679802429277
756, 6.89822922371351
757, 7.251933194603286
758, 7.05491060479534
759, 6.832642457308487
760, 6.871534150631593
761, 6.994827776696919
762, 6.875575199862094
763, 6.901638082908499
764, 6.700102397209548
765, 7.143112000372751
766, 6.918504654484955
767, 6.58461224592837
768, 6.699972988806566
769, 7.030982376067937
770, 6.979439848959948
771, 6.511947570482427
772, 6.491050312065281
773, 6.504115946459606
774, 6.493293318323571
775, 6.467293799958946
776, 6.562807631479564
777, 6.467368487516238
778, 6.755320589978423
779, 6.521876705987753
780, 6.702344130777923
781, 6.497701207896496
782, 6.292679104952257
783, 6.2700512586970625
784, 6.460621082673267
785, 6.674269068425301
786, 6.585498910773879
787, 6.172090879227645
788, 5.988097506022931
789, 6.116844702410635
790, 6.453305422943931
791, 6.136774111793265
792, 6.192026000359327
793, 6.194701371116784
794, 5.958485983427225
795, 6.228636845229488
796, 6.198170420098059
797, 5.997657770062681
798, 5.713085893009043
799, 5.919131772285096
800, 5.960077228814072
801, 6.091180088272323
802, 5.69395897498933
803, 5.977846022781651
804, 5.9139281552441165
805, 5.7474212785523795
806, 5.956905991272898
807, 5.80591341010097
808, 5.839186701290636
809, 5.634992659094324
810, 5.815290203887204
811, 5.425730644736714
812, 5.538691284585713
813, 5.954989830139011
814, 5.357581512612517
815, 5.385688766572033
816, 5.527574037021811
817, 5.54010963159088
818, 5.705242837070391
819, 5.11994817324453
820, 5.442671061345471
821, 5.621145326844161
822, 5.430003239363313
823, 5.310981660260507
824, 5.147956268966348
825, 5.4196813829905475
826, 5.4283291087542995
827, 5.636475978126009
828, 5.387930968547914
829, 5.631519755115467
830, 5.405846623903932
831, 5.027934119548744
832, 5.5327941738134
833, 5.367305966028527
834, 5.118181325108312
835, 5.414821912033176
836, 5.710850296578545
837, 5.37220876344008
838, 5.220841485760384
839, 5.208807470871946
840, 5.443339723820046
841, 5.694395848491168
842, 5.5676128127139295
843, 5.638299994027661
844, 5.195127016753318
845, 5.39311799240062
846, 5.479153845530097
847, 5.4869395884483945
848, 5.150146653061869
849, 5.675392881316361
850, 5.6140807071617
851, 5.5458236009055515
852, 5.616329884137251
853, 5.510850153310389
854, 5.4559854434291575
855, 5.596977303128585
856, 5.373453187078048
857, 5.3492552700046145
858, 5.156989955876319
859, 5.281375968068474
860, 5.097542475551564
861, 5.073018271785695
862, 5.0544192865163895
863, 5.361124960208083
864, 5.336684419837347
865, 5.119829582208159
866, 5.13292896601168
867, 5.232250176010306
868, 5.3265912670566165
869, 5.095211432050172
870, 5.284116663190574
871, 5.63876904182449
872, 5.276812680398385
873, 5.034829123685079
874, 5.389766246947781
875, 4.900512432694708
876, 4.85835169992844
877, 5.433621658312215
878, 5.3075349017525015
879, 5.185863970193808
880, 5.134733496795788
881, 5.017411777593147
882, 5.101796150619521
883, 5.505845531593225
884, 4.832922629166088
885, 5.130964140816855
886, 5.161647738565276
887, 5.423211575473409
888, 4.984186242836369
889, 4.942338256642849
890, 5.342719604129896
891, 5.563923175971428
892, 5.1668733812532786
893, 5.127821073333932
894, 5.307029548106535
895, 5.459542236928437
896, 5.300942608865233
897, 5.005176428107143
898, 5.240568098225269
899, 5.454946397548311
900, 5.464204435214536
901, 5.438406471072051
902, 5.3555642329277235
903, 5.696932619994177
904, 5.3461293427729055
905, 5.620121732457285
906, 5.976915733982518
907, 5.139518272943702
908, 5.810425785630295
909, 5.938941154502646
910, 5.7338152163680824
911, 6.0637240246318616
912, 6.086661793618915
913, 5.7133528624432595
914, 6.007241491655053
915, 5.905634721055506
916, 5.7073890524024185
917, 5.805596571632949
918, 5.663437062894288
919, 5.2601340323164285
920, 5.587048005488842
921, 5.867756886746279
922, 5.672339877081305
923, 5.565673352335439
924, 5.717773209646182
925, 6.009189054922453
926, 5.612577874536984
927, 5.500284412877851
928, 5.5435076525426465
929, 6.260913107218997
930, 5.830727382823118
931, 5.576643341128145
932, 5.766776669495619
933, 5.866110338550302
934, 6.190428625713283
935, 5.908085093835339
936, 5.801409207360999
937, 5.306097769084222
938, 6.030586705540895
939, 5.66424904221103
940, 5.842245422252161
941, 6.300037955688777
942, 6.511859469568568
943, 6.4422498589147486
944, 6.257637373153329
945, 5.852695998543311
946, 5.650734205509771
947, 5.978147712307875
948, 5.9304970719594765
949, 6.030106640700601
950, 6.213978451114939
951, 7.03221493890875
952, 6.02878611325415
953, 5.650706737236881
954, 5.7900299974059335
955, 6.25412950638634
956, 5.893390419274902
957, 5.913589665959691
958, 6.086987599837851
959, 6.201294236929876
960, 6.118270174153353
961, 6.193732528367767
962, 6.368741850370736
963, 5.779747796137746
964, 6.087490766782186
965, 5.6540511140951075
966, 5.858426619772967
967, 6.0697303107788425
968, 6.018438219236422
969, 6.480712684393449
970, 6.583509446962393
971, 6.223341928564349
972, 5.690659043171224
973, 6.743796056438395
974, 5.613642006873667
975, 5.91972580598749
976, 5.496599516142136
977, 5.813869961191459
978, 6.321886304292962
979, 7.089786452244848
980, 5.365126926733921
981, 5.868963851960417
982, 6.200349314148981
983, 6.64758304539752
984, 5.992176503785305
985, 5.729195830526014
986, 5.772109512359149
987, 6.327886677642495
988, 6.451023918458268
989, 6.715059584825812
990, 5.889189693769376
991, 5.674667396535231
992, 6.413037440345235
993, 6.047804563872676
994, 5.824854269383766
995, 5.679849803130037
996, 5.886044989013784
997, 5.86423713964328
998, 6.039193417809597
999, 5.63453604423125
1000, 6.1408779462655865
1001, 5.858132292136822
1002, 5.836047709728354
1003, 5.479873276765033
1004, 5.557561327639332
1005, 5.762029866546848
1006, 5.986073811356487
1007, 5.625409977343799
1008, 5.380717545525668
1009, 5.919315107961823
1010, 5.760085832782961
1011, 5.9491933037663145
1012, 6.041187479587919
1013, 5.6290724552919045
1014, 6.038199887816158
1015, 4.844697734423188
1016, 5.498621664498505
1017, 5.104996173599471
1018, 5.814591157763045
1019, 4.704697557680007
1020, 5.238077021268221
1021, 5.195101016420313
1022, 5.3139575578574005
1023, 4.881591139652558
1024, 5.160757528941727
1025, 4.882510735284195
1026, 5.691671921510139
1027, 4.707782022409728
1028, 5.544431833664882
1029, 5.326058789655148
1030, 4.389203968988321
1031, 4.85054453847243
1032, 4.975238068286618
1033, 4.604807007883266
1034, 5.337446312026265
1035, 4.657270632825305
1036, 5.116860259302331
1037, 5.30333796276216
1038, 4.459751467519255
1039, 4.466190617867578
1040, 4.361586081767392
1041, 5.212728571318725
1042, 4.476722635047388
1043, 4.500487616300451
1044, 4.548079290918708
1045, 4.314699382270281
1046, 4.267460094304325
1047, 4.844818313132473
1048, 3.973365659377319
1049, 3.922242921495737
1050, 4.7492995838593615
1051, 4.510447162765785
1052, 4.905922896230605
1053, 4.332584667561927
1054, 4.654254317584435
1055, 4.771997982578123
1056, 5.069170666782295
1057, 4.232086074734974
1058, 4.614887270934883
1059, 4.85878422029707
1060, 4.0796365311723175
1061, 4.377346826388313
1062, 4.219065746930468
1063, 4.7769673900130645
1064, 3.999565956508076
1065, 4.5592899224268
1066, 4.635721099825435
1067, 3.954569551109728
1068, 3.7615405725475726
1069, 4.508930924158855
1070, 4.195363030862508
1071, 4.502381474262643
1072, 4.397078492710621
1073, 4.817613412588428
1074, 4.4460391794767755
1075, 4.176051187878753
1076, 4.377902069401091
1077, 3.753971394760168
1078, 4.77609612585127
1079, 5.008717966663625
1080, 4.607735824820669
1081, 4.606207660311185
1082, 4.3135840110444414
1083, 5.456235636262894
1084, 4.455578958238073
1085, 4.683266062453635
1086, 4.910184030085001
1087, 4.170831161614556
1088, 4.302974640437928
1089, 4.982199837008852
1090, 5.037041000752533
1091, 4.373378881151512
1092, 5.1317427551058366
1093, 5.761679621852119
1094, 5.630329870596655
1095, 4.623995478025853
1096, 5.066327788597596
1097, 6.148788590340601
1098, 4.891071894350885
1099, 5.094101910076423
1100, 4.990893249314036
1101, 5.3620473464344185
1102, 5.616388619799887
1103, 4.814748803211715
1104, 5.410603583946732
1105, 5.510367730851226
1106, 5.942101234913394
1107, 6.259229818362377
1108, 6.272277845781407
1109, 5.8445374993725885
1110, 6.958784379532806
1111, 6.1882393000918405
1112, 5.519491947202799
1113, 5.072036553772828
1114, 6.144074067928498
1115, 6.104135393409164
1116, 7.2874995699884275
1117, 6.2310543198303385
1118, 6.57477033228399
1119, 5.575273850096845
1120, 6.093929585633516
1121, 7.132245218285319
1122, 6.959621577333809
1123, 5.835760037948281
1124, 7.9173852333183925
1125, 6.338493646296329
1126, 6.677101038791407
1127, 6.846849966564036
1128, 7.695101783524267
1129, 7.063871908486586
1130, 5.695271284181858
1131, 6.748919356035208
1132, 8.133523310134107
1133, 6.801383184078662
1134, 7.34606659750628
1135, 6.813294743807728
1136, 7.084246417746749
1137, 7.2510998515929455
1138, 6.965596504855921
1139, 6.740984348338526
1140, 6.7352807020419485
1141, 6.692727426966047
1142, 7.7780550633280665
1143, 7.469687588413772
1144, 6.932606854498415
1145, 7.179655707448092
1146, 6.172738803683201
1147, 7.231993997577979
1148, 6.159171582045574
1149, 5.77047377055845
1150, 6.492885370217433
1151, 7.051553737588704
1152, 7.275717550203154
1153, 6.779742359191503
1154, 7.005275569662072
1155, 6.443288496127783
1156, 6.466790158868861
1157, 8.049314461160753
1158, 6.529055381643132
1159, 7.444926613023928
1160, 7.11541616660753
1161, 6.686892587805621
1162, 7.065182913516704
1163, 7.114319671715783
1164, 5.708157447633975
1165, 6.5930144847492045
1166, 6.084734364297831
1167, 6.6616109807258965
1168, 6.0265573519020785
1169, 6.37950289523424
1170, 6.380107371999617
1171, 6.584431285235452
1172, 6.918201021312193
1173, 6.623286711860324
1174, 7.015268908711841
1175, 6.55678554916186
1176, 7.272441621447205
1177, 6.240474641965244
1178, 6.3665004203748365
1179, 6.569435542692792
1180, 6.6598781489492245
1181, 6.887108475927285
1182, 6.644634174145068
1183, 7.148516507144071
1184, 6.849779373104707
1185, 6.957138909054264
1186, 6.945149710492267
1187, 7.304583660177268
1188, 6.781875500916315
1189, 6.249484126574031
1190, 6.815826594791148
1191, 7.117179432912801
1192, 7.411188946818575
1193, 6.896531128512619
1194, 7.6272912124533505
1195, 7.240297216378566
1196, 6.786915471345354
1197, 7.203776382255846
1198, 7.099076997725443
1199, 6.705076699845819
1200, 8.159927221960835
1201, 7.509316525320032
1202, 8.336963254505488
1203, 6.439030571114002
1204, 6.723805333643741
1205, 8.178719527351664
1206, 7.122282353149153
1207, 7.576088189297389
1208, 7.175931914796854
1209, 7.047690473537463
1210, 7.777608660560752
1211, 8.62829562403799
1212, 7.633909392374041
1213, 8.839514717880407
1214, 6.846162774637696
1215, 7.982410428716634
1216, 8.286225989835549
1217, 7.597650773186644
1218, 8.772822480477673
1219, 8.284681686512988
1220, 7.759082222669762
1221, 7.778584569975575
1222, 8.354882741785026
1223, 7.968190587702609
1224, 8.070760907615124
1225, 8.551320922788575
1226, 7.741069997499238
1227, 7.231834895287373
1228, 8.16602895973996
1229, 7.472590022951124
1230, 8.186203330616824
1231, 7.867861633825666
1232, 8.143423802251807
1233, 7.827556298211259
1234, 7.506699546885867
1235, 8.434755960573074
1236, 7.985079943075644
1237, 8.064221247920129
1238, 8.324184315171735
1239, 7.074863040644181
1240, 7.49147106421169
1241, 7.484074431071459
1242, 7.686218417458512
1243, 7.747920961816896
1244, 8.463599604405735
1245, 7.208133681549027
1246, 8.379848564487688
1247, 8.563061030527559
1248, 8.463254553818185
1249, 8.02622434320319
1250, 7.868681642364853
1251, 8.373896123296161
1252, 7.147607999978574
1253, 7.74000893812372
1254, 7.636957070178814
1255, 7.916422436649442
1256, 8.218667568683435
1257, 7.554634036602772
1258, 7.988258047694484
1259, 7.860681143275646
1260, 7.914338076815847
1261, 7.604569890890982
1262, 7.215653874825291
1263, 8.117790478867294
1264, 7.62042621175191
1265, 7.626477717187469
1266, 8.40104002195023
1267, 8.314687798857165
1268, 8.038851339355796
1269, 7.233652595538991
1270, 8.362991996151328
1271, 7.782308957890061
1272, 8.295943137861988
1273, 8.779651427483667
1274, 7.5083374030523995
1275, 8.012021583498377
1276, 7.156324532104123
1277, 8.355785647967677
1278, 8.52526976531579
1279, 7.817337973394478
1280, 9.162432820012691
1281, 7.854565730477343
1282, 7.80548857602619
1283, 8.054031201719814
1284, 8.034317367796856
1285, 7.696897580328889
1286, 7.840496957774425
1287, 6.7322400872860575
1288, 7.11977328385961
1289, 7.784790771824379
1290, 8.019217911660776
1291, 8.073316327235332
1292, 6.89414751999957
1293, 7.171070871771209
1294, 7.867692645612926
1295, 7.720692035524803
1296, 8.00781165217546
1297, 6.879643501348739
1298, 7.46814278584765
1299, 7.922182228399589
1300, 7.219322456093813
1301, 7.554484922506008
1302, 8.037509720102022
1303, 8.731593434563637
1304, 8.101125070765757
1305, 7.571285276233461
1306, 7.272642036962042
1307, 7.546156438029948
1308, 7.342317664405247
1309, 7.644376484795237
1310, 7.53823371020879
1311, 6.94091458046094
1312, 8.587541835667036
1313, 8.011274092203287
1314, 8.35432017810589
1315, 7.403654625491962
1316, 7.683135993580063
1317, 6.8298954373191165
1318, 7.5374582624584185
1319, 7.027259609229916
1320, 6.587136906488151
1321, 6.500340806534802
1322, 6.835954430117845
1323, 7.280462508590504
1324, 8.130543225814224
1325, 7.256054923195693
1326, 6.2892164736888825
1327, 7.454457692066887
1328, 7.6736670804407465
1329, 6.6704674544732665
1330, 6.4018256424553615
1331, 6.575401726845512
1332, 7.384675555101167
1333, 6.620250332783879
1334, 6.511967326647543
1335, 6.18090269767493
1336, 6.124519031601362
1337, 7.480728479849847
1338, 6.828237502467653
1339, 6.5597116414684065
1340, 7.433615766976937
1341, 6.131746636027565
1342, 6.054147260724568
1343, 7.05395221303149
1344, 6.367341670920625
1345, 6.902940387367422
1346, 6.251045332245603
1347, 6.428064985676425
1348, 6.2417206294319065
1349, 5.991049375515125
1350, 5.656780537255404
1351, 7.068605688925999
1352, 6.105818721165798
1353, 6.232839182795641
1354, 5.578072745940905
1355, 5.056763202552132
1356, 6.37790034752916
1357, 6.271823768919294
1358, 6.075792371694972
1359, 4.961013359964118
1360, 5.356172605879166
1361, 5.758755640324978
1362, 6.562972909571413
1363, 5.4306291691048605
1364, 5.677116905573042
1365, 5.788238353213535
1366, 5.504946933058489
1367, 6.136935672703708
1368, 5.287644309494213
1369, 6.068668560935721
1370, 5.590974889983409
1371, 6.116838258933301
1372, 5.012904701275331
1373, 5.11626594804462
1374, 5.519546669954312
1375, 5.102496592971711
1376, 5.0463704101992315
1377, 5.5531168885925855
1378, 4.836944821112838
1379, 5.9411887225349975
1380, 5.406888311120149
1381, 5.865272781064306
1382, 4.761105596571301
1383, 5.595590810235725
1384, 6.299113218652859
1385, 5.269911555863332
1386, 5.601385423814304
1387, 5.749348016551011
1388, 5.480374457787797
1389, 5.007505287133549
1390, 5.49329788009932
1391, 4.820741836605967
1392, 5.199291343372649
1393, 5.627909734672465
1394, 5.279915226449313
1395, 5.229972827109396
1396, 5.27300749259037
1397, 5.7359694412922
1398, 5.528908419680385
1399, 5.895108616535277
1400, 5.092611540124146
1401, 4.926127896725967
1402, 5.123700311453018
1403, 5.432486186840331
1404, 5.352330024932041
1405, 5.24148625639335
1406, 5.4123788048014205
1407, 4.961819949814788
1408, 4.469774336394277
1409, 5.0169367681459605
1410, 5.474247644278793
1411, 5.521389043018109
1412, 5.045565377243906
1413, 5.343428912066665
1414, 4.557506842695449
1415, 5.375666289152602
1416, 5.8339367458004325
1417, 4.903616493722021
1418, 5.172242944903473
1419, 5.932509110071205
1420, 5.224340447601041
1421, 4.890177820349709
1422, 4.869285639700796
1423, 5.012613822486531
1424, 5.800028328190633
1425, 5.527296422863739
1426, 5.5186027286951544
1427, 6.116508566607817
1428, 5.5742554314206405
1429, 6.098444814205072
1430, 5.474049413212075
1431, 5.970717553093114
1432, 4.839496785936299
1433, 5.212377543269077
1434, 5.52649265269481
1435, 4.976070568697469
1436, 5.685068188558275
1437, 5.351208945322003
1438, 5.672667866063197
1439, 5.640300626540897
1440, 5.6692801949265315
1441, 5.096966562258804
1442, 5.771694530025119
1443, 6.394758779131018
1444, 5.149844006606227
1445, 7.007225325171309
1446, 5.326247437594401
1447, 5.338112303968408
1448, 6.115918744754418
1449, 6.10097415281278
1450, 6.874291841548511
1451, 5.677814422185895
1452, 5.557764878861394
1453, 5.6126178935765605
1454, 5.842601089547221
1455, 6.038262024119808
1456, 5.596809091688866
1457, 5.894758810418914
1458, 5.867467014326112
1459, 5.444481386998561
1460, 5.6304070229474235
1461, 5.880493210318233
1462, 5.8636863849783465
1463, 5.67109326786966
1464, 5.768680457833353
1465, 6.265665613005744
1466, 6.4167191091200975
1467, 5.779938209821672
1468, 6.611579402473489
1469, 5.841256547312228
1470, 6.077994150798857
1471, 5.622834790815736
1472, 6.482631073814803
1473, 6.307005053234389
1474, 6.012342346160713
1475, 5.9184109085531125
1476, 7.183101743964554
1477, 6.548125860488801
1478, 6.73419020292516
1479, 6.855794895167119
1480, 6.281771859421085
1481, 6.575864749833121
1482, 6.642558651984148
1483, 6.703233066990239
1484, 6.221221585634188
1485, 7.153748879805766
1486, 6.6517306255707735
1487, 6.838592938225654
1488, 7.078413410883989
1489, 6.406245976415953
1490, 6.686988977603647
1491, 6.564566511766252
1492, 6.823263005446354
1493, 6.242927152519504
1494, 6.182984205523794
1495, 6.617875094836137
1496, 6.630028908839339
1497, 6.675827517869496
1498, 6.293014263053863
1499, 7.429174031101448
1500, 6.312233598049365
1501, 6.649368620946314
1502, 7.181859422945618
1503, 6.177394939755976
1504, 6.622798417935023
1505, 6.409503262104058
1506, 7.123066661058279
1507, 5.974430308510528
1508, 6.200166714869802
1509, 6.724328775705497
1510, 6.139185383716031
1511, 6.825798444751352
1512, 7.071232010682961
1513, 7.15232462091928
1514, 5.907750457415627
1515, 6.908164122936324
1516, 7.5321851701512115
1517, 6.998478105522395
1518, 6.286320075765694
1519, 6.309245255352083
1520, 6.578601823629623
1521, 6.808623180771046
1522, 7.074600410374055
1523, 6.56334523825693
1524, 6.538827062317621
1525, 7.109957734178273
1526, 7.3178657934116895
1527, 7.335592000573231
1528, 7.519618785420758
1529, 7.123961699591737
1530, 6.689674121349814
1531, 6.733913707382013
1532, 6.62847377264881
1533, 6.956628483382763
1534, 6.42847963427046
1535, 6.52109201087851
1536, 6.607780185105566
1537, 6.938199491695805
1538, 7.877710104498884
1539, 6.5217419058962545
1540, 6.644965827163469
1541, 6.765762195480764
1542, 6.913474548981112
1543, 6.675267922458535
1544, 6.043118168075043
1545, 6.906200612807569
1546, 7.11616809303719
1547, 6.51369950049978
1548, 6.067434861899769
1549, 6.990492012883709
1550, 7.32272834713942
1551, 6.475502828130617
1552, 6.578379839346812
1553, 6.641053243573342
1554, 6.5739734307659825
1555, 6.120044054581576
1556, 5.9640198590896025
1557, 5.9173896537348325
1558, 7.026154458849357
1559, 6.555662848202449
1560, 6.30376580556649
1561, 6.725929326575083
1562, 6.927324905032209
1563, 5.982887033249414
1564, 5.7134974320507705
1565, 6.003570608197564
1566, 5.637952881099971
1567, 7.04649883585953
1568, 6.013311405499673
1569, 5.932518477586589
1570, 6.534988360486901
1571, 6.432767800325037
1572, 5.572196420807163
1573, 5.512004854245817
1574, 5.239762210007171
1575, 5.598914362594974
1576, 5.010064772714778
1577, 4.926551547839777
1578, 5.694795694002007
1579, 5.5314902902359275
1580, 4.910688648402679
1581, 5.525046788439959
1582, 4.887052459211736
1583, 4.978170869447007
1584, 5.150544776131329
1585, 4.716519426012136
1586, 4.475108702910306
1587, 5.42841176967653
1588, 4.851853637673948
1589, 5.3438102411413375
1590, 5.193219540438031
1591, 4.750641741633026
1592, 5.485451777796876
1593, 4.798336930938589
1594, 4.853275765379995
1595, 4.56071881575475
1596, 4.7599018382124605
1597, 4.4465294666835495
1598, 3.9972799355398125
1599, 4.586688432363193
1600, 4.208861224656366
1601, 5.219457754130073
1602, 5.643640775860451
1603, 5.119393632490204
1604, 4.277470467932118
1605, 5.049623005984298
1606, 4.716517016727462
1607, 4.8405331045704685
1608, 4.958459285541824
1609, 5.218453942060027
1610, 3.88430653958639
1611, 4.363619564375113
1612, 5.074829199887157
1613, 5.241105867424228
1614, 5.394729820385622
1615, 4.784051408904478
1616, 5.372267010798176
1617, 5.138526785208607
1618, 4.823747590609289
1619, 5.402687765276839
1620, 4.502464606147571
1621, 5.279779864085047
1622, 5.718160396903017
1623, 5.0862754741755225
1624, 4.961859099879403
1625, 5.442152407194445
1626, 5.065649696819708
1627, 5.321111114671296
1628, 4.983011541032297
1629, 5.58338082358939
1630, 5.9300304061735565
1631, 6.086524576815492
1632, 5.365925429393039
1633, 5.20712961193703
1634, 5.825113158716026
1635, 5.720718921428355
1636, 5.276655149475355
1637, 6.169668241472672
1638, 5.453755083089951
1639, 5.684478907044399
1640, 5.656047113235518
1641, 5.759107252851306
1642, 4.549224176656434
1643, 5.281846348344861
1644, 5.60130485886076
1645, 5.9624558208060705
1646, 5.890038562511813
1647, 4.8257369759223065
1648, 6.51257385714806
1649, 5.746027906610496
1650, 5.150678244608552
1651, 6.2277317724489025
1652, 4.9788484938036754
1653, 5.256858722027982
1654, 5.3604199710640135
1655, 6.534940626422859
1656, 6.19327739171761
1657, 5.858202798799013
1658, 6.435756592614113
1659, 5.84588700614348
1660, 5.960382923548526
1661, 6.4896424554201175
1662, 5.465457532767656
1663, 6.215987869048784
1664, 6.013396059991925
1665, 6.155054537836077
1666, 6.093316458910962
1667, 6.0935631462343425
1668, 6.026182236179518
1669, 5.018304489365016
1670, 5.73863130821985
1671, 5.79797844276248
1672, 6.298123604589286
1673, 6.484959413916328
1674, 5.04735768939915
1675, 6.0921694231868235
1676, 5.616609648886467
1677, 5.573729934393486
1678, 5.303117777191188
1679, 5.663048328800225
1680, 5.469804185567652
1681, 5.845091040933021
1682, 6.0597891817438185
1683, 5.302129987068602
1684, 4.467042033440795
1685, 5.063305725094066
1686, 5.899318507472421
1687, 6.577088807916088
1688, 4.593329672644624
1689, 6.213945434091635
1690, 5.84690559927213
1691, 6.062974781311697
1692, 5.757725763269069
1693, 5.395760083414955
1694, 5.50587955022202
1695, 5.587675347522657
1696, 5.132758689898325
1697, 5.306538420482073
1698, 6.46630722676225
1699, 4.38214676468357
1700, 5.810391745181132
1701, 5.972374101016624
1702, 4.776075885792366
1703, 5.569536315000894
1704, 5.707189007842526
1705, 5.718671710107315
1706, 4.976146299015165
1707, 5.710219377014237
1708, 4.810343586049783
1709, 6.13659065865982
1710, 6.101506825328973
1711, 5.926105615428401
1712, 5.489736808942853
1713, 5.732341153000068
1714, 5.356978861426336
1715, 5.197865105730308
1716, 5.955626797888738
1717, 5.2080357298741475
1718, 5.934805947686919
1719, 5.683572176134261
1720, 6.168586131649794
1721, 5.056493973049061
1722, 5.416733564620579
1723, 5.1018786523813775
1724, 5.48102480052496
1725, 5.387371649495609
1726, 5.40483398406354
1727, 5.579957166244363
1728, 5.238329013570552
1729, 5.71588551537957
1730, 5.38767222106419
1731, 4.7891667927623605
1732, 5.8388264299067485
1733, 5.808660747748995
1734, 5.28270377498017
1735, 5.36208551962091
1736, 5.844953431948163
1737, 5.455952801740359
1738, 5.895836484213977
1739, 5.245536393343199
1740, 6.214064679159525
1741, 5.01130563881226
1742, 5.242077963262007
1743, 6.2969822541082765
1744, 5.840929338862418
1745, 5.269910238476814
1746, 5.009009691907913
1747, 5.331289577737195
1748, 6.170233754355728
1749, 5.097023829850546
1750, 5.970172112625576
1751, 5.726198005967936
1752, 6.306133728963789
1753, 6.264098345580669
1754, 5.277397353288515
1755, 5.355834335256518
1756, 5.709813688022982
1757, 5.279221349781601
1758, 5.601122460916808
1759, 5.549383541500092
1760, 5.932236932737073
1761, 5.408939627936556
1762, 6.504953106727336
1763, 5.227696579000125
1764, 5.068373718956215
1765, 4.6033469172203825
1766, 5.729405391677025
1767, 5.426295259005153
1768, 5.134471024478825
1769, 5.040694411505981
1770, 5.9406628418992025
1771, 4.526277909072964
1772, 5.204902874089113
1773, 5.801529819050521
1774, 5.352221681447265
1775, 5.557691048396856
1776, 5.2935447528782165
1777, 6.057577880408093
1778, 5.859138831833323
1779, 5.271500428977898
1780, 4.6860309515548995
1781, 5.94437736149649
1782, 5.149278139515768
1783, 5.5073942046666495
1784, 6.007185153465718
1785, 6.223180360631413
1786, 4.796574550120711
1787, 6.076733158272438
1788, 5.129887446731715
1789, 6.189098394893566
1790, 6.4683867882500605
1791, 5.883580598793334
1792, 5.626481090140286
1793, 6.352040375245389
1794, 6.216842825059336
1795, 5.8956768482381445
1796, 5.593929891033617
1797, 5.3133717417428805
1798, 6.42766116964659
1799, 5.281935317555698
1800, 5.3623153453945624
1801, 6.7840320365815785
1802, 6.021659976923592
1803, 5.9849584793067425
1804, 5.6237488806585265
1805, 5.464388589454877
1806, 6.248331766685622
1807, 5.134022496762378
1808, 6.526875279926847
1809, 6.2148368172807675
1810, 5.454330894550709
1811, 5.455913313230691
1812, 5.481855277267243
1813, 5.793047035124594
1814, 5.784718729844245
1815, 6.863018433752082
1816, 5.5664801506048756
1817, 5.977791263585025
1818, 5.836230418554653
1819, 5.92777261459253
1820, 5.21456158258468
1821, 5.682607046594693
1822, 6.057909590176293
1823, 6.1347901540661764
1824, 6.394066284546917
1825, 6.695139072968991
1826, 6.229712796357011
1827, 6.081541351895596
1828, 5.175619107788628
1829, 6.586596589447992
1830, 5.0866521656559
1831, 6.025970817621634
1832, 5.979132453836833
1833, 5.962030709022953
1834, 5.8876746005899205
1835, 6.483760712139767
1836, 6.311749468291015
1837, 5.26115856780396
1838, 5.866056906733412
1839, 5.190646342773061
1840, 5.400897042259368
1841, 5.133981809703101
1842, 6.189181646429337
1843, 5.619248969017739
1844, 6.638989561031017
1845, 5.643943008496409
1846, 5.519872199644516
1847, 6.209301433947684
1848, 5.587540337705471
1849, 5.9168633932529175
1850, 6.5145909578297605
1851, 6.438430441516422
1852, 6.4847289254525915
1853, 5.823090012903882
1854, 5.5375512901469905
1855, 6.019856786559082
1856, 6.2704000383895035
1857, 5.177420111226782
1858, 5.180432585401093
1859, 5.927945372129449
1860, 4.741772864810321
1861, 5.380220507363308
1862, 5.629858910469112
1863, 5.188120280790259
1864, 4.431176299191589
1865, 4.060253515117149
1866, 5.364713782265352
1867, 5.737505035964999
1868, 4.729318382875402
1869, 5.454304740736924
1870, 3.9025060698811767
1871, 5.3414278299871745
1872, 5.367755399380769
1873, 5.123746334163409
1874, 4.712560457707284
1875, 5.09508804758991
1876, 5.2975763086484156
1877, 4.861601149004177
1878, 4.436930885144891
1879, 5.029753506523388
1880, 4.9225176959282795
1881, 4.735263123517549
1882, 6.412978959263574
1883, 5.466423820357248
1884, 4.404737655871883
1885, 6.0240906665229765
1886, 6.157559885760876
1887, 5.662511098530738
1888, 5.162109695193731
1889, 6.725977515201756
1890, 6.057351016745822
1891, 4.144765976674886
1892, 5.596509984206503
1893, 4.9692056862995155
1894, 5.850301627447434
1895, 5.074614177549879
1896, 5.845904327506598
1897, 6.179916982182362
1898, 5.72217196615632
1899, 6.4104002681066765
1900, 6.097005564506149
1901, 5.58210407610463
1902, 5.772841187915293
1903, 5.326609820227249
1904, 6.71964599806874
1905, 5.459851825821088
1906, 6.623800006807783
1907, 5.74752558800698
1908, 5.571472112177181
1909, 6.349761269212971
1910, 5.701337432577836
1911, 5.782793019503811
1912, 6.036819547561501
1913, 5.8457240819975995
1914, 6.6676591554467635
1915, 5.883178587020263
1916, 6.555762160122973
1917, 5.573253972548925
1918, 6.533103131497518
1919, 5.415407151683486
1920, 7.102913491310213
1921, 6.023947035988905
1922, 6.35727302911662
1923, 5.5293478075150215
1924, 5.350205166463234
1925, 5.709463257480304
1926, 5.942619094087253
1927, 6.327275375146713
1928, 5.631684816087378
1929, 5.549666290983856
1930, 5.680039945139032
1931, 5.788631749168736
1932, 5.726545131114277
1933, 6.163607027181117
1934, 5.296718405552689
1935, 4.661008354914936
1936, 5.795809284067005
1937, 6.792952824931874
1938, 5.046249337615088
1939, 5.721623478404006
1940, 5.2960824954050265
1941, 6.016607515679722
1942, 5.892479771979061
1943, 5.265211495788466
1944, 5.62573314661962
1945, 4.912753180830382
1946, 6.465045863373921
1947, 6.074490849895818
1948, 5.074952850243931
1949, 6.188389743917852
1950, 7.018967180370743
1951, 5.327870317296911
1952, 5.966856803178473
1953, 5.7404908367542555
1954, 4.902438139200607
1955, 6.463833742425874
1956, 5.927045761755352
1957, 4.777948717520506
1958, 4.942433686828884
1959, 5.605637029301947
1960, 4.745668767700121
1961, 4.101590716100564
1962, 4.340955639979939
1963, 3.5313731758910354
1964, 4.503995717194378
1965, 5.297666353753852
1966, 4.917045724922125
1967, 5.38327360765806
1968, 4.840705243462346
1969, 5.684767117955679
1970, 4.9488373108236345
1971, 4.425954728638259
1972, 3.96436382533884
1973, 5.432053291545938
1974, 4.837437755095731
1975, 4.584323788184604
1976, 5.077498714361372
1977, 6.191981002312691
1978, 4.485430929782698
1979, 5.956814464468717
1980, 5.7381018972511395
1981, 5.541185138739381
1982, 4.663079102830333
1983, 6.751333811916596
1984, 6.4626997031001485
1985, 6.265292227268855
1986, 6.988593831959917
1987, 5.368825971989922
1988, 6.0199555277460695
1989, 5.549723713376642
1990, 5.5919666943891855
1991, 5.974200573089447
1992, 5.091242762432889
1993, 5.533744829521812
1994, 5.957091292056945
1995, 6.3962197267068515
1996, 5.1736098469928145
1997, 5.212695111371068
1998, 6.385924464717921
1999, 5.087835502236777
2000, 4.154444143094763
good:
1, 3.05617750031451
2, 2.8268569593158075
3, 2.820160656710688
4, 2.8350695357523272
5, 2.828049955256806
6, 2.8216068738747735
7, 2.816182643584718
8, 2.8496255654064377
9, 2.852734531974609
10, 2.802298207516841
11, 2.857121531007346
12, 2.8640875019893985
13, 2.8277917864939863
14, 2.8551327580645194
15, 2.8210283931939455
16, 2.8133438106373
17, 2.8573635332681016
18, 2.8350748218438597
19, 2.8297074894314456
20, 2.8509721113216258
21, 2.8561390567084457
22, 2.8482270942709595
23, 2.8392936315756594
24, 2.845119327427601
25, 2.8464473304356592
26, 2.834491160561533
27, 2.861697858855064
28, 2.8553970542621383
29, 2.8341405913140023
30, 2.8158457719336725
31, 2.813792568954174
0, 2.8696826469025383
32, 2.833615109724267
33, 2.8224558462748552
34, 2.8585244144800805
35, 2.850418204059792
36, 2.818028050172909
37, 2.8336246563943814
38, 2.8408268443728812
39, 2.8093086490295835
40, 2.799761289912477
41, 2.8307482710725824
42, 2.8062699486568823
43, 2.853838367446486
44, 2.824191971822735
45, 2.8225433043840016
46, 2.8438148776976098
47, 2.845488588388811
48, 2.8471211893290724
49, 2.8192208060747346
50, 2.8276372435858184
51, 2.8335833063382756
52, 2.8393715693191797
53, 2.8241643456170746
54, 2.814731765203872
55, 2.8486739205147367
56, 2.8372929830323805
57, 2.830603389925016
58, 2.855602121578384
59, 2.8197978786657933
60, 2.8387403926680124
61, 2.837680020885141
62, 2.8284680152922976
63, 2.8255165245651437
64, 2.8192380087415616
65, 2.8313814485622104
66, 2.8208769989647693
67, 2.8584096816597366
68, 2.836152971759143
69, 2.8755632770878257
70, 2.840188388616561
71, 2.837134145623861
72, 2.827854764180061
73, 2.8397326410401407
74, 2.820451114698844
75, 2.848023139844604
76, 2.824606268838881
77, 2.8247210342178835
78, 2.816799325207374
79, 2.8451737509421817
80, 2.8090873283805387
81, 2.835792071642651
82, 2.8608261212445227
83, 2.859223446324969
84, 2.8269221020540716
85, 2.842704048966059
86, 2.8290552855348317
87, 2.8197138000099136
88, 2.842587192995104
89, 2.858859544564264
90, 2.8389340517871786
91, 2.830924560687359
92, 2.82833912011263
93, 2.840469426898238
94, 2.8522397790019243
95, 2.8166762052018877
96, 2.8361636881823347
97, 2.8355003448122527
98, 2.8261449077532363
99, 2.8344345931881145
100, 2.8743989201164593
101, 2.8471650363797814
102, 2.8604927106891282
103, 2.847260197944097
104, 2.8376697211007382
105, 2.871589901427782
106, 2.8171975609398867
107, 2.8166501977094724
108, 2.8510446494285464
109, 2.7913708130398933
110, 2.8657090349521375
111, 2.897757040500149
112, 2.839076838627332
113, 2.8427657527059917
114, 2.860142846381688
115, 2.8557765996017506
116, 2.8493658223944793
117, 2.865335846669858
118, 2.85473079090478
119, 2.8454485784697994
120, 2.8028244354052156
121, 2.8548244827632074
122, 2.8152536517223625
123, 2.8730864057362795
124, 2.8131905724825286
125, 2.8114565334878567
126, 2.840109544700336
127, 2.8663021154697694
128, 2.861997019717431
129, 2.8105228886750937
130, 2.897307294041156
131, 2.8234662170782783
132, 2.8885339872065208
133, 2.835639814751231
134, 2.8434907078495573
135, 2.758242282578692
136, 2.859111588407064
137, 2.831622109528914
138, 2.9065819193354914
139, 2.8256863213099246
140, 2.8566300302519534
141, 2.872342957933473
142, 2.83606089821999
143, 2.7989012393430146
144, 2.897042627295205
145, 2.8431973164060587
146, 2.8731462578348963
147, 2.799459418173422
148, 2.834544078653845
149, 2.889118324934381
150, 2.875054049587917
151, 2.811374658479993
152, 2.909653930828593
153, 2.856019186852816
154, 2.8218381142477744
155, 2.789796213714412
156, 2.7849819157807354
157, 2.879436729860038
158, 2.8376270018500227
159, 2.7898224179142153
160, 2.767310017197829
161, 2.8358785512210707
162, 2.898568113934325
163, 2.8682078949558196
164, 2.9153881850529375
165, 2.8397294810805724
166, 2.820268234153806
167, 2.9008910435050064
168, 2.8432007883257366
169, 2.835088053569737
170, 2.8456013181411923
171, 2.847538170801459
172, 2.8843478074809177
173, 2.953192844749436
174, 2.831183931449538
175, 2.857495005449715
176, 2.819490841200496
177, 2.9297986323427323
178, 2.7936058302007254
179, 2.8355877739884425
180, 2.856874457539257
181, 2.987106100331444
182, 2.963348721057598
183, 2.9516615532059554
184, 2.807716773337676
185, 2.8920164953667142
186, 3.002416449299783
187, 2.884970022609672
188, 2.9577910840124666
189, 2.9494990285874447
190, 2.8191298379893204
191, 2.8951225626639108
192, 2.6985509921657127
193, 2.9140163236471057
194, 2.9422396943278497
195, 3.094258037153807
196, 2.926337737407952
197, 2.8461824457095943
198, 2.9862065328112894
199, 2.8902950747999396
200, 2.8355887599738216
201, 2.860569181711912
202, 2.7655162675206686
203, 2.8653058737241763
204, 2.7428052036544113
205, 2.759334043067723
206, 2.9400670476480246
207, 2.9049586761118382
208, 2.9025235892092445
209, 2.682525740006109
210, 2.958732782965951
211, 2.8669486695867006
212, 2.7826582363744077
213, 2.793295592332457
214, 2.863876611963366
215, 2.82331082594315
216, 3.139192414981215
217, 2.8019390449784494
218, 2.9516089015493465
219, 2.8057391932954587
220, 2.923384185437169
221, 2.823257745737135
222, 2.7399948969599266
223, 2.83263662395536
224, 2.6479508511712213
225, 2.9986601062947544
226, 3.0956445241618806
227, 3.0835781342505935
228, 2.8858479667997625
229, 2.877285774312288
230, 2.811946863930148
231, 2.9280507957766986
232, 3.076903893248179
233, 2.8326570847163097
234, 2.8224700877528623
235, 3.0283472380613485
236, 2.8717560147948626
237, 2.738352591173811
238, 2.8396304070127942
239, 2.853555643784923
240, 2.875692282212176
241, 2.7462743278369293
242, 2.797195351111063
243, 3.024151817738937
244, 2.7951599071608833
245, 2.8366444295009394
246, 2.83377176361171
247, 2.7608960847682393
248, 2.8718653323075087
249, 2.907338503123768
250, 2.761368984747497
251, 2.90326657516629
252, 2.861463484335144
253, 2.8155698910828812
254, 2.832635863110999
255, 2.8843765060592013
256, 2.9283166648882593
257, 2.9384106707967756
258, 2.604337465568203
259, 2.79259033180422
260, 2.9280188942075687
261, 2.9354374272106885
262, 3.058646675828623
263, 2.7268030130885634
264, 2.8572174571212354
265, 2.901906182572865
266, 2.803760919925607
267, 2.8237070120737044
268, 3.0897680963683305
269, 2.919241692647008
270, 2.7913700804530546
271, 2.8477232106346078
272, 2.8354706370058267
273, 2.7660801997828077
274, 2.9049799000693484
275, 2.893273624411689
276, 2.821230993775181
277, 2.7673971952184093
278, 2.8157008627706506
279, 2.5865778295080277
280, 2.7587719236935775
281, 2.702914139499623
282, 2.9530345529248345
283, 2.7459385194107444
284, 2.735137798447588
285, 2.964848110649384
286, 3.035942352536835
287, 2.712356572968597
288, 2.9351173237915225
289, 2.568276975199114
290, 2.7832268440055525
291, 2.722265903967234
292, 2.8146643606076545
293, 2.8957352140305592
294, 2.7027528609078324
295, 2.872399131560097
296, 2.823907965095681
297, 2.6476093988462526
298, 2.911981973141613
299, 2.7881477611482963
300, 2.835604493675645
301, 2.7734334000403713
302, 2.73803293973189
303, 2.969476303113666
304, 2.8013487256715304
305, 2.7757863966528236
306, 2.7192668050634423
307, 2.7098114274990546
308, 2.9466321005609957
309, 2.9044196027462523
310, 2.979982473071883
311, 2.7367804909384663
312, 2.911857477255167
313, 3.0894493060129045
314, 2.9837225717909206
315, 3.1030327884583513
316, 2.8944651523302394
317, 3.0816165282291146
318, 2.766647617876448
319, 3.054633242675338
320, 3.0166618098026023
321, 2.967964229996681
322, 2.840226577668362
323, 2.9486215661436566
324, 2.8270290159502247
325, 2.8717517919858073
326, 2.872394895560054
327, 2.973901434683068
328, 2.9245974708919564
329, 2.9851296966680048
330, 2.831269224672251
331, 2.7633409259446533
332, 2.9052519979110847
333, 2.9541531758775017
334, 2.6937018434118714
335, 3.014199761444294
336, 2.9668435778805304
337, 2.8127515754204544
338, 2.8315183764702323
339, 2.974082407059123
340, 2.886680361985952
341, 2.857682817274468
342, 2.8716665750083297
343, 2.823298013842582
344, 2.801778365202876
345, 2.9166576712215386
346, 2.9134826249603183
347, 2.910511306057005
348, 2.7754456445672107
349, 2.859701641396739
350, 2.9289418885876093
351, 3.1153819271359247
352, 2.96841375033813
353, 2.9210996967697618
354, 2.9450424427584063
355, 2.899647547732253
356, 2.88941495598344
357, 2.770070466648745
358, 2.7923849794102327
359, 3.1038174359031956
360, 2.837552778672367
361, 3.010317802615556
362, 2.9727159262953458
363, 2.961612382972768
364, 2.8554155966807158
365, 2.8034240439218907
366, 2.9733009078222925
367, 2.8169896563309105
368, 2.9411959354623547
369, 2.822427267411965
370, 2.9393039345312073
371, 2.8610500807982824
372, 2.986389651427852
373, 2.596048987172742
374, 3.031914707994229
375, 2.8310957943008694
376, 2.729360662104268
377, 2.9148827630639653
378, 3.0502387527682995
379, 2.858322831026336
380, 2.859917874178339
381, 2.672736515690227
382, 2.9800576451358505
383, 2.794488815515992
384, 2.8877487599403064
385, 2.851742117590128
386, 3.084929104628404
387, 2.855636338978377
388, 2.7172582170612496
389, 2.9553131224366798
390, 2.8219168013333267
391, 3.043240150855687
392, 2.914502192039957
393, 2.802790013975784
394, 3.0455593295242043
395, 2.8190440729200317
396, 3.085883678114119
397, 2.9773777531506576
398, 3.0949617519007737
399, 2.882554536361701
400, 2.9633751910775903
401, 2.729243964352673
402, 2.772545047300681
403, 2.802668490724982
404, 2.9022088329795452
405, 2.8652265951902467
406, 2.9647861010479977
407, 2.9274472971108363
408, 2.9005636250921683
409, 2.8869290921958415
410, 2.8859701116970724
411, 3.018144523645222
412, 2.9125803205399343
413, 2.770211604446598
414, 2.8802000223625925
415, 3.0296964885819433
416, 2.9027863809496948
417, 2.9249354853868086
418, 2.8870876999300537
419, 2.9983343727175495
420, 2.8308267758104195
421, 3.0199512735545615
422, 2.9956205770611364
423, 3.0249314294519762
424, 2.896908185706388
425, 3.0639959183840113
426, 2.9623584183533036
427, 2.904089109037287
428, 2.7994056791207123
429, 2.961128868111218
430, 2.903744460980721
431, 2.944964334394127
432, 3.042794579514633
433, 2.9259940018845962
434, 2.7896011012741564
435, 3.029658658790776
436, 3.0148990295104383
437, 3.0311096000211135
438, 2.9245039023765904
439, 2.879861473565144
440, 2.946098572448381
441, 2.7974513689025975
442, 2.992835267021417
443, 2.882327914056498
444, 2.9924300459006425
445, 2.921251866234624
446, 3.1316664561523497
447, 2.9603738036470677
448, 2.8786150969866333
449, 2.9436598020681957
450, 3.052405791038666
451, 3.039933370137716
452, 2.7345723166116045
453, 3.1248965521820566
454, 3.085955890712487
455, 3.093195336204195
456, 2.8825199963809935
457, 2.7203846589149725
458, 2.9025798966554905
459, 2.824233383120026
460, 3.076207973724921
461, 3.029220658930291
462, 2.872396799150413
463, 2.8307165331073265
464, 3.204008060046153
465, 3.140215256839004
466, 3.167412688988912
467, 2.889682015706918
468, 3.0214310735684173
469, 2.9931509344376463
470, 2.974641317696534
471, 2.9212017281687306
472, 2.843074257425851
473, 2.9156642670723683
474, 2.851708287273144
475, 2.7753184584064523
476, 2.871634799485213
477, 2.9037197084801285
478, 2.7293065180632547
479, 2.9105335948486926
480, 2.8417241570026706
481, 2.9954435172043743
482, 2.7526686421384072
483, 2.795159079529978
484, 2.917684825421258
485, 2.9710582853507064
486, 2.812338011193547
487, 3.0184364724423234
488, 2.9666361303933164
489, 3.0649448269870936
490, 2.8094276299386745
491, 3.028360758053933
492, 2.7460094174308574
493, 2.7145891404904248
494, 2.8635165127420605
495, 2.8787299259156787
496, 2.9241882777629895
497, 2.936833372739238
498, 2.593771138866784
499, 3.0134482259309503
500, 3.020963966705758
501, 3.0931859905686574
502, 2.9955144728836194
503, 2.97553566053083
504, 3.0181188424457157
505, 2.786699901326759
506, 3.1587065688536864
507, 2.8544656917601747
508, 2.961418013752367
509, 2.938388502670031
510, 2.9502946039246623
511, 3.1447994890498845
512, 2.8610762207814315
513, 2.8733946087010107
514, 3.1709311121263672
515, 2.5843829835858494
516, 2.9528740197793315
517, 2.908829488705022
518, 3.0450629007111605
519, 2.9872247520150137
520, 3.187875036920998
521, 2.8011477323398357
522, 2.9738838535016274
523, 3.1230365465452823
524, 3.212720795163956
525, 2.791355764330715
526, 3.0034966611739837
527, 3.11287801214789
528, 3.223909938196741
529, 2.3990545134380206
530, 3.0375177187385396
531, 3.1691110352235947
532, 3.00972269830098
533, 2.71643273140283
534, 2.671179109643092
535, 2.6862476324162143
536, 3.084815245127761
537, 2.7754421562711604
538, 2.633955493607614
539, 3.107553191444384
540, 2.775061761547204
541, 3.0193836624013115
542, 2.9121852454050936
543, 3.2503440928470813
544, 2.8493063471701934
545, 2.7875047914576707
546, 3.0319372676412484
547, 2.706237447998736
548, 2.8159860497276727
549, 2.8995485581080485
550, 3.1711362066008877
551, 2.9415469731498463
552, 3.185697459919867
553, 3.052220526257014
554, 2.890694085818066
555, 2.955412973699671
556, 2.791578869282561
557, 2.770014740440984
558, 2.817568201352315
559, 2.576458618405445
560, 2.8349745369500665
561, 3.0493060472302895
562, 3.109607711093644
563, 2.9109671878688688
564, 3.029041279569255
565, 3.252516709447682
566, 3.387390626815907
567, 3.2003781596078453
568, 2.8995578972792977
569, 2.9402326696691325
570, 2.9982525472353085
571, 2.7171162995972975
572, 3.0442545450733016
573, 3.0266434889291234
574, 2.8899675271561645
575, 2.960831973737989
576, 2.920402545915783
577, 3.2057607604774865
578, 2.81210995872015
579, 3.0366727874525816
580, 3.0804919166404576
581, 2.824300028577407
582, 2.9624750530538613
583, 2.998939752966314
584, 2.8764709830565462
585, 3.2584432386193107
586, 2.642314424615838
587, 3.029841131408846
588, 3.011127110055934
589, 3.1994026645924962
590, 2.979779563215059
591, 2.9231491761462665
592, 2.7503861395174027
593, 3.036038515650904
594, 2.919884952059433
595, 2.8981815628524066
596, 2.9767305075604513
597, 3.2466224733317834
598, 3.148841159983379
599, 2.9020294447852253
600, 2.8271929488246634
601, 3.198157694532886
602, 3.38186464333673
603, 2.6388653039484202
604, 3.0706198766975876
605, 2.792663133919217
606, 2.6164901713118214
607, 2.665685365149481
608, 3.0966469410671835
609, 3.105285571015821
610, 3.1265397694243746
611, 3.1166830527071934
612, 2.9371727680281476
613, 2.9177206311890824
614, 2.883347486195339
615, 3.1363734869391813
616, 2.7938900249068728
617, 2.555821930430857
618, 2.986694686894125
619, 2.9804593251938734
620, 2.78014583706581
621, 2.864622727223168
622, 2.701484830498581
623, 3.335119320059718
624, 3.0231382108568763
625, 2.938747944819519
626, 2.8832169610481695
627, 2.7743764936702213
628, 3.124848726722623
629, 2.9128527311560335
630, 2.8312094367395177
631, 2.837308125202399
632, 2.852955904624636
633, 2.7903959073643105
634, 3.004953983991572
635, 2.7927081943929832
636, 3.308894912482495
637, 3.0163928601436156
638, 2.987603566285835
639, 2.8587260333653877
640, 2.7706382004184054
641, 3.0474428961957782
642, 3.139508860122003
643, 2.9655634039866827
644, 2.972511364439851
645, 2.9748235878045195
646, 2.855628364946234
647, 2.860454387250698
648, 2.8202145392255593
649, 2.994183628058158
650, 3.179065410480028
651, 3.0147918427084046
652, 3.2012880926632405
653, 2.902929661109831
654, 3.0043345244237685
655, 3.063719992730346
656, 2.7208795910491483
657, 2.8435159343388854
658, 2.7955561149270745
659, 2.992633168828754
660, 2.7150928249425004
661, 3.0575629381677936
662, 2.9922657371129016
663, 2.702346908442468
664, 2.911984628511039
665, 2.8547452470125
666, 2.7753339085479296
667, 3.117426564807532
668, 2.778338331213671
669, 2.845703218014193
670, 2.8510371366415797
671, 2.880074277368307
672, 2.95101712853232
673, 2.853761668918335
674, 2.7490973965267633
675, 3.085733265111652
676, 3.030244949418153
677, 2.689413745765432
678, 2.903479973241888
679, 3.0754380681191207
680, 3.2943723966762666
681, 2.9531248510850756
682, 3.0232646542441795
683, 2.9898864216014442
684, 2.7844290282611426
685, 2.8069445124411962
686, 3.165880589862008
687, 2.857831371606558
688, 2.9363546816864
689, 3.0211049915326083
690, 3.2252145078155756
691, 2.9513785394932235
692, 2.841229437004914
693, 2.7330484638784944
694, 3.1054010512485735
695, 3.059002541581573
696, 2.900061664021776
697, 2.985187432903633
698, 3.191763595114413
699, 2.7739211185356525
700, 2.358109478457402
701, 2.9028176232762872
702, 2.8112765404821944
703, 3.211616803496058
704, 2.7206302132591
705, 2.8308274735985446
706, 2.9767081413888326
707, 3.0780434936099335
708, 2.8065193073875463
709, 2.969236184648555
710, 2.975294010466011
711, 2.399787469658123
712, 2.6174200488505597
713, 3.0036670846864633
714, 3.1892470410050793
715, 2.9763657301337445
716, 2.6789416275866795
717, 2.894055314047148
718, 2.9949229531300685
719, 2.7890146477681292
720, 2.849168245882402
721, 2.976702357769305
722, 2.9156890412963636
723, 2.9114698185377215
724, 3.0575846210422033
725, 2.84193872154251
726, 3.1263732350935927
727, 2.751552228823227
728, 3.122359289746183
729, 2.525012831307164
730, 2.8875710438799747
731, 3.0969477775078826
732, 3.0204662538224194
733, 2.9062626639789007
734, 3.057003839775197
735, 2.78360672174694
736, 2.8182171124611526
737, 2.580104292589038
738, 2.9717204106243718
739, 2.7735463405112717
740, 2.9197335766040293
741, 2.7986292632326784
742, 3.0276776082441996
743, 2.9874462840054195
744, 3.0379067402364193
745, 2.682125163967801
746, 2.81361173930803
747, 3.288311643338598
748, 2.8898581837403206
749, 2.8604018278459096
750, 3.0549938295587293
751, 2.6581699883019634
752, 3.1758277574952354
753, 2.914152963067279
754, 2.96949265610877
755, 3.1139546690320934
756, 2.845010565296828
757, 2.6810544544818997
758, 2.6030001934361513
759, 2.960054249927275
760, 3.0373484328739604
761, 2.8067441534421103
762, 3.053759650400967
763, 2.632873279229953
764, 2.9583206949311682
765, 3.1429117829758244
766, 3.3070427564991944
767, 3.0140470247489453
768, 3.202383699564171
769, 3.159392847544085
770, 3.2285748536676953
771, 2.373039903638317
772, 2.917609091073824
773, 2.948207125828288
774, 2.889255240043342
775, 3.1322100652853986
776, 3.0796103419556378
777, 2.581424516858288
778, 2.8023788037451176
779, 2.616734891611104
780, 2.8438340311193286
781, 2.852553777550276
782, 2.4266907865426837
783, 2.8940512478679024
784, 2.7506459497232303
785, 2.7849934293177543
786, 2.8826174019145565
787, 2.90352915066306
788, 3.160522931668767
789, 2.880316254349797
790, 2.8764947819365676
791, 2.748282966602615
792, 2.6806480654684743
793, 2.644823682529058
794, 2.7122327835752307
795, 2.7967717656185167
796, 2.822398688779582
797, 3.155707433103751
798, 2.98601342280105
799, 3.164860937048155
800, 2.6722575181058836
801, 2.855187699480926
802, 2.960093374373021
803, 2.845695348751917
804, 2.918140938053904
805, 3.103150999067862
806, 3.231135868802765
807, 2.7165432972179095
808, 2.433493925093677
809, 3.032451954475353
810, 2.741830038145598
811, 2.5748749737524763
812, 3.2089714000813987
813, 2.8297315371232843
814, 2.6866265151105013
815, 2.965667397358253
816, 2.586519220337704
817, 2.868815280527467
818, 3.112659113959166
819, 2.418741005255002
820, 2.5806694596134068
821, 2.8545872688011906
822, 2.5146591589436413
823, 2.806710321126268
824, 2.682972919657914
825, 2.5965746656969277
826, 2.810663368140637
827, 2.739232339065939
828, 3.3560070954016865
829, 2.654737258711996
830, 2.6120102804902405
831, 3.018410855185348
832, 3.037332855867392
833, 3.033596017956518
834, 2.9507926689798523
835, 3.018641344965605
836, 3.228056144686118
837, 2.65014419528467
838, 2.9247882234235436
839, 2.711075545512301
840, 2.4978249729720474
841, 2.8010305396782726
842, 2.638260649044247
843, 2.6166213981566733
844, 2.61285440052477
845, 3.284528700760811
846, 2.0918976842388735
847, 2.5734395482798074
848, 2.2288734528507925
849, 2.585018366564985
850, 2.715449163480093
851, 2.795746426042608
852, 2.687164076794791
853, 2.630531498927874
854, 2.643182074020651
855, 2.93171534503722
856, 2.958624147457553
857, 2.486448708432398
858, 2.7194277748109044
859, 2.8356455872549895
860, 3.2789397027168894
861, 3.123747216410859
862, 2.878159443169765
863, 3.335610232986572
864, 2.5665465887752528
865, 2.6833098477462713
866, 2.5201202436837185
867, 2.7847188631871513
868, 3.3616184922091055
869, 3.4914627114510677
870, 3.421188871759386
871, 3.018928347045344
872, 2.6765448619515437
873, 2.6740206684696934
874, 2.5812662512066895
875, 2.515742032503496
876, 2.595901231502889
877, 3.1403406213836633
878, 3.2613869792259607
879, 2.397159000517813
880, 2.666913320953665
881, 2.8427813051026196
882, 2.707370389485467
883, 2.6000966787289936
884, 3.262640977669037
885, 3.158769029284318
886, 2.7888857702001677
887, 2.5566988574589953
888, 2.9435283872876674
889, 2.7976029037388734
890, 3.103316057445534
891, 2.613883557505409
892, 3.528128575282737
893, 2.5825805567757505
894, 3.428510810313408
895, 3.4303923791441924
896, 3.2559262093620465
897, 2.639839458180771
898, 3.278834249228803
899, 3.4191174618741837
900, 2.99078690520543
901, 3.5279349610258603
902, 2.7420876171630852
903, 3.3543722284993938
904, 2.7100273481041115
905, 2.8544644810866497
906, 2.3008613429022255
907, 1.887821733108302
908, 2.7439685303115713
909, 2.410145852594356
910, 3.030873384423093
911, 3.088526297548247
912, 3.5374422808724844
913, 3.364716069774244
914, 2.1533641219428366
915, 3.9593928665705582
916, 3.4894797411537777
917, 2.2273364697395284
918, 3.0824171782563137
919, 2.0340042677367185
920, 2.0448284585157372
921, 2.6047434122711057
922, 2.959765341068412
923, 3.5711012926652135
924, 2.8683221693267535
925, 3.024362629481832
926, 2.802079234598187
927, 3.7085795319584403
928, 2.5265000565383313
929, 1.896519616992232
930, 2.9191634575780285
931, 2.4169268731622005
932, 2.1753742472804674
933, 2.7861177416487175
934, 1.9124285078090126
935, 3.5678882485691634
936, 2.0777098336965647
937, 2.8448563944720293
938, 2.2307179574358535
939, 3.1342930032817167
940, 3.423669192869971
941, 2.345945502023672
942, 2.236390368599583
943, 2.6293967462786814
944, 2.935129546679895
945, 2.5180546975232447
946, 3.1505642035612613
947, 2.8027006619789883
948, 2.8919544368027625
949, 2.8399419840573863
950, 2.829857065842762
951, 3.117233311572858
952, 3.393255290525274
953, 3.490072198587798
954, 3.9081335908717576
955, 2.1898559004405396
956, 3.5788855971097924
957, 3.019133839863456
958, 2.595187185096298
959, 2.8337655791389262
960, 3.3859644567616027
961, 3.343432561823562
962, 2.5544761204640816
963, 2.1891357090177177
964, 3.5195954301119663
965, 3.2330164178000693
966, 2.946740065060111
967, 3.223841315097011
968, 2.424659590795488
969, 3.0483923348679176
970, 2.124677840628711
971, 3.5086610658840365
972, 2.8621516930322906
973, 2.7686504113306185
974, 2.521907433191331
975, 2.593899118994219
976, 3.013059254730355
977, 2.831603244249602
978, 2.939141737115941
979, 3.1669366146720623
980, 3.244982828761608
981, 2.804492671738769
982, 3.500456442117694
983, 2.6362991068972152
984, 2.7197113379575275
985, 3.352410135802227
986, 3.5887427872549833
987, 4.004515753617908
988, 3.127754078488738
989, 2.9309145419047145
990, 2.7319331225711263
991, 3.1232388187697593
992, 3.3937008164690132
993, 2.9539386397968466
994, 2.659773703392471
995, 3.1235418183166628
996, 3.1271098474580405
997, 2.9192652153147938
998, 2.5025544782811027
999, 2.709969630376893
1000, 2.3440783586404583
1001, 3.8995291296200776
1002, 2.2293925792901956
1003, 4.005242473945005
1004, 2.8871169774036125
1005, 2.2577018151912513
1006, 2.4791674240484123
1007, 2.2884420752113495
1008, 2.552123133234024
1009, 1.6664345394481719
1010, 2.513999474673922
1011, 3.3746397001049164
1012, 3.3247892443536826
1013, 2.45755432372578
1014, 3.220722890313483
1015, 1.7702930758697202
1016, 2.1101758964551744
1017, 2.8001183694295713
1018, 2.8037695320011506
1019, 2.1611789032889512
1020, 2.5496865703155938
1021, 3.810112569789401
1022, 2.1082352732734844
1023, 3.869310588582521
1024, 3.2352210724035695
1025, 2.8084688486033786
1026, 3.016114256618261
1027, 2.7832061620151776
1028, 2.7732918265053925
1029, 1.828348159084467
1030, 2.4642167233677865
1031, 1.7822950568905833
1032, 3.201335902917723
1033, 2.909169873976173
1034, 2.1790594040850646
1035, 2.6299294209713824
1036, 2.334188717802824
1037, 2.6744372272485797
1038, 2.926667993340478
1039, 2.256660790507717
1040, 2.6232999165293847
1041, 2.841362367696782
1042, 3.4953244083257697
1043, 2.7286756050849132
1044, 3.6049110428954894
1045, 2.618038434008126
1046, 2.8375281737578693
1047, 3.299696959457654
1048, 3.8708946412856022
1049, 1.6561382455533284
1050, 2.9872106638574905
1051, 3.16896151286587
1052, 2.373214266916449
1053, 2.070361080061933
1054, 2.8815447484339116
1055, 2.492893851222793
1056, 3.262999850448974
1057, 4.229890273521133
1058, 3.0954333418198705
1059, 2.502301614653701
1060, 3.060716727237598
1061, 2.3011824443961317
1062, 3.135925806777425
1063, 3.2147218036686334
1064, 2.5437372595198045
1065, 2.069480265086086
1066, 3.5509001616863887
1067, 3.3445633503939614
1068, 1.8414915594977899
1069, 3.380017651619191
1070, 1.2884100368779317
1071, 2.596577446361807
1072, 3.4928209598196203
1073, 3.46833702732104
1074, 1.9864162708752253
1075, 3.2804130455122475
1076, 1.9184083726330539
1077, 4.016776772991181
1078, 3.522036355796774
1079, 2.7050849854486874
1080, 1.9916817976219339
1081, 1.8847463611580764
1082, 2.6980494487168913
1083, 2.3866842469666683
1084, 2.7178635838737177
1085, 3.7536607708785366
1086, 2.699382913166213
1087, 2.2163000974030234
1088, 2.810302067702457
1089, 1.9876465354996709
1090, 4.0168529760644045
1091, 3.1970766010365073
1092, 5.129771027065599
1093, 3.014771096466727
1094, 3.660812661512641
1095, 2.1398163821115532
1096, 3.197588667364215
1097, 3.2066286710019254
1098, 2.144748689775324
1099, 3.4739430296820695
1100, 3.412117038088576
1101, 3.203155479582449
1102, 2.9855123693342516
1103, 2.442262137644259
1104, 3.3558101380115652
1105, 2.5087527228744584
1106, 2.9487297511343558
1107, 3.7015380563829687
1108, 2.217742884069936
1109, 2.701856997595017
1110, 3.5219656841158677
1111, 2.5197039395416145
1112, 3.396656681331979
1113, 2.633869751227322
1114, 2.186094677216713
1115, 2.9150240667136402
1116, 2.702856389193061
1117, 2.553918824798589
1118, 2.536897539392734
1119, 3.57850261201943
1120, 2.898160003436951
1121, 2.224320107776702
1122, 2.9096071447686334
1123, 4.367799918028908
1124, 2.8042133120080894
1125, 4.829872648127366
1126, 2.742817232183547
1127, 3.7742256202166704
1128, 3.0993372754555026
1129, 2.313255986706144
1130, 2.14833687523975
1131, 3.222258719748758
1132, 2.6705097294073736
1133, 4.314382428244102
1134, 2.4730595552293346
1135, 2.6703820804034293
1136, 4.844780324891965
1137, 3.825211363921098
1138, 3.540494989839324
1139, 2.926015217518463
1140, 3.120932706792326
1141, 2.310109454189446
1142, 2.9932966472550717
1143, 3.6814989447481694
1144, 4.296699177098053
1145, 3.125246144654073
1146, 2.8943656513729
1147, 2.0713710947814277
1148, 1.7527808560727816
1149, 2.292012217583734
1150, 4.381448831127532
1151, 1.1320248492344462
1152, 2.6321238133280076
1153, 2.379384113080955
1154, 2.7321173072991822
1155, 2.5527616820505195
1156, 3.588663291613287
1157, 3.094042976650095
1158, 3.9827992514415214
1159, 2.4597531134306743
1160, 2.5320891072669722
1161, 2.6891910858472303
1162, 3.7406245752259135
1163, 2.5368451366953146
1164, 3.0091700900445204
1165, 3.5072579768739116
1166, 3.43156332590374
1167, 2.8532491066970445
1168, 2.49143363894815
1169, 4.196902052427614
1170, 3.278837301162411
1171, 3.2525296671451094
1172, 2.639086349345025
1173, 3.377975357932778
1174, 3.8113518810592257
1175, 2.2586271482017826
1176, 2.8243856759620107
1177, 2.9542152578641607
1178, 2.050919431004794
1179, 3.701919708383546
1180, 2.883202117476924
1181, 4.001188078247982
1182, 3.5900932159362084
1183, 4.144643634270567
1184, 3.371242586725205
1185, 3.187352402977122
1186, 1.7997561088132432
1187, 2.7981575165230286
1188, 3.710146108505074
1189, 3.3300569047890898
1190, 3.1818057985432424
1191, 4.188484024064694
1192, 3.9349165024611903
1193, 2.635281497982191
1194, 2.910862038361542
1195, 3.401924470556991
1196, 2.0892906374461293
1197, 2.2495168490049937
1198, 3.496281535384421
1199, 2.9637906691295566
1200, 3.771023842516159
1201, 3.0199588632165426
1202, 3.745891871154433
1203, 3.3585408503436214
1204, 3.016616930057557
1205, 2.511475782320909
1206, 4.249863902269361
1207, 2.113089467574628
1208, 2.433157360506965
1209, 2.7216598508397687
1210, 3.6645515153458987
1211, 3.00172553655378
1212, 3.5355358953109355
1213, 2.2760842740232046
1214, 1.3056951700071115
1215, 2.752506364832653
1216, 4.694489799607889
1217, 2.0829647632732122
1218, 2.0943040749180457
1219, 2.9249441544945944
1220, 2.497129904734474
1221, 2.072231154042263
1222, 2.7882073502551723
1223, 2.0538008014363975
1224, 4.0718733084501535
1225, 2.0552920373986963
1226, 3.940957081919309
1227, 2.455908808298165
1228, 2.643395638839847
1229, 3.231598823553975
1230, 1.162871717274792
1231, 1.4338719902814656
1232, 3.349403740001337
1233, 3.4076511338657745
1234, 1.9733282203033304
1235, 5.320477029688347
1236, 2.082072535883951
1237, 3.5580862660359065
1238, 2.3485057139276635
1239, 3.2296826634207556
1240, 2.7283025547692206
1241, 2.6957812048450935
1242, 3.7370334805814407
1243, 3.3521470935356303
1244, 1.934602094246533
1245, 2.3094944654307454
1246, 2.72498114674257
1247, 1.6942323187052422
1248, 1.8198719985424208
1249, 3.314131733953332
1250, 0.8699876697458946
1251, 5.721152501180549
1252, 4.2360157661281965
1253, 2.009434315237724
1254, 1.3218811433520687
1255, 1.384498234504157
1256, 3.4842073740076787
1257, 3.6588899520545
1258, 4.097485996223799
1259, 4.021787849143936
1260, 3.1472761719749665
1261, 2.5713438185830055
1262, 1.0995531377960692
1263, 4.1104184235012955
1264, 2.635531588662845
1265, 2.162494439170807
1266, 0.8035776954155839
1267, 3.4745450236665274
1268, 2.551513308889862
1269, 6.392054686971517
1270, 1.4309880014235792
1271, 1.3384565683171086
1272, 2.0435567410332753
1273, 3.5477252153982084
1274, 2.303184199368782
1275, 3.9135246205373178
1276, 2.1679793189130017
1277, 3.292362866855686
1278, 0.8133373723945022
1279, 3.4947874095622904
1280, 2.5888490226785907
1281, 0.8928475192453469
1282, 2.9878922823806846
1283, 1.6451653969190585
1284, 2.8563733276983667
1285, 3.53215904102192
1286, 4.230393657035905
1287, 2.5511978037919185
1288, 1.363585465228604
1289, 1.4583447743298448
1290, 2.366074113102915
1291, 3.4224819443744154
1292, 3.686077548361757
1293, 4.503591212662705
1294, 3.710767318384355
1295, 2.4253705481347616
1296, 2.9174765051182976
1297, 2.8390114465901015
1298, 3.5281864824029765
1299, 3.9365798611066642
1300, 3.0310333958383984
1301, 2.0667044716942744
1302, 1.8414958609624124
1303, 2.8752548544053864
1304, 2.2131013733048412
1305, 3.901644341502873
1306, 2.713265143459595
1307, 4.2288108427110505
1308, 3.7157268574876525
1309, 2.31737750257801
1310, 4.862122508241394
1311, 2.9168728879316648
1312, 4.035332221748263
1313, 2.1349587601628386
1314, 1.867825308911081
1315, 3.649656701578515
1316, 3.247079493934408
1317, 3.8229054145893255
1318, 1.865926796790143
1319, 1.3599204673595864
1320, 3.249776944731246
1321, 2.6289039194286232
1322, 3.922997811230683
1323, 4.098418420444408
1324, 1.3756087957779348
1325, 2.3392662606685923
1326, 3.266968146480741
1327, 2.0595792474371857
1328, 2.5229169056658964
1329, 2.750025684778621
1330, 3.0866319158123794
1331, 5.433629788681692
1332, 1.9933187245268416
1333, 2.5803786314491566
1334, 3.8744154184514485
1335, 3.307798387555021
1336, 3.004614254962984
1337, 2.511668633431649
1338, 4.704148359025225
1339, 3.355400056276241
1340, 3.972534384998303
1341, 2.462382425789852
1342, 2.081664698879308
1343, 1.2711739130794033
1344, 4.190720607618294
1345, 3.5626854009741162
1346, 2.548313680100725
1347, 4.1225793958430135
1348, 2.88559435830221
1349, 2.0223003343325385
1350, 1.898044012397111
1351, 2.112910931318001
1352, 3.4235379308506744
1353, 1.424536379452347
1354, 1.7029398034732028
1355, 3.5052722627387385
1356, 3.1083725594168694
1357, 2.870791577363306
1358, 4.496750182896243
1359, 2.493150157501658
1360, 1.9129063491053708
1361, 2.5326588307512856
1362, 2.8784974167660895
1363, 3.2901114075945905
1364, 2.038447302176933
1365, 3.91499283466704
1366, 2.5538644132634105
1367, 3.658251185642146
1368, 1.7830739564302098
1369, 2.7090103445706233
1370, 2.286423991658598
1371, 4.15023004598466
1372, 2.645244428925421
1373, 3.150746678055926
1374, 3.7488288070491826
1375, 2.493011405167214
1376, 2.3383450768164264
1377, 0.6673534466734703
1378, 2.9176317245964145
1379, 2.2607713693862
1380, 2.0642953471192116
1381, 2.179302282822876
1382, 3.775939398719859
1383, 1.6898069588561115
1384, 3.247944670680814
1385, 3.5133526273563085
1386, 2.254428693409684
1387, 1.8087598334410742
1388, 4.688190737798487
1389, 2.1806697272996924
1390, 2.1237503978743155
1391, 2.9900750994143137
1392, 3.612149628746726
1393, 3.340406891595257
1394, 1.1922993488902898
1395, 3.4000249058526455
1396, 3.956579048320404
1397, 2.5369900803860554
1398, 4.182944206003913
1399, 2.9094198545834935
1400, 4.868110920181912
1401, 3.152165883363544
1402, 1.180821948773381
1403, 1.919313743484849
1404, 1.4126897667519995
1405, 2.791321354460412
1406, 2.3231565334864146
1407, 1.9556278601329786
1408, 3.50664503870242
1409, 4.681342700509877
1410, 3.181004036887056
1411, 2.2353872372924064
1412, 3.8548458668671506
1413, 3.819488419327094
1414, 4.451544988787382
1415, 2.253747918959859
1416, 2.949865045901486
1417, 3.5180409289376042
1418, 1.5120260710946778
1419, 2.28970911856591
1420, 1.9500915548892728
1421, 2.9910446000350657
1422, 2.7634741211915212
1423, 2.63673507412271
1424, 4.743189005371963
1425, 3.468245529930823
1426, 2.269949524815109
1427, 3.126964013222706
1428, 3.3105433322233306
1429, 4.409922698681958
1430, 5.0008050341938945
1431, 4.036818434029444
1432, 3.1904691555689206
1433, 3.611796939050438
1434, 4.284329631498718
1435, 3.7460744339004033
1436, 2.5288574276817966
1437, 3.555980860993354
1438, 2.966901727502463
1439, 3.168366671827355
1440, 1.293498198725121
1441, 1.8242088812952488
1442, 2.0530031422841875
1443, 3.3424923238438264
1444, 1.514137107666407
1445, 3.93338493263189
1446, 2.560827836769595
1447, 1.2000888747554166
1448, 4.249880241235859
1449, 1.8274333456518834
1450, 1.4664817910366148
1451, 3.616510131498265
1452, 3.8742556806289863
1453, 4.461289021431148
1454, 2.692933397244865
1455, 4.250288068246382
1456, 2.6048223093982115
1457, 1.5949035600774022
1458, 2.2489833723668156
1459, 1.393353575565828
1460, 4.020488882127915
1461, 3.331105347357647
1462, 4.278608026329634
1463, 0.9911202301967625
1464, 0.6218302854796528
1465, 1.127720222028311
1466, 2.918366400668266
1467, 1.9379349325702044
1468, 2.998897100519456
1469, 0.43117211878454054
1470, 3.8759635693954104
1471, 4.166177469787417
1472, 2.402336745011491
1473, 2.6933640018543947
1474, 2.7190459710479717
1475, 2.5445605990353743
1476, 3.2049636367354357
1477, 2.0889278907445794
1478, 2.6001949290697395
1479, 3.7359357569753
1480, 3.627557170367814
1481, 6.0098743984437855
1482, 5.293252059386003
1483, 3.5437226957727592
1484, 6.790136659753821
1485, 1.0565122888967593
1486, 4.6363427037246705
1487, 7.0476164684866625
1488, 2.607006788051104
1489, 5.66581921885359
1490, 5.920246245476651
1491, 3.2061883827039224
1492, 5.101746863955593
1493, 6.606919444825464
1494, 0.24759733264730016
1495, 3.161406855664881
1496, 1.4747459403298582
1497, 3.795765207745416
1498, 0.970827150122447
1499, 5.238166416079428
1500, 2.2310616309694202
1501, 3.8664970098895837
1502, 2.619284218259847
1503, 3.507643054208029
1504, 3.1438071797966893
1505, 2.2998980814342365
1506, 2.4673946312677817
1507, 1.8658135146685952
1508, 2.003311183525304
1509, 2.0995054071595556
1510, 1.26355140139192
1511, 1.8880275152767232
1512, 2.414275810508011
1513, 6.115841344226053
1514, 3.726156359658602
1515, 1.383006685307152
1516, 3.791087118311369
1517, 3.668455965702984
1518, 1.352944523061679
1519, 2.8298367086779277
1520, 4.159567526027257
1521, 2.6523358655370877
1522, 3.8259626527293036
1523, 3.9968999028063723
1524, 0.6908688782133169
1525, 3.1781061966710733
1526, 1.449259125471161
1527, 6.199072003276125
1528, 1.5648140776329702
1529, 2.511084421260048
1530, 2.582161596274248
1531, 2.744554591605708
1532, 0.8674690123968138
1533, 4.227339831118161
1534, 1.6134169429235672
1535, 3.3365743959551812
1536, 2.4308250850505226
1537, 0.9994869614958883
1538, 4.835249457675958
1539, 4.897881488830617
1540, 2.801225946653317
1541, 2.570162560836794
1542, 1.523099557324799
1543, 2.3644981956516204
1544, 4.447012096788275
1545, 1.9315244223215213
1546, 0.7847836470255128
1547, 2.5540472864919614
1548, 1.5451064802495824
1549, 3.544814230909946
1550, 2.0436359652069203
1551, 2.3558764377524537
1552, 2.4457885868653584
1553, 1.0494294072445995
1554, 6.884466991890987
1555, 3.901715219545662
1556, 2.678593728438546
1557, 1.0429095267472404
1558, 3.5136801286995394
1559, 2.6046583026253156
