52.063059548957675, 0.0
4.512626157227363, 0.0
4.792128259730478, 0.0
4.608939247672907, 0.0
4.378405381532302, 0.0
4.442585520747047, 0.0
4.488029941576552, 0.0
4.493649757833148, 0.0
4.379046250598784, 0.0
4.379044539046684, 0.0
4.475193835504174, 0.0
4.454058188994044, 0.0
4.411200075246612, 0.0
4.3791697996681505, 0.0
4.364349878282194, 0.0
4.333814579092531, 0.0
4.305628134039336, 0.0
4.28064234685575, 0.0
4.23782547671991, 0.0
4.217252500432786, 0.0
4.193737417302413, 0.0
4.165548948565439, 0.0
4.124857708623319, 0.0
4.084849690181738, 0.0
4.04085013657334, 0.0
3.994004877294864, 0.0
3.967707211020411, 0.0
3.9186735607212646, 0.0
3.8944652344442594, 0.0
3.8515373582653623, 0.0
3.813701294244526, 0.0
3.7637931683213424, 0.0
3.7385157490149608, 0.0
3.697652027760175, 0.0
3.6788868034419124, 0.0
3.6694942571270026, 0.0
3.6307798317000533, 0.0
3.608590774464491, 0.0
3.5791878079510844, 0.0
3.563574553984231, 0.0
3.544202989299052, 0.0
3.5389333906164246, 0.0
3.5303764927797494, 0.0
3.5263141274766774, 0.0
3.523407723873958, 0.0
3.518191187552367, 0.0
3.521402902243308, 0.0
3.521337424001044, 0.0
3.5405583534884295, 0.0
3.5343587347303194, 0.0
3.539469588980223, 0.0
3.552713916967698, 0.0
3.5316070155819475, 0.0
3.527478827054936, 0.0
3.5253779938337475, 0.0
3.5217749872910886, 0.0
3.5219162795857444, 0.0
3.5369432253468367, 0.0
3.518623554615239, 0.0
3.5313798771958758, 0.0
3.540505378590654, 0.0
3.5467581626643634, 0.0
3.570646145376066, 0.0
3.580650099586306, 0.0
3.574800473228889, 0.0
3.5876363365015367, 0.0
3.580659786938818, 0.0
3.5626996770558534, 0.0
3.580579541636913, 0.0
3.574062961691606, 0.0
3.5653479759064064, 0.0
3.574868056575338, 0.0
3.5602168940676955, 0.0
3.5827865971060042, 0.0
3.6114928452244706, 0.0
3.6262122847338234, 0.0
3.644981364529375, 0.0
3.660165634683102, 0.0
3.672784553067676, 0.0
3.6801282201900065, 0.0
3.705776083806871, 0.0
3.708461039015912, 0.0
3.7341385863492453, 0.0
3.7369010827631555, 0.0
3.7497321730355906, 0.0
3.7395514649115675, 0.0
3.7402565346835877, 0.0
3.7502494272907527, 0.0
3.749281169940441, 0.0
3.76592928322941, 0.0
3.7750633969637652, 0.0
3.789167048435323, 0.0
3.805113264742681, 0.0
3.8239424555252284, 0.0
3.8108585253060605, 0.0
3.8194971224107066, 0.0
3.839925032779302, 0.0
3.8499792110321196, 0.0
3.864829605318357, 0.0
3.8639361192134216, 0.0
3.8554339497120282, 0.0
3.8496873729499157, 0.0
3.8286825412370034, 0.0
3.8212768112670483, 0.0
3.8299006685094783, 0.0
3.834700148917718, 0.0
3.815365021381408, 0.0
3.8236741834529555, 0.0
3.832806129783563, 0.0
3.8347352174654317, 0.0
3.8352707614523807, 0.0
3.823905780571954, 0.0
3.844920242475408, 0.0
3.833413695637444, 0.0
3.8411066572934027, 0.0
3.8354540142458973, 0.0
3.839669541586275, 0.0
3.856378231810779, 0.0
3.849994795640163, 0.0
3.8539596316722227, 0.0
3.858036741556211, 0.0
3.8631035491332115, 0.0
3.851476974700991, 0.0
3.8510055345384453, 0.0
3.8469540367999593, 0.0
3.85345466162783, 0.0
3.8544044658381624, 0.0
3.8266271419042526, 0.0
3.8107354526525796, 0.0
3.798086944111565, 0.0
3.8038100275832614, 0.0
3.825553481932779, 0.0
3.8234470157994798, 0.0
3.837822115727543, 0.0
3.8428938976928633, 0.0
3.8580440661179147, 0.0
3.862328585168702, 0.0
3.8781999572249335, 0.0
3.9031390003884354, 0.0
3.914576395421703, 0.0
3.9325104374037094, 0.0
3.9138409871577893, 0.0
3.9214400935196734, 0.0
3.9186452131128333, 0.0
3.9262523934933187, 0.0
3.9208778570703116, 0.0
3.941039974656352, 0.0
3.943153071699694, 0.0
3.9295001737682016, 0.0
3.9405257596423837, 0.0
3.9129536337755, 0.0
3.9293842381768194, 0.0
3.9489835306944507, 0.0
3.966877882679783, 0.0
3.9541101039586635, 0.0
3.9687479499088383, 0.0
3.960625725689108, 0.0
3.951681383411149, 0.0
3.9745857254879993, 0.0
3.9654404806303516, 0.0
3.9796308740782784, 0.0
3.976858056806331, 0.0
3.985587181435085, 0.0
3.9760767575314775, 0.0
3.977842795241643, 0.0
3.9570369916682893, 0.0
3.9643183935669137, 0.0
3.9708348053915445, 0.0
3.945760150636955, 0.0
3.9496786301789113, 0.0
3.953092878285171, 0.0
3.94840150222632, 0.0
3.9302141498190806, 0.0
3.944488069605524, 0.0
3.9568125173144546, 0.0
3.974307181539406, 0.0
3.986687246503583, 0.0
4.006940674724907, 0.0
4.0205987784193935, 0.0
4.048780887594839, 0.0
4.047589741219531, 0.0
4.074179645385308, 0.0
4.08222475171395, 0.0
4.07082822871034, 0.0
4.0697174599857835, 0.0
4.082733049238001, 0.0
4.07012397652572, 0.0
4.069024155116219, 0.0
4.083773425277182, 0.0
4.065718628344305, 0.0
4.083071145766605, 0.0
4.076283521752908, 0.0
4.082633862035914, 0.0
4.1071909095998755, 0.0
4.117873961837229, 0.0
4.120901793605691, 0.0
4.138983937447923, 0.0
4.132315649993403, 0.0
4.141115723327967, 0.0
4.143700504207296, 0.0
4.141152867406371, 0.0
4.138229827526095, 0.0
4.133376912572791, 0.0
4.112958821054644, 0.0
4.114550617681092, 0.0
4.084679982513672, 0.0
4.069814880323897, 0.0
4.071654015273142, 0.0
4.054670550161044, 0.0
4.0607047601743, 0.0
4.048768434941308, 0.0
4.045338043076472, 0.0
4.036518879538395, 0.0
4.031572840781174, 0.0
4.026294223633214, 0.0
4.042379483562404, 0.0
4.039257318937635, 0.0
4.019733344348757, 0.0
4.018853312034996, 0.0
4.003656484058777, 0.0
4.010198833561693, 0.0
3.991718053615828, 0.0
3.98950948110395, 0.0
3.9966018357718767, 0.0
3.9817694876100007, 0.0
3.980132385070037, 0.0
3.953039864630596, 0.0
3.9386691266691694, 0.0
3.926970668810422, 0.0
3.912423336470824, 0.0
3.896474540013817, 0.0
3.8872039369044593, 0.0
3.878512802047472, 0.0
3.8525795360366595, 0.0
3.8523465163141397, 0.0
3.826501256425557, 0.0
3.837585648612162, 0.0
3.8356700645341775, 0.0
3.8214615729625256, 0.0
3.8303977795401836, 0.0
3.8294214685990533, 0.0
3.822334109237901, 0.0
3.828075300656335, 0.0
3.8260960399149, 0.0
3.8172683348376495, 0.0
3.832936965520079, 0.0
3.839954469235168, 0.0
3.8369515792330757, 0.0
3.8581394447455546, 0.0
3.8461241815319944, 0.0
3.8471936061538345, 0.0
3.8583950780220384, 0.0
3.851763488737712, 0.0
3.8620704911824064, 0.0
3.865860506107393, 0.0
3.868368665410336, 0.0
3.8715552707219816, 0.0
3.885033695992547, 0.0
3.8823006391121107, 0.0
3.8914376987178385, 0.0
3.8753079743796177, 0.0
3.884435535163391, 0.0
3.897026399915532, 0.0
3.9032040946495785, 0.0
3.905136065254323, 0.0
3.8912396270338645, 0.0
3.876239956649203, 0.0
3.8742828328283734, 0.0
3.867358426135367, 0.0
3.8557033404895242, 0.0
3.8556010734886614, 0.0
3.8419520886465603, 0.0
3.8420192883789994, 0.0
3.8240208977208523, 0.0
3.8081097500562096, 0.0
3.8159302845083736, 0.0
3.824423658409203, 0.0
3.827404153728145, 0.0
3.809397560560373, 0.0
3.827741893004293, 0.0
3.8323771493831336, 0.0
3.8534289988150285, 0.0
3.8453114995721216, 0.0
3.873151881629121, 0.0
3.871715253805783, 0.0
3.881441382022608, 0.0
3.889922922259916, 0.0
3.8955801298581028, 0.0
3.9161350090105373, 0.0
3.919036424738298, 0.0
3.9452471867710033, 0.0
3.9392736864010347, 0.0
3.9451536042075595, 0.0
3.9261355679497214, 0.0
3.9468146586963977, 0.0
3.960135809531593, 0.0
3.9644542289888505, 0.0
3.9629473987267985, 0.0
3.953703649855435, 0.0
3.9571593539634655, 0.0
3.9515038217432847, 0.0
3.9492673421560966, 0.0
3.9401328645351184, 0.0
3.956931960235867, 0.0
3.939498593050409, 0.0
3.9332262442157244, 0.0
3.900749073953893, 0.0
3.9051977528444715, 0.0
3.924598078493548, 0.0
3.9176181670454318, 0.0
3.9033636869644956, 0.0
3.8928079746108515, 0.0
3.900668005640096, 0.0
3.899703131381566, 0.0
3.9021356712694297, 0.0
3.884712517347137, 0.0
3.9021996824554557, 0.0
3.891464821876626, 0.0
3.877072330164977, 0.0
3.8703982630661984, 0.0
3.8587512737960816, 0.0
3.8727426487771446, 0.0
3.8576202240368547, 0.0
3.8250896488628263, 0.0
3.816147745156165, 0.0
3.807559736446575, 0.0
3.8112929115216345, 0.0
3.8196911725553484, 0.0
3.7996508135194396, 0.0
3.793838992511019, 0.0
3.7885103202684753, 0.0
3.7603119364157207, 0.0
3.7588729433940786, 0.0
3.7603234447632454, 0.0
3.765282598438567, 0.0
3.756649785646835, 0.0
3.741658882955135, 0.0
3.7245582241094666, 0.0
3.739972166877563, 0.0
3.752424218668426, 0.0
3.7630987940702587, 0.0
3.7858247232388664, 0.0
3.791438352415736, 0.0
3.8108427505079447, 0.0
3.8182907856463695, 0.0
3.8388079499020185, 0.0
3.859742609656365, 0.0
3.8699673460214994, 0.0
3.885265853571519, 0.0
3.888312395343656, 0.0
3.896530989732477, 0.0
3.8987749326078442, 0.0
3.91065229644765, 0.0
3.920153215659274, 0.0
3.9344026165260146, 0.0
3.9402287449780964, 0.0
3.945687453545832, 0.0
3.9485726540350954, 0.0
3.9527357232909233, 0.0
3.9466066622208897, 0.0
3.954889149897075, 0.0
3.9700753935806956, 0.0
3.987386353565507, 0.0
3.9954994633552685, 0.0
3.9919358767788857, 0.0
4.005836238345719, 0.0
4.001854431945857, 0.0
4.009061595045141, 0.0
4.023996879117426, 0.0
4.033514259855127, 0.0
4.037725149613513, 0.0
4.044685972319834, 0.0
4.037646004881003, 0.0
4.039682937217387, 0.0
4.064104774970611, 0.0
4.060599396828006, 0.0
4.085129381921419, 0.0
4.09489248825585, 0.0
4.092271819607278, 0.0
4.107603181941494, 0.0
4.126105073246917, 0.0
4.127219408002974, 0.0
4.136758559628403, 0.0
4.138549438968525, 0.0
4.139279297330818, 0.0
4.144790348937283, 0.0
4.138123499027829, 0.0
4.157810460840238, 0.0
4.153609815517651, 0.0
4.160821570883803, 0.0
4.167361761096496, 0.0
4.160547977382089, 0.0
4.175108641658236, 0.0
4.169167525546193, 0.0
4.171317371978295, 0.0
4.18221513452967, 0.0
4.1912415604589075, 0.0
4.177843047320435, 0.0
4.202216218032407, 0.0
4.1990864469298455, 0.0
4.188767358479292, 0.0
4.188170414456118, 0.0
4.166790673961611, 0.0
4.185191106232212, 0.0
4.191964390069435, 0.0
4.194629162368087, 0.0
4.198264259896968, 0.0
4.2096915811282, 0.0
4.192819564653901, 0.0
4.199396840235969, 0.0
4.206503692205334, 0.0
4.23930674080867, 0.0
4.275624367171781, 0.0
4.28635213784876, 0.0
4.280621523023142, 0.0
4.291684851777224, 0.0
4.295599286675983, 0.0
4.304212079937885, 0.0
4.319671973663587, 0.0
4.328591617704765, 0.0
4.352320844280425, 0.0
4.352833174971231, 0.0
4.353133288502059, 0.0
4.369897730877236, 0.0
4.389306213543567, 0.0
4.403745400874131, 0.0
4.4309316377640915, 0.0
4.446541277638131, 0.0
4.476734432109945, 0.0
4.511723171659528, 0.0
4.523335721626368, 0.0
4.549108245922099, 0.0
4.554422485081128, 0.0
4.562558802758674, 0.0
4.5857935234450435, 0.0
4.593418886348397, 0.0
4.607200497127438, 0.0
4.6074645625018125, 0.0
4.611962912096634, 0.0
4.614088580554871, 0.0
4.610327167765164, 0.0
4.621334309281529, 0.0
4.620594648251818, 0.0
4.628407774140748, 0.0
4.635832013140371, 0.0
4.635200073606631, 0.0
4.628550210426397, 0.0
4.640967397092764, 0.0
4.644268300848605, 0.0
4.647626056710908, 0.0
4.6441944143638105, 0.0
4.625757267282532, 0.0
4.643444574356494, 0.0
4.643152010877154, 0.0
4.638972350406616, 0.0
4.647497186755705, 0.0
4.6470171156364835, 0.0
4.643895584423915, 0.0
4.635870222134964, 0.0
4.615368584669123, 0.0
4.618996103730987, 0.0
4.615407202666863, 0.0
4.613661762126254, 0.0
4.617501268726333, 0.0
4.608874871506128, 0.0
4.606039326393066, 0.0
4.601101641099185, 0.0
4.615210530196289, 0.0
4.609274525152102, 0.0
4.613538009906443, 0.0
4.611883923899566, 0.0
4.602275265897765, 0.0
4.605261879698705, 0.0
4.58189277168853, 0.0
4.591702480383203, 0.0
4.577672051172813, 0.0
4.577164814456249, 0.0
4.548043753185925, 0.0
4.544798717627202, 0.0
4.544719044746208, 0.0
4.551818937344146, 0.0
4.551142721383202, 0.0
4.540121638293631, 0.0
4.546474585518128, 0.0
4.5221517500147534, 0.0
4.513066246213362, 0.0
4.51003321762374, 0.0
4.507680242514175, 0.0
4.504683991034821, 0.0
4.491233322524236, 0.0
4.497610318492768, 0.0
4.503617968759924, 0.0
4.4965909123869805, 0.0
4.483663413885578, 0.0
4.488620638496627, 0.0
4.505348194308492, 0.0
4.4985729298274375, 0.0
4.5059642276296845, 0.0
4.509055274178076, 0.0
4.501072663327607, 0.0
4.486832214071519, 0.0
4.491196266869973, 0.0
4.48426368407563, 0.0
4.498453632121263, 0.0
4.475719169783003, 0.0
4.4619438889488166, 0.0
4.4376151296377575, 0.0
4.439581218546399, 0.0
4.43897011322021, 0.0
4.448249731581617, 0.0
4.451524973057695, 0.0
4.431569612721978, 0.0
4.427047743293065, 0.0
4.423453001266285, 0.0
4.442220568295257, 0.0
4.419513377004997, 0.0
4.436007690586756, 0.0
4.418404940406255, 0.0
4.410608050327452, 0.0
4.394921634438639, 0.0
4.378167396282317, 0.0
4.376744071791707, 0.0
4.376963579033646, 0.0
4.365180089875227, 0.0
4.365289989604674, 0.0
4.392082715942883, 0.0
4.39904987687238, 0.0
4.39757915849113, 0.0
4.384697441656611, 0.0
4.399280556645081, 0.0
4.388218950119933, 0.0
4.381110503650618, 0.0
4.367317343195225, 0.0
4.348473409795046, 0.0
4.31762459352111, 0.0
4.302053036051001, 0.0
4.2658127291631, 0.0
4.261873195234076, 0.0
4.2494228618036285, 0.0
4.234819556538609, 0.0
4.234642507875149, 0.0
4.243456079955805, 0.0
4.2403619242109665, 0.0
4.239911008602688, 0.0
4.2559908744168045, 0.0
4.247014526733053, 0.0
4.247803926676161, 0.0
4.238061740612837, 0.0
4.2394457018123894, 0.0
4.230244396728709, 0.0
4.217790667530101, 0.0
4.200843097562297, 0.0
4.192687055369864, 0.0
4.188482192418156, 0.0
4.168834880533706, 0.0
4.160373979101665, 0.0
4.144726922310297, 0.0
4.145038027123115, 0.0
4.142379887513115, 0.0
4.147993770881144, 0.0
4.140234240036186, 0.0
4.14811367828605, 0.0
4.140613139854588, 0.0
4.135351279002014, 0.0
4.1421643025751065, 0.0
4.149217396783724, 0.0
4.164632888551647, 0.0
4.19016746307498, 0.0
4.177524255132086, 0.0
4.153129887766783, 0.0
4.160233162980717, 0.0
4.130683729180081, 0.0
4.132869220057283, 0.0
4.1268344966704245, 0.0
4.117863201458102, 0.0
4.098217521484365, 0.0
4.0900926602295735, 0.0
4.048133738398558, 0.0
4.0474517403763794, 0.0
4.0482202500212034, 0.0
4.0522563503419535, 0.0
4.060718992844194, 0.0
4.060292168571991, 0.0
4.064213325410901, 0.0
4.047724246303528, 0.0
4.042876073562525, 0.0
4.030187157063042, 0.0
4.013947911127056, 0.0
4.005589402969082, 0.0
4.007714331017329, 0.0
3.976884433928551, 0.0
3.9616839099876975, 0.0
3.9410440984963286, 0.0
3.9091344359171005, 0.0
3.891346036410078, 0.0
3.874205690162909, 0.0
3.8670441133208646, 0.0
3.876356275905389, 0.0
3.851833116038025, 0.0
3.829416612540414, 0.0
3.837197430935543, 0.0
3.8333312859440327, 0.0
3.830827295181318, 0.0
3.84303976128452, 0.0
3.8317048049721065, 0.0
3.8241418260382667, 0.0
3.8138744769478174, 0.0
3.7963642246851577, 0.0
3.8102124514340496, 0.0
3.808624825094987, 0.0
3.7984933080953196, 0.0
3.804729789365769, 0.0
3.801642803832776, 0.0
3.8107204835432165, 0.0
3.8350199421418987, 0.0
3.864590696728444, 0.0
3.8803452002633008, 0.0
3.890426810061014, 0.0
3.896940850996306, 0.0
3.895474295214298, 0.0
3.9022754797751142, 0.0
3.9019950991004686, 0.0
3.9270516448887465, 0.0
3.914899563820095, 0.0
3.9135734946179506, 0.0
3.901363911287381, 0.0
3.9041752675481027, 0.0
3.925607092823816, 0.0
3.9338552235181794, 0.0
3.9531483917101284, 0.0
3.961816959614578, 0.0
3.954783227641664, 0.0
3.9437676896258944, 0.0
3.970710188186584, 0.0
3.9826264929031128, 0.0
3.995700756196409, 0.0
3.989787144765587, 0.0
3.9827608941812, 0.0
3.976203014229501, 0.0
3.9726544643395103, 0.0
3.9732905740035234, 0.0
3.990808572001818, 0.0
4.005305697669719, 0.0
4.001763498068259, 0.0
4.009245598018864, 0.0
4.007957496324269, 0.0
4.015840795176169, 0.0
4.003982774443939, 0.0
4.000644328330243, 0.0
4.008735433883749, 0.0
4.01778976729865, 0.0
4.033072478361267, 0.0
4.020868328044285, 0.0
4.009290496284028, 0.0
4.005123519393803, 0.0
4.01289503018989, 0.0
4.019032124210357, 0.0
4.035789897667415, 0.0
4.0532061260703625, 0.0
4.05626109118487, 0.0
4.065964414662124, 0.0
4.057888115624702, 0.0
4.06769955174073, 0.0
4.075679624287727, 0.0
4.093405778970416, 0.0
4.090578547570621, 0.0
4.099403000664401, 0.0
4.111525042220762, 0.0
4.117516665065197, 0.0
4.142695322658573, 0.0
4.150668024058887, 0.0
4.159244062471506, 0.0
4.167908954654623, 0.0
4.179925966241889, 0.0
4.196285909604273, 0.0
4.201152238056927, 0.0
4.217657938156095, 0.0
4.230961483948017, 0.0
4.237104139363021, 0.0
4.2310513151248355, 0.0
4.219494684951238, 0.0
4.233902900595144, 0.0
4.249086062160093, 0.0
4.266523146561501, 0.0
4.2602091635734425, 0.0
4.2749387687843985, 0.0
4.268021999077972, 0.0
4.278723606208385, 0.0
4.307207365219566, 0.0
4.3256761821851395, 0.0
4.350095523452659, 0.0
4.358262054879644, 0.0
4.361146229479088, 0.0
4.359003231692682, 0.0
4.362135433199748, 0.0
4.377511049596007, 0.0
4.397475628603577, 0.0
4.3990718093164105, 0.0
4.3963560142461215, 0.0
4.377031470249422, 0.0
4.378897909459735, 0.0
4.386745540624928, 0.0
4.390151362490879, 0.0
4.398715518996076, 0.0
4.41095565139617, 0.0
4.399148256773391, 0.0
4.400773918482929, 0.0
4.37549432951199, 0.0
4.374548991698774, 0.0
4.383525477630913, 0.0
4.36034866310221, 0.0
4.336708054826705, 0.0
4.356805583782538, 0.0
4.339703163696357, 0.0
4.319778928075967, 0.0
4.3257325843096845, 0.0
4.298042458084494, 0.0
4.317562517285609, 0.0
4.301209221626715, 0.0
4.308427770247041, 0.0
4.3216233972924, 0.0
4.3341890829695355, 0.0
4.293675745921409, 0.0
4.297216239079014, 0.0
4.299303815510544, 0.0
4.269619063757108, 0.0
4.293731720422305, 0.0
4.264159735174575, 0.0
4.265517156049659, 0.0
4.245271484374458, 0.0
4.220589753358853, 0.0
4.203993214177968, 0.0
4.215560859070592, 0.0
4.21171868121129, 0.0
4.2210087361133555, 0.0
4.243369533692792, 0.0
4.218771931773724, 0.0
4.224151796145769, 0.0
4.219822786742913, 0.0
4.2084235811015365, 0.0
4.232624017330116, 0.0
4.228204075615106, 0.0
4.228056364911452, 0.0
4.2286376129754, 0.0
4.205090656448162, 0.0
4.2005692131505405, 0.0
4.207420417373031, 0.0
4.215012789377046, 0.0
4.208455459656955, 0.0
4.208266639941837, 0.0
4.183927971531378, 0.0
4.195424528866218, 0.0
4.176086658996807, 0.0
4.178116945770396, 0.0
4.17752930764949, 0.0
4.158536904411382, 0.0
4.161860862053952, 0.0
4.1482621346532325, 0.0
4.149892258823248, 0.0
4.173990929976892, 0.0
4.178593138276925, 0.0
4.147972289170481, 0.0
4.148670684644626, 0.0
4.139403649689849, 0.0
4.144455200916511, 0.0
4.146625658619385, 0.0
4.139797883702607, 0.0
4.148340126154873, 0.0
4.149401383894393, 0.0
4.13384875181837, 0.0
4.121690321840406, 0.0
4.144213045952469, 0.0
4.1376494678538895, 0.0
4.137515041326593, 0.0
4.136903310726095, 0.0
4.140140383404758, 0.0
4.133046322416193, 0.0
4.139486141317995, 0.0
4.144112213961487, 0.0
4.150035110329257, 0.0
4.182803424775076, 0.0
4.190744654477144, 0.0
4.215680663963053, 0.0
4.2243062934405575, 0.0
4.242164021246955, 0.0
4.262831938548652, 0.0
4.273813157828175, 0.0
4.277124539440349, 0.0
4.272622392824079, 0.0
4.279619382103303, 0.0
4.281382578857398, 0.0
4.300931486780117, 0.0
4.311742846894159, 0.0
4.316138383985758, 0.0
4.312204548852249, 0.0
4.323732763033745, 0.0
4.339163246216554, 0.0
4.353175429163614, 0.0
4.3821104346998645, 0.0
4.383406299614416, 0.0
4.396165373191154, 0.0
4.399363673243217, 0.0
4.405155239034075, 0.0
4.404070428916928, 0.0
4.411326662352318, 0.0
4.390630986931663, 0.0
4.383880678475413, 0.0
4.376801461788809, 0.0
4.332662749993975, 0.0
4.341891434171817, 0.0
4.323062678696268, 0.0
4.298508867639294, 0.0
4.295157740417238, 0.0
4.28653962674083, 0.0
4.261824595313032, 0.0
4.281829642622222, 0.0
4.271562573140339, 0.0
4.264589707615929, 0.0
4.292255854818583, 0.0
4.269733893380356, 0.0
4.290810063103126, 0.0
4.301133523564244, 0.0
4.284226567388903, 0.0
4.28981002097518, 0.0
4.306722168154407, 0.0
4.281541862207229, 0.0
4.288610069217718, 0.0
4.280756604454566, 0.0
4.283562750225335, 0.0
4.2796704512275365, 0.0
4.247989188724557, 0.0
4.236423234459382, 0.0
4.227883573219311, 0.0
4.215947149955623, 0.0
4.215430962523928, 0.0
4.221939892727274, 0.0
4.218262085797851, 0.0
4.209813875417709, 0.0
4.1795095477332245, 0.0
4.195891005195904, 0.0
4.210325753854449, 0.0
4.220328582799039, 0.0
4.2180264743085125, 0.0
4.219361520197468, 0.0
4.21347130690431, 0.0
4.218816145759075, 0.0
4.214334998155115, 0.0
4.207232418897575, 0.0
4.219835188585703, 0.0
4.2043402292495005, 0.0
4.179191661212525, 0.0
4.16632999408785, 0.0
4.175809885001331, 0.0
4.171182324507928, 0.0
4.162893968569696, 0.0
4.157115366269256, 0.0
4.160796869344113, 0.0
4.172786422830075, 0.0
4.177142457061741, 0.0
4.170943790586415, 0.0
4.166031123208278, 0.0
4.146661967826135, 0.0
4.1432715820308434, 0.0
4.152344174923025, 0.0
4.162768842340741, 0.0
4.154531601999659, 0.0
4.135575065760738, 0.0
4.1399091620574895, 0.0
4.123758230672985, 0.0
4.132880935328904, 0.0
4.155444480320523, 0.0
4.169150715063532, 0.0
4.183121022064286, 0.0
4.19426940438461, 0.0
4.189659690957416, 0.0
4.182840946979573, 0.0
4.194359225364827, 0.0
4.1992255207886515, 0.0
4.218629124813537, 0.0
4.211669484078293, 0.0
4.197654267502502, 0.0
4.202641976946948, 0.0
4.184801124893853, 0.0
4.17516746507602, 0.0
4.16554616994473, 0.0
4.181268673129827, 0.0
4.191108610270279, 0.0
4.200325798230649, 0.0
4.203429369024532, 0.0
4.220073255646466, 0.0
4.229194134676105, 0.0
4.219007137856872, 0.0
4.219131776782964, 0.0
4.20826783886075, 0.0
4.220211143451463, 0.0
4.209301704143739, 0.0
4.210208597131124, 0.0
4.195394519819697, 0.0
4.191537704362019, 0.0
4.204312469456394, 0.0
4.198421879307852, 0.0
4.206427049192312, 0.0
4.220132319585095, 0.0
4.248520646520758, 0.0
4.248023263451204, 0.0
4.258720067454718, 0.0
4.261292917922536, 0.0
4.271980501981107, 0.0
4.279386656013052, 0.0
4.2523448799291526, 0.0
4.270412543830283, 0.0
4.283026546123095, 0.0
4.286146391188683, 0.0
4.287488748460928, 0.0
4.284758812563149, 0.0
4.280627813145695, 0.0
4.2642765228125885, 0.0
4.267142661915093, 0.0
4.260237291927945, 0.0
4.272172796763922, 0.0
4.248597100913807, 0.0
4.233292122343701, 0.0
4.215576249423832, 0.0
4.193433447774835, 0.0
4.189141707362699, 0.0
4.192645186879874, 0.0
4.198609100645167, 0.0
4.177381063460906, 0.0
4.162607711306205, 0.0
4.138753381540241, 0.0
4.147176889236757, 0.0
4.137082980572239, 0.0
4.1352507969280925, 0.0
4.138002199451061, 0.0
4.144011544834553, 0.0
4.130279560056451, 0.0
4.122998340817843, 0.0
4.118190982581857, 0.0
4.132520247682992, 0.0
4.1386992107572125, 0.0
4.124645323946502, 0.0
4.144819435860303, 0.0
4.142511065030716, 0.0
4.1294535493705595, 0.0
4.115278568727026, 0.0
4.116145740104163, 0.0
4.109432750951329, 0.0
4.111486787656793, 0.0
4.079391857439051, 0.0
4.0793641869186, 0.0
4.082457601455327, 0.0
4.061873753681093, 0.0
4.0365119306147745, 0.0
4.031333629101617, 0.0
4.0059333538882225, 0.0
3.9957791416105133, 0.0
3.981134621247935, 0.0
3.9594518390810727, 0.0
3.9528434329170707, 0.0
3.937361975771676, 0.0
3.9255956737663853, 0.0
3.9204964136364415, 0.0
3.946637825785936, 0.0
3.937468514631594, 0.0
3.948615974916602, 0.0
3.9338528359275693, 0.0
3.9162045699636656, 0.0
3.9214162955888674, 0.0
3.927542870270873, 0.0
3.9096692548838243, 0.0
3.8985275553324827, 0.0
3.8697089734729375, 0.0
3.8403170895898198, 0.0
3.8265385246704278, 0.0
3.8162227782335627, 0.0
3.8242947988103237, 0.0
3.833007719888939, 0.0
3.8183441600829093, 0.0
3.8209184302636445, 0.0
3.8179480089112396, 0.0
3.8113525080631576, 0.0
3.8330213253242214, 0.0
3.8387000415189023, 0.0
3.8432269653774043, 0.0
3.8328958039696888, 0.0
3.8212300007854396, 0.0
3.8181614789810894, 0.0
3.824599909287734, 0.0
3.8107062779325167, 0.0
3.8107260951107613, 0.0
3.8174558880583818, 0.0
3.8255275637978814, 0.0
3.8254518794596484, 0.0
3.820291475476606, 0.0
3.8301675226937086, 0.0
3.826698005249437, 0.0
3.8323541892764417, 0.0
3.8369455869247604, 0.0
3.8442075314368322, 0.0
3.8460478010293278, 0.0
3.8444483893727117, 0.0
3.828035572183036, 0.0
3.8337121564023753, 0.0
3.844753701100484, 0.0
3.8343555616027345, 0.0
3.839231346139363, 0.0
3.858359231504496, 0.0
3.850693046198613, 0.0
3.855943462919619, 0.0
3.8700381665651697, 0.0
3.8916883233550066, 0.0
3.9020452284275478, 0.0
3.8771799223293906, 0.0
3.8718429004624992, 0.0
3.896967933617784, 0.0
3.917068883734011, 0.0
3.9264661336167093, 0.0
3.9475710104211963, 0.0
3.942014044780824, 0.0
3.934656617914853, 0.0
3.9177314382930097, 0.0
3.9071586802487395, 0.0
3.932182093054975, 0.0
3.9421018420207274, 0.0
3.951755886392367, 0.0
3.963493199751498, 0.0
3.961798128184141, 0.0
3.9672451694657433, 0.0
3.977406455086181, 0.0
3.9882108666725764, 0.0
4.013532593090799, 0.0
4.039013057319321, 0.0
4.053228504635187, 0.0
4.062342882756797, 0.0
4.066645872228778, 0.0
4.0472383369395475, 0.0
4.033581720776998, 0.0
4.036464270498075, 0.0
4.042942252347044, 0.0
4.045068611102621, 0.0
4.049714982176043, 0.0
4.049667116943329, 0.0
4.049119860556853, 0.0
4.059084894273641, 0.0
4.056790352205573, 0.0
4.070721327803482, 0.0
4.07268774455469, 0.0
4.075057574107649, 0.0
4.063664571452535, 0.0
4.081306131696889, 0.0
4.076900000865982, 0.0
4.078760088149322, 0.0
4.091146133121831, 0.0
4.081624875694123, 0.0
4.0819860441428215, 0.0
4.082502555769398, 0.0
4.101492633247005, 0.0
4.087067078452644, 0.0
4.100375944128233, 0.0
4.08908616580439, 0.0
4.086483154879875, 0.0
4.084134272147447, 0.0
4.063497610754089, 0.0
4.065405934006561, 0.0
4.052021327316838, 0.0
4.041604599410319, 0.0
4.026200468472625, 0.0
4.028068406319692, 0.0
4.0210112610120685, 0.0
4.02802423072183, 0.0
4.015164711054401, 0.0
4.001580807718769, 0.0
3.9953248281866074, 0.0
3.9888677552336347, 0.0
3.975363764117943, 0.0
3.95957445132544, 0.0
3.933596711360579, 0.0
3.9219659095397583, 0.0
3.904031759611565, 0.0
3.8799923130466736, 0.0
3.8699641305068107, 0.0
3.8550312675999194, 0.0
3.8540162784150382, 0.0
3.8464963772217926, 0.0
3.8622431648211104, 0.0
3.869239173961302, 0.0
3.8564650146423425, 0.0
3.842261501666777, 0.0
3.85335710949306, 0.0
3.8312254800548518, 0.0
3.8195909646139183, 0.0
3.826426339789596, 0.0
3.805701450615712, 0.0
3.7998809218058893, 0.0
3.7885076784825302, 0.0
3.7762960846292977, 0.0
3.776516221578433, 0.0
3.7583166956483325, 0.0
3.7325738336650245, 0.0
3.748916139482339, 0.0
3.745173094319699, 0.0
3.72632041836419, 0.0
3.7311478910281934, 0.0
3.7196325758143707, 0.0
3.704505761354752, 0.0
3.691920805007297, 0.0
3.711773620583382, 0.0
3.7185870875531153, 0.0
3.7298036662748806, 0.0
3.7219200727526536, 0.0
3.7287067698547744, 0.0
3.729488012714114, 0.0
3.72170456846942, 0.0
3.7216304579570667, 0.0
3.7419265584586734, 0.0
3.7586042417006196, 0.0
3.760443781492209, 0.0
3.7822115514013297, 0.0
3.7792006414086456, 0.0
3.7915162790768697, 0.0
3.7931177986307603, 0.0
3.804380533645457, 0.0
3.818726494876286, 0.0
3.8307119613110907, 0.0
3.820168223371175, 0.0
3.8150025003773096, 0.0
3.814092054033425, 0.0
3.8176151522004433, 0.0
3.814995347065672, 0.0
3.8034796382267624, 0.0
3.8192154461450754, 0.0
3.8319036851057304, 0.0
3.836839334658827, 0.0
3.8417674973451854, 0.0
3.8397188817625696, 0.0
3.8470620809811606, 0.0
3.8552404701816387, 0.0
3.8662377876701113, 0.0
3.885770313675819, 0.0
3.9136462884069787, 0.0
3.9400791867891045, 0.0
3.940412345145186, 0.0
3.9513652504015, 0.0
3.961505142572564, 0.0
3.991643615666842, 0.0
4.002347989641496, 0.0
4.0142049053733295, 0.0
4.027940978571456, 0.0
4.025916407042906, 0.0
4.025840997863725, 0.0
4.021769136505039, 0.0
4.025874931204893, 0.0
4.048143793524211, 0.0
4.064155661298181, 0.0
4.076822330839303, 0.0
4.097405148346539, 0.0
4.094685331433736, 0.0
4.090943250632156, 0.0
4.103229908643025, 0.0
4.1235808532214, 0.0
4.11652645141464, 0.0
4.13788577401668, 0.0
4.121654072524867, 0.0
4.118435546850177, 0.0
4.107620894898377, 0.0
4.092393106438516, 0.0
4.105256707730914, 0.0
4.106355788218652, 0.0
4.119996295379873, 0.0
4.101662585916953, 0.0
4.1133963388851, 0.0
4.1090809605835314, 0.0
4.116516842634409, 0.0
4.135583534011585, 0.0
4.13446621446555, 0.0
4.151342942105643, 0.0
4.14518637271558, 0.0
4.1473160317407105, 0.0
4.14738673964076, 0.0
4.172650087257828, 0.0
4.16509807990861, 0.0
4.166980213823647, 0.0
4.172023761187552, 0.0
4.15056959171186, 0.0
4.178675369164799, 0.0
4.180425090762021, 0.0
4.198613540877124, 0.0
4.210478434787198, 0.0
4.2069176603497995, 0.0
4.20000343422789, 0.0
4.206576222753258, 0.0
4.207675457482541, 0.0
4.2018948256937305, 0.0
4.211445112557799, 0.0
4.197506195329369, 0.0
4.205863692212096, 0.0
4.201994224091102, 0.0
4.19810970836035, 0.0
4.205634902642287, 0.0
4.205300290274785, 0.0
4.224526941294603, 0.0
4.241282772743119, 0.0
4.251331254871948, 0.0
4.251971103097823, 0.0
4.242313476634475, 0.0
4.2360147777788555, 0.0
4.241846326351259, 0.0
4.244675981576046, 0.0
4.245041925700678, 0.0
4.253917120699392, 0.0
4.248378453993579, 0.0
4.254266414050191, 0.0
4.269894301437508, 0.0
4.270627168893435, 0.0
4.279951821194465, 0.0
4.298409586688363, 0.0
4.295716980271375, 0.0
4.2990903517328025, 0.0
4.312460833981802, 0.0
4.315807570997223, 0.0
4.3036656868131855, 0.0
4.290930757812346, 0.0
4.281734369129505, 0.0
4.290485659422086, 0.0
4.307858494205197, 0.0
4.293199818491762, 0.0
4.303325109082297, 0.0
4.311002658104613, 0.0
4.314658548688574, 0.0
4.327753252798045, 0.0
4.3447911868568, 0.0
4.353840779417021, 0.0
4.346939679217694, 0.0
4.345732073922948, 0.0
4.332002851674998, 0.0
4.339342285376701, 0.0
4.360310392256075, 0.0
4.366697284753208, 0.0
4.351164933825196, 0.0
4.349460657196188, 0.0
4.346813013270424, 0.0
4.336320448067111, 0.0
4.3525399734096055, 0.0
4.366562148231255, 0.0
4.371737932782099, 0.0
4.371213416116728, 0.0
4.355289749262202, 0.0
4.352471177024313, 0.0
4.373351332782485, 0.0
4.376937434598368, 0.0
4.37884972770647, 0.0
4.386832735924264, 0.0
4.3781406725991765, 0.0
4.3670566490832545, 0.0
4.3750319905233575, 0.0
4.38482528603298, 0.0
4.382393495383121, 0.0
4.381425717993794, 0.0
4.367991310262348, 0.0
4.367644244788138, 0.0
4.371055120480962, 0.0
4.37900783558054, 0.0
4.389660919641978, 0.0
4.396936049683898, 0.0
4.3909935431225335, 0.0
4.3883757627125695, 0.0
4.397011864884299, 0.0
4.3930348109799855, 0.0
4.394359834138266, 0.0
4.395785500333976, 0.0
4.400086287073396, 0.0
4.39417399214781, 0.0
4.3894204753608355, 0.0
4.38067769077581, 0.0
4.380375085019616, 0.0
4.381353094344673, 0.0
4.379788351426951, 0.0
4.398646336045454, 0.0
4.407215460728226, 0.0
4.400916468471398, 0.0
4.393284120350105, 0.0
4.408992222029085, 0.0
4.416439956686654, 0.0
4.427192658054478, 0.0
4.429420677921442, 0.0
4.436386654533676, 0.0
4.4346761553042855, 0.0
4.429790520848228, 0.0
4.446247162982783, 0.0
4.453159387405007, 0.0
4.442719853814088, 0.0
4.434066179578703, 0.0
4.4383973842277475, 0.0
4.4435038496157455, 0.0
4.454889947143713, 0.0
4.4457639785378635, 0.0
4.44498861414413, 0.0
4.448075133167765, 0.0
4.425059652066927, 0.0
4.418349527386665, 0.0
4.428492755258922, 0.0
4.4203516902037325, 0.0
4.4247111864485955, 0.0
4.427731542767499, 0.0
4.435536187799675, 0.0
4.44326885391583, 0.0
4.435819180240817, 0.0
4.42534441651835, 0.0
4.441117396372028, 0.0
4.446659538161249, 0.0
4.461454675221871, 0.0
4.465335212173288, 0.0
4.45434669912914, 0.0
4.435299689823256, 0.0
4.421378914902529, 0.0
4.409187211215767, 0.0
4.438792309006106, 0.0
4.432819814071692, 0.0
4.419762714073664, 0.0
4.402588111632104, 0.0
4.379767365117764, 0.0
4.379778314751331, 0.0
4.3672624212174, 0.0
4.391981260303507, 0.0
4.380719089671611, 0.0
4.373075996915574, 0.0
4.346987157732723, 0.0
4.363863673224455, 0.0
4.354010985757138, 0.0
4.36168191634153, 0.0
4.35508699340795, 0.0
4.360898966550402, 0.0
4.353123064493071, 0.0
4.3321594746933805, 0.0
4.322949726154376, 0.0
4.333855302921705, 0.0
4.335919550951457, 0.0
4.304155298198316, 0.0
4.316071757358879, 0.0
4.3146948269701, 0.0
4.310311647089651, 0.0
4.300691709857489, 0.0
4.29997479899923, 0.0
4.292729422482852, 0.0
4.292200722768507, 0.0
4.289684248190007, 0.0
4.270509631129366, 0.0
4.282891197885017, 0.0
4.269206295006683, 0.0
4.2562607968901, 0.0
4.271519283416696, 0.0
4.256780564784256, 0.0
4.268618687017471, 0.0
4.2688456642561015, 0.0
4.257852839831017, 0.0
4.252535117396122, 0.0
4.2482024983589675, 0.0
4.248074563648383, 0.0
4.257538269927318, 0.0
4.268434018393281, 0.0
4.238165011381804, 0.0
4.246630716820367, 0.0
4.24427997307078, 0.0
4.226763288209886, 0.0
4.2449045185214205, 0.0
4.237863480420807, 0.0
4.242395611252377, 0.0
4.231590878576424, 0.0
4.219196377956969, 0.0
4.222676591862793, 0.0
4.242480491976595, 0.0
4.22942752969379, 0.0
4.230415218000954, 0.0
4.244174021906504, 0.0
4.2319108553610185, 0.0
4.218044035367312, 0.0
4.2277726591257725, 0.0
4.217788558112556, 0.0
4.210680512292258, 0.0
4.20814026006376, 0.0
4.1955035801065685, 0.0
4.183599541390993, 0.0
4.1587214909692145, 0.0
4.1719816782869, 0.0
4.176641873576569, 0.0
4.188611444759694, 0.0
4.166162598793155, 0.0
4.173372541501193, 0.0
4.15593192467656, 0.0
4.1354071345636685, 0.0
4.131547363107961, 0.0
4.1380804374058, 0.0
4.164376735660609, 0.0
4.147091061130891, 0.0
4.129661569548643, 0.0
4.124476010769423, 0.0
4.133571782207252, 0.0
4.122526898719999, 0.0
4.130952359309224, 0.0
4.138050946676116, 0.0
4.1344753526655005, 0.0
4.133052439060994, 0.0
4.121490666761713, 0.0
4.113385361933854, 0.0
4.109751620086149, 0.0
4.092249221752375, 0.0
4.076927215675233, 0.0
4.061219657741933, 0.0
4.063211520946617, 0.0
4.049785576733785, 0.0
4.047715054457182, 0.0
4.043360182883435, 0.0
4.037503107602144, 0.0
4.039573956251317, 0.0
4.023778021444549, 0.0
4.02163271902444, 0.0
4.025288699338602, 0.0
4.039729977103525, 0.0
4.03198243802339, 0.0
4.021689091545866, 0.0
4.01234553104168, 0.0
4.003724994426963, 0.0
3.9880237372339273, 0.0
3.987347086415774, 0.0
4.005446646867076, 0.0
4.012657752343293, 0.0
4.004838949211441, 0.0
3.989505773506386, 0.0
3.977547441756735, 0.0
3.974281027506458, 0.0
3.981381586224489, 0.0
3.9847829901655496, 0.0
3.969341616878251, 0.0
3.9661192150939626, 0.0
3.95850601354446, 0.0
3.9544087176869893, 0.0
3.940825206494938, 0.0
3.9429870970742584, 0.0
3.9516387738393197, 0.0
3.948276518271025, 0.0
3.9414357510978726, 0.0
3.9349431299931084, 0.0
3.9450221525826605, 0.0
3.930170192676558, 0.0
3.931883006466427, 0.0
3.946798687804585, 0.0
3.971492690042082, 0.0
3.963031785499782, 0.0
3.955258252774834, 0.0
3.95256246624238, 0.0
3.9561044168318134, 0.0
3.9608345447920064, 0.0
3.9741761375411633, 0.0
3.9710990267324013, 0.0
3.966127412471046, 0.0
3.9537032377481403, 0.0
3.944167177715285, 0.0
3.952313899055077, 0.0
3.957542249976238, 0.0
3.9595495865965233, 0.0
3.973652852184716, 0.0
3.9636409491453053, 0.0
3.94163889235717, 0.0
3.9483347702324756, 0.0
3.9460118844150713, 0.0
3.9251511115182693, 0.0
3.9204838506433126, 0.0
3.931038616539665, 0.0
3.9305331375772177, 0.0
3.9306430414102245, 0.0
3.940980332206282, 0.0
3.93984804265422, 0.0
3.9411354559386687, 0.0
3.9305216440529547, 0.0
3.9510394380846328, 0.0
3.9700793899906976, 0.0
3.9732829448197675, 0.0
3.9725134515419556, 0.0
3.9704952963390587, 0.0
3.9834209523920747, 0.0
3.9624713027099583, 0.0
3.9732864671210337, 0.0
3.9844012836954774, 0.0
3.9882593509575, 0.0
3.9708932648683715, 0.0
3.9626028887153177, 0.0
3.9682514578899677, 0.0
3.9641931188825046, 0.0
3.969202124487532, 0.0
3.963778732684088, 0.0
3.948428887482957, 0.0
3.9465942761912123, 0.0
3.951950544354358, 0.0
3.9630934005096443, 0.0
3.9487325454727285, 0.0
3.9604787470562983, 0.0
3.9590017251487177, 0.0
3.948181020688774, 0.0
3.95320290927271, 0.0
3.9638525257952653, 0.0
3.976273198482508, 0.0
3.979161586574834, 0.0
3.97889258985256, 0.0
3.9854650966067817, 0.0
3.9918467639786805, 0.0
3.9858101248710844, 0.0
3.985707030655118, 0.0
3.9907422140607656, 0.0
3.9970496942471585, 0.0
3.9927650251149087, 0.0
4.023035348699145, 0.0
4.028895854888828, 0.0
4.0551973361262155, 0.0
4.045810033014982, 0.0
4.0642543026413795, 0.0
4.082626050120621, 0.0
4.0804851999974385, 0.0
4.09659563722842, 0.0
4.1104532805271905, 0.0
4.1157627602134585, 0.0
4.097188645076754, 0.0
4.1143164801152246, 0.0
4.108939042246431, 0.0
4.124015104342289, 0.0
4.1364666567165065, 0.0
4.1201885784790555, 0.0
4.132811995825184, 0.0
4.1584753553284255, 0.0
4.168676014209672, 0.0
4.170837721983366, 0.0
4.171083719260705, 0.0
4.155403458932939, 0.0
4.144167392810816, 0.0
4.130481172657026, 0.0
4.126694228293949, 0.0
4.142822625600035, 0.0
4.13710642445746, 0.0
4.134911995725162, 0.0
4.122793703941275, 0.0
4.126421405459576, 0.0
4.143056609580469, 0.0
4.16204285768914, 0.0
4.18517614207222, 0.0
4.191486442349744, 0.0
4.213736152040484, 0.0
4.225766336352817, 0.0
4.239225545932594, 0.0
4.248011941603807, 0.0
4.265555794502895, 0.0
4.280049119602796, 0.0
4.271166703946038, 0.0
4.264477883991455, 0.0
4.235829648292041, 0.0
4.2495494169447054, 0.0
4.233318621838606, 0.0
4.231017604919058, 0.0
4.21920462183022, 0.0
4.214585241890151, 0.0
4.194508713646471, 0.0
4.186489273956066, 0.0
4.193293641887006, 0.0
4.182828978889792, 0.0
4.20834860847547, 0.0
4.198205176472294, 0.0
4.207779349243719, 0.0
4.194804403496348, 0.0
4.209227049121099, 0.0
4.187795314227213, 0.0
4.189379239506775, 0.0
4.177724548155297, 0.0
4.181549479814421, 0.0
4.179361151158276, 0.0
4.155001591105291, 0.0
4.154010201820722, 0.0
4.1305421022092865, 0.0
4.134197557326067, 0.0
4.11438143088626, 0.0
4.117841060078455, 0.0
4.125874201639695, 0.0
4.13048989394621, 0.0
4.10745653256423, 0.0
4.1020782454069025, 0.0
4.10262903219826, 0.0
4.109279609478555, 0.0
4.10824694222693, 0.0
4.095059490590922, 0.0
4.097568333584979, 0.0
4.085116275180075, 0.0
4.076041712952019, 0.0
4.074000767087834, 0.0
4.075435415173766, 0.0
4.098144157732938, 0.0
4.090786203413335, 0.0
4.087048021976957, 0.0
4.089040939065019, 0.0
4.1089625153046345, 0.0
4.110656251561628, 0.0
4.10353702512838, 0.0
4.083507562464336, 0.0
4.080688605515891, 0.0
4.078382132464511, 0.0
4.058555020904179, 0.0
4.0728871653452305, 0.0
4.0774229745363915, 0.0
4.07274013552398, 0.0
4.063318387403317, 0.0
4.054540856213014, 0.0
4.061533414732613, 0.0
4.0625293232534645, 0.0
4.048058058246722, 0.0
4.058271787354974, 0.0
4.063415211645191, 0.0
4.058848501881625, 0.0
4.053995017521837, 0.0
4.066304196276503, 0.0
4.071906411891351, 0.0
4.077946899174433, 0.0
4.072034296584983, 0.0
4.074055173440168, 0.0
4.076585617329405, 0.0
4.0786186536284355, 0.0
4.090924558533566, 0.0
4.090495461728312, 0.0
4.070454270586374, 0.0
4.056534001620653, 0.0
4.038023091902168, 0.0
4.05113209571379, 0.0
4.05877959221455, 0.0
4.062432001221611, 0.0
4.082219692850077, 0.0
4.066067194688996, 0.0
4.044769519985616, 0.0
4.045320446343806, 0.0
4.0418052892617595, 0.0
4.039800933860792, 0.0
4.050670037610258, 0.0
4.027861261621612, 0.0
4.027114110523896, 0.0
4.021802463335501, 0.0
4.005816980873691, 0.0
3.9975180391659877, 0.0
3.9963560808883516, 0.0
3.9824566201664746, 0.0
3.9897033686541854, 0.0
3.976021472521899, 0.0
3.945654639561134, 0.0
3.9527160381918724, 0.0
3.9407396096501683, 0.0
3.9343568418397723, 0.0
3.938487815502127, 0.0
3.9292175915286585, 0.0
3.9230384192453145, 0.0
3.9132243901272523, 0.0
3.918659336423133, 0.0
3.931962726587001, 0.0
3.9462122375529107, 0.0
3.949156700920196, 0.0
3.935989927834001, 0.0
3.9302950006691484, 0.0
3.9032474958362124, 0.0
3.927248480154855, 0.0
3.914919811370133, 0.0
3.9266743993481783, 0.0
3.91600017054378, 0.0
3.9123181179072413, 0.0
3.9029691566714226, 0.0
3.8790095751542273, 0.0
3.8972506388347257, 0.0
3.900941253520446, 0.0
3.9248627210369067, 0.0
3.918454474124092, 0.0
3.9314497923013882, 0.0
3.9327433319414107, 0.0
3.9274390245147166, 0.0
3.9104664961418485, 0.0
3.9200903867737424, 0.0
3.9298709490386714, 0.0
3.9250133777157723, 0.0
3.9346048164825405, 0.0
3.922192886951913, 0.0
3.915218815921583, 0.0
3.9080285403731407, 0.0
3.8881238196710086, 0.0
3.8848563851648095, 0.0
3.8918541219089398, 0.0
3.8931406280391783, 0.0
3.896365761940283, 0.0
3.8827518685658773, 0.0
3.8743453441152917, 0.0
3.874123579042167, 0.0
3.8742281409544406, 0.0
3.880479695935373, 0.0
3.8883010174836095, 0.0
3.9046118728727315, 0.0
3.912477316130178, 0.0
3.904826123647343, 0.0
3.9000526115428054, 0.0
3.9153557954781695, 0.0
3.916190568159147, 0.0
3.9073038310221526, 0.0
3.905215035330252, 0.0
3.9057831235435962, 0.0
3.916963206998537, 0.0
3.911251717697522, 0.0
3.923280948379997, 0.0
3.9216965564783677, 0.0
3.9299572114969963, 0.0
3.92961595177527, 0.0
3.9338172780173055, 0.0
3.947911216010142, 0.0
3.9631255016291034, 0.0
3.965316035152413, 0.0
3.9585738136161615, 0.0
3.963800025739374, 0.0
3.960089987448504, 0.0
3.973298925847428, 0.0
3.9830210152326293, 0.0
3.9764792521273824, 0.0
3.971257447258347, 0.0
3.9761590524833137, 0.0
3.9655843767092542, 0.0
3.97843695313219, 0.0
3.9853367166070095, 0.0
3.9887931789415596, 0.0
3.9911988610246754, 0.0
3.986152507579625, 0.0
3.9791911679758463, 0.0
3.991928074057153, 0.0
3.995909742930242, 0.0
3.995946547903627, 0.0
3.9961063798532677, 0.0
3.981890567194077, 0.0
4.000255141457332, 0.0
4.015732355797793, 0.0
3.9972015987642884, 0.0
3.9971010476073103, 0.0
3.992196751277929, 0.0
3.988746631452345, 0.0
3.9885399318654633, 0.0
4.001950791791519, 0.0
4.014612979104514, 0.0
4.015903507172575, 0.0
4.011140355261075, 0.0
3.9935466379426416, 0.0
4.001892321901943, 0.0
4.018353403880506, 0.0
4.010565969636259, 0.0
4.010764425077791, 0.0
4.0239024862001695, 0.0
4.01938442414791, 0.0
4.004833342986682, 0.0
4.004951297355886, 0.0
3.9811112091101757, 0.0
3.970759883214569, 0.0
3.984163819782008, 0.0
3.9601304679983707, 0.0
3.960813402292291, 0.0
3.956605568207177, 0.0
3.9410997329106676, 0.0
3.9326991799386137, 0.0
3.9275776231357904, 0.0
3.920438129891599, 0.0
3.934518505391375, 0.0
3.933896058790822, 0.0
3.925996595807617, 0.0
3.9279886595422746, 0.0
3.9372804542544335, 0.0
3.936415955152986, 0.0
3.9409724363338485, 0.0
3.931477643553985, 0.0
3.932345000261995, 0.0
3.9322793638671705, 0.0
3.919439180112711, 0.0
3.9302914610644906, 0.0
3.917974083463444, 0.0
3.905725433106543, 0.0
3.891980773938454, 0.0
3.873338344964875, 0.0
3.8780934385863617, 0.0
3.885886829758622, 0.0
3.8893329493252105, 0.0
3.901190817968422, 0.0
3.907969529116874, 0.0
3.8766427210592362, 0.0
3.8705310423108736, 0.0
3.8765210147025284, 0.0
3.871516186021977, 0.0
3.8792132644308985, 0.0
3.853951427817813, 0.0
3.833789295545512, 0.0
3.8334927643430285, 0.0
3.822759659748635, 0.0
3.8053091671936463, 0.0
3.8240351141803757, 0.0
3.8317004589136765, 0.0
3.8319346923271196, 0.0
3.8283058513967303, 0.0
3.8254648683310135, 0.0
3.8322851609511126, 0.0
3.830486304246535, 0.0
3.809759107316091, 0.0
3.7982618163744943, 0.0
3.8091511868961994, 0.0
3.8089574662481724, 0.0
3.8086091711199854, 0.0
3.7939276696514765, 0.0
3.8002597882722666, 0.0
3.8064771549440337, 0.0
3.7964199268716, 0.0
3.8190291010170236, 0.0
3.8403201188170732, 0.0
3.828260664943611, 0.0
3.820954543690385, 0.0
3.8172898201542766, 0.0
3.82024049497565, 0.0
3.8341425025675817, 0.0
3.828330904732655, 0.0
3.829651605814307, 0.0
3.847198951183568, 0.0
3.8267415206851196, 0.0
3.8191256482501297, 0.0
3.842530322509602, 0.0
3.8570911852350322, 0.0
3.8553422488984466, 0.0
3.853871511860951, 0.0
3.858450548293799, 0.0
3.8695692587643884, 0.0
3.8613107217070266, 0.0
3.8606778493567524, 0.0
3.850164923972593, 0.0
3.8544808505295824, 0.0
3.865212064626733, 0.0
3.870189812863464, 0.0
3.8724247352666255, 0.0
3.8732465161931104, 0.0
3.8787065968125205, 0.0
3.874484208436182, 0.0
3.898128905834696, 0.0
3.8994947066313004, 0.0
3.9147487166141914, 0.0
3.917125035479148, 0.0
3.9122400098283827, 0.0
3.903162887803451, 0.0
3.9138459441279876, 0.0
3.9261480091484477, 0.0
3.91825815952284, 0.0
3.9287592379161276, 0.0
3.92424539005547, 0.0
3.9308477171208116, 0.0
3.951162778908666, 0.0
3.9578996719392463, 0.0
3.9503520535850543, 0.0
3.9663100465516195, 0.0
3.965037247521446, 0.0
3.9600369182514052, 0.0
3.953456359392132, 0.0
3.9660834735555723, 0.0
3.9687935896819746, 0.0
3.9683753932595294, 0.0
3.9632937912431117, 0.0
3.9616534996661286, 0.0
3.9719304023422857, 0.0
3.9653363899669936, 0.0
3.9736470897088423, 0.0
3.985210722305986, 0.0
4.005445950310697, 0.0
3.9959721613082153, 0.0
3.9830122812041457, 0.0
3.9648532302016006, 0.0
3.961180395480895, 0.0
3.963243721463267, 0.0
3.961048375768052, 0.0
3.9592395121889212, 0.0
3.9581926229627262, 0.0
3.9429018518803276, 0.0
3.9484224835260884, 0.0
3.9402794506273437, 0.0
3.945993296390442, 0.0
3.9663108812282752, 0.0
3.984254188897304, 0.0
3.977819611479691, 0.0
3.9992809190430463, 0.0
4.005727733152758, 0.0
4.007552191371377, 0.0
4.013912478751382, 0.0
4.017736033824335, 0.0
4.0243568678611705, 0.0
4.036038842781895, 0.0
4.0281733965094935, 0.0
4.012601304758947, 0.0
4.009703719431976, 0.0
3.985305979597057, 0.0
3.97666373788915, 0.0
3.9795334797766015, 0.0
3.9903283570855748, 0.0
3.99360508299077, 0.0
3.9936972919743234, 0.0
3.9919487160704876, 0.0
3.99760919120925, 0.0
4.001535664918083, 0.0
4.012666055917517, 0.0
4.022143174489185, 0.0
4.011915995827372, 0.0
3.9989150545368104, 0.0
3.970325992108658, 0.0
3.9608676189738836, 0.0
3.967116847901308, 0.0
3.9732824029927967, 0.0
3.9655150760947633, 0.0
3.9638207076012137, 0.0
3.973892656938203, 0.0
3.986803068436373, 0.0
4.000212880096415, 0.0
4.011838097816682, 0.0
4.0437667789361615, 0.0
4.037062894086953, 0.0
4.029138042020088, 0.0
4.011805939887788, 0.0
4.030295932737021, 0.0
4.025611291965879, 0.0
4.023536153262786, 0.0
4.01557893391805, 0.0
4.0196346484470435, 0.0
4.010428340780718, 0.0
3.993952070471125, 0.0
4.001388477119393, 0.0
4.019786671314916, 0.0
4.025163280396635, 0.0
4.009147462429274, 0.0
4.005325477815539, 0.0
3.9928947265015338, 0.0
3.986474973945106, 0.0
3.977018187384293, 0.0
3.9660226923921855, 0.0
3.976346549041586, 0.0
3.974274053734392, 0.0
3.971480864661946, 0.0
3.9698131727953636, 0.0
3.981317807443633, 0.0
3.992398703027752, 0.0
3.983804011094827, 0.0
3.9890301862082183, 0.0
4.0041224500041235, 0.0
4.021726640573979, 0.0
4.009877881412556, 0.0
4.014199308007504, 0.0
3.9966913865269524, 0.0
3.9914968365459997, 0.0
3.9888844895601103, 0.0
3.972912858080394, 0.0
3.986206170004447, 0.0
3.98099131922098, 0.0
3.960545388537985, 0.0
3.971213175801471, 0.0
3.977669292045949, 0.0
3.984418152069842, 0.0
3.985356338868494, 0.0
4.012653095622554, 0.0
4.010477052925782, 0.0
4.029750888080086, 0.0
4.037828247802822, 0.0
4.037595138174526, 0.0
4.03601413466897, 0.0
4.025749855653407, 0.0
4.0300194716336515, 0.0
4.018130209070728, 0.0
4.0254146066325855, 0.0
3.989722884587951, 0.0
3.996047406129924, 0.0
3.99136362871755, 0.0
3.9751215860971145, 0.0
3.961089889152027, 0.0
3.969980902212685, 0.0
3.9824965340630554, 0.0
3.961034000931309, 0.0
3.955239470859129, 0.0
3.9364789786678864, 0.0
3.9495740661347085, 0.0
3.9381018227168925, 0.0
3.9397933864807917, 0.0
3.932771212347393, 0.0
3.9286652357282486, 0.0
3.93558252828412, 0.0
3.9164723574850315, 0.0
3.945007728723506, 0.0
3.9485250379700227, 0.0
3.9533353363809356, 0.0
3.956404055074798, 0.0
3.974652328353261, 0.0
3.9739282226888535, 0.0
3.9874159004833074, 0.0
4.010153737972643, 0.0
4.012950874964739, 0.0
4.022112044941247, 0.0
3.994252662123222, 0.0
4.004146036076755, 0.0
4.01147683106093, 0.0
4.00333543994437, 0.0
3.984602330513116, 0.0
3.978942513407101, 0.0
p_std: 5.00, v_std: 5.00