v_std: 0.38, layout: hourglass, intruder: nonflocker, stepcount: 1500 
p_std, ratio
0,0.9864566836313821,335.7777582359182
1,0.9836702726795921,335.7759785932641
2,0.9888067910991293,335.7738788091759
3,0.985106736197239,335.7701564824647
4,0.9869173237767523,335.7650700010892
5,0.9859142882091024,335.7586384428925
6,0.9824772539649025,335.7504397949528
7,0.9847995596045441,335.7423469595779
8,0.9835541521229672,335.7308199669658
9,0.992904829378686,335.7188944343214
10,0.9880140377211973,335.7053128764521
11,0.9907102521807549,335.69164975084067
12,0.988138528438954,335.6766938618069
13,0.9918506122775067,335.660298438229
14,0.991893012042109,335.6405332702976
15,0.9895217367653261,335.6232645517314
16,0.9940007443435471,335.6015062060516
17,0.993165376774329,335.57939109824054
18,0.9983136314715133,335.5583683193017
19,0.9995398572889421,335.53461056415006
20,0.9955823119383926,335.5145356315015
