v_std: 0.22, layout: hourglass, intruder: nonflocker, stepcount: 1500 
p_std, ratio
0,0.9628568027090381,335.7769309416781
1,0.9626289231898726,335.7762149112619
2,0.9609922221949093,335.77408072936043
3,0.9617487698993417,335.77001839234555
4,0.9642697176744778,335.7652327363546
5,0.9602876204330932,335.75888475513864
6,0.9668504034228161,335.75182453280894
7,0.9691688042189103,335.74074045335726
8,0.9651734678968534,335.7311547187153
9,0.9670603633459363,335.7180073415454
10,0.9671034528051032,335.7060836298481
11,0.9751548383440022,335.69126890439986
12,0.9714977411976352,335.6757899194536
13,0.9702821187579177,335.6598580396645
14,0.9730035478546046,335.6424556516364
15,0.9758166714014724,335.62224475572
16,0.9880138743270035,335.6012013383043
17,0.9861683508514292,335.5811440798491
18,0.9879547602821888,335.56030971008545
19,0.9901706012515047,335.5399529619229
20,0.9914073401468307,335.51370196762997
