v_std: 0.16, layout: hourglass, intruder: nonflocker, stepcount: 1500 
p_std, ratio
0,0.928183420572593,335.7765400367406
1,0.9269133436757757,335.7760003405766
2,0.9305876602054464,335.7746699843053
3,0.929034688152144,335.77031351833597
4,0.9351524671816015,335.76463084927474
5,0.9295955586382518,335.7587028517801
6,0.9367826254678738,335.75015089948016
7,0.932229700575396,335.74117527361574
8,0.9436445671324775,335.7299416088559
9,0.9403379272286422,335.7192159413465
10,0.9503795930513365,335.7060586781745
11,0.9476452025244583,335.690705921184
12,0.9527284638944289,335.67587099519085
13,0.9570241176499797,335.65832025841183
14,0.9603227651317098,335.64145972472966
15,0.964540347697417,335.62305346666
16,0.9717701373510846,335.60212489672324
17,0.979533430362346,335.58026219423175
18,0.9825632594262436,335.56003404225055
19,0.9841448236859648,335.5349126475044
20,0.9856636410539641,335.51407588960564
