v_std: 0.06, layout: hourglass, intruder: nonflocker, stepcount: 1500 
p_std, ratio
0,0.6841648333990764,335.77689385643527
1,0.6858142987399649,335.7761447803137
2,0.6869801037898683,335.77373483897287
3,0.6895900635929141,335.77020132719963
4,0.6989174911252051,335.76552028627066
5,0.7029937689950595,335.7587133816222
6,0.7112453329218554,335.7501382244678
7,0.7191766130385229,335.74242402275127
8,0.7358508233670706,335.730215285804
9,0.7445367424511647,335.7190632458613
10,0.759030585440553,335.7043486915248
11,0.7764953953478484,335.69158168746253
12,0.7952289659638297,335.67768595697567
13,0.8119946924566344,335.65926821091097
14,0.8293372485857686,335.6405606408387
15,0.8487248477080859,335.6231866805424
16,0.8697208745849901,335.6026790831773
17,0.8889229416616257,335.5818836761052
18,0.9086659070204179,335.55802035073646
19,0.9308005348533529,335.5378898620054
20,0.9548710813083562,335.5130297517914
