v_std: 0.30, layout: hourglass, intruder: nonflocker, stepcount: 1500 
p_std, ratio
0,0.9735144165506838,335.7767946952984
1,0.974748144206043,335.77652233837557
2,0.9821122167843928,335.7733381716086
3,0.9804958819798304,335.7702586245552
4,0.977276864318919,335.7655580186388
5,0.9744859152559241,335.75763381455556
6,0.9779011606839703,335.7499135713673
7,0.9817014434351944,335.74139671686225
8,0.9786412805701367,335.73056134473893
9,0.9839039224854292,335.7181024300186
10,0.9806808173634918,335.70652208988145
11,0.9797871605179082,335.69067475732373
12,0.9860825324382778,335.6756803549022
13,0.9882221275953229,335.6593418496572
14,0.9918046820139534,335.6400451528542
15,0.9843742023126397,335.62238951040564
16,0.985802649493192,335.6008000678447
17,0.9939574479446102,335.5808954733018
18,0.9925685957844017,335.55946465332994
19,0.9973169708451712,335.53484669897244
20,0.99628571398851,335.51369443996145
