v_std: 0.04, layout: hourglass, intruder: nonflocker, stepcount: 1500 
p_std, ratio
0,0.5235875139419205,335.7768394835282
1,0.5252989762191468,335.77620838170725
2,0.528038432261901,335.77400110681464
3,0.5336557602122166,335.7701084448732
4,0.5440516853625637,335.7651250285962
5,0.5581658561769854,335.75865527977226
6,0.5710803774713015,335.75104006302695
7,0.5877233907312418,335.74156697906153
8,0.6035715489704335,335.7308568373135
9,0.6254674444384053,335.7176990025766
10,0.6467371574359956,335.70561457038826
11,0.6694249348772766,335.69200792265246
12,0.6959579577827448,335.6754620389523
13,0.7169163908343634,335.6584602479178
14,0.7451756010025433,335.638958446437
15,0.7729770751656598,335.62335561690236
16,0.8048931421052439,335.6024096141688
17,0.8331037266395672,335.5815208889138
18,0.8635140374979353,335.5598584372923
19,0.8914250893282497,335.5378264634908
20,0.9271096698245364,335.51508386882347
