v_std: 0.10, layout: hourglass, intruder: nonflocker, stepcount: 1500 
p_std, ratio
0,0.8407617731624577,335.7768510660074
1,0.8458877227044432,335.77624530352665
2,0.8465054717109143,335.7738901208894
3,0.8422717469092345,335.7702917808901
4,0.8500285086595305,335.7654221970015
5,0.8516607585520264,335.75881184400424
6,0.8613987587029582,335.7504481407826
7,0.8651852235241702,335.7410423127598
8,0.8681852649110361,335.7311390312334
9,0.8772654973300604,335.7196193193486
10,0.8805381970332327,335.7054838402605
11,0.8908468825429409,335.6909302792382
12,0.8947661870043396,335.67691125555615
13,0.9051458452662496,335.65961776863196
14,0.9125193826983696,335.64012799284546
15,0.923293419299561,335.6216059919114
16,0.9370651471002723,335.60278854500945
17,0.9472847469459524,335.5807850393221
18,0.953090438107156,335.55891631245095
19,0.9632817302988285,335.53764236652756
20,0.9737185311890177,335.5146146714399
