v_std: 0.40, layout: hourglass, intruder: nonflocker, stepcount: 1500 
p_std, ratio
0,0.9877460656241036,335.77636797278564
1,0.9873554806889144,335.77610960006535
2,0.9876100382595936,335.77349456529635
3,0.9859337633989022,335.7701948147789
4,0.9872247441633432,335.7656344828932
5,0.9892476494711344,335.75896817858074
6,0.989603347078537,335.7504036133287
7,0.9867363463400494,335.74192167793217
8,0.990940145842033,335.7306516105706
9,0.9899961841867455,335.718241037564
10,0.9898673370617739,335.7068789618855
11,0.9909674655491338,335.69166840443194
12,0.993914155217845,335.67606266111926
13,0.9911783193544993,335.6580438212741
14,0.9884135542275722,335.63996654887956
15,0.9894762134371733,335.6213589874098
16,0.9957491408880468,335.60146535956335
17,0.9961185762881657,335.58156401342615
18,0.9959171476512023,335.5591867054585
19,0.995525339133537,335.5377041415331
20,0.9929931540874606,335.51336466831714
