v_std: 0.24, layout: hourglass, intruder: nonflocker, stepcount: 1500 
p_std, ratio
0,0.9660115292090894,335.77703272093026
1,0.966511480612594,335.7762712186529
2,0.9657710253081266,335.77368525349294
3,0.9652382608881426,335.7698955931163
4,0.9696529751793999,335.76530512490444
5,0.9650193032545245,335.7587144481999
6,0.9659207198630515,335.7512733239825
7,0.9717841171938624,335.74150188262104
8,0.9681917425838181,335.73083049460905
9,0.9705202843875343,335.7192509635135
10,0.9696841129228391,335.70556265381293
11,0.9789075177230011,335.6911241071537
12,0.9826096185747534,335.6742518847242
13,0.983950752001391,335.65980969695926
14,0.9786225999080317,335.641598899099
15,0.9813455854595469,335.62102012691923
16,0.986176798030392,335.60123095159884
17,0.9895917045109975,335.58242091734115
18,0.9874865140075146,335.56004494909234
19,0.9921683296787762,335.53744792074906
20,0.9931367958876103,335.512748141775
