v_std: 0.08, layout: hourglass, intruder: nonflocker, stepcount: 1500 
p_std, ratio
0,0.7834654241003076,335.7768461161645
1,0.7842204850967902,335.7762563243872
2,0.7856886048249572,335.774066850548
3,0.7873971257243436,335.7699104958443
4,0.7924034177423862,335.76474497362045
5,0.7964696401927809,335.7582514628829
6,0.8020122321063244,335.75116507996313
7,0.8116996003088385,335.74122556870105
8,0.8122455561672223,335.7308563460952
9,0.8308207962411378,335.71949261382474
10,0.8342321789877899,335.70565074175175
11,0.8432193413887397,335.6912023521741
12,0.8590202995908081,335.6745505075692
13,0.8653896837610981,335.65811742294096
14,0.8805846204625134,335.64153805265556
15,0.8936808078849046,335.6203443819857
16,0.9063986672364804,335.6022811308856
17,0.9258986058477018,335.5811075890759
18,0.9369348904162575,335.55808148076034
19,0.9501611982688706,335.5369852272812
20,0.9683577828176851,335.5152918156628
