v_std: 0.34, layout: hourglass, intruder: nonflocker, stepcount: 1500 
p_std, ratio
0,0.9794138695901411,335.776816510787
1,0.981136723765833,335.7759138031024
2,0.9862639438335077,335.77403518484516
3,0.9840436047029146,335.77068481398817
4,0.9808357864813197,335.76476852413447
5,0.9804410230442966,335.7583090480708
6,0.9806291092118757,335.75019609264376
7,0.9866594620640159,335.7415051584153
8,0.9826293869772669,335.7313468093341
9,0.9847077279585464,335.7189098057867
10,0.9855561539861262,335.70462728941857
11,0.9861082223044835,335.6906938193452
12,0.988061913419923,335.6747174182492
13,0.9907369638390748,335.6585348704
14,0.9908583974757014,335.64242099550404
15,0.9886862898118597,335.62304373231945
16,0.9911718867188201,335.60212700773894
17,0.9925147286209277,335.58108560117796
18,0.9968506844592044,335.5580825200586
19,0.9969572154228112,335.53724854313543
20,0.9940693453201053,335.5137697954007
