v_std: 0.12, layout: hourglass, intruder: nonflocker, stepcount: 1500 
p_std, ratio
0,0.8861545675668491,335.7769487058603
1,0.8828447940087522,335.7762301092744
2,0.8865948430218834,335.77390378805103
3,0.8862582091042246,335.77030687486945
4,0.8873870415845114,335.7650423779323
5,0.8951893484975795,335.7586692925764
6,0.8969674231341925,335.75075114533814
7,0.8989518417277798,335.7415587080698
8,0.9033364910175801,335.7306148048594
9,0.9023351067651428,335.71861577701645
10,0.9102989926315462,335.7058084783379
11,0.9130663403783168,335.6912058805341
12,0.9189205742186742,335.6757394575662
13,0.9258198926437473,335.65988633336394
14,0.9353611314822466,335.64216067109106
15,0.9426813542992107,335.62148656337337
16,0.9482363674118246,335.6017207116523
17,0.9568160530247573,335.58170692925745
18,0.9643618717164615,335.5614118749914
19,0.9757384374839433,335.53822906694757
20,0.9804064819485606,335.5144951182366
