v_std: 0.18, layout: hourglass, intruder: nonflocker, stepcount: 1500 
p_std, ratio
0,0.9427885910287296,335.7766368639514
1,0.9405906490935286,335.7760627461556
2,0.9429856799751122,335.7737962322553
3,0.9468016551649262,335.76992257717774
4,0.9459618984710121,335.76490879988
5,0.9465694497742221,335.7589159484276
6,0.9494150808225781,335.75047169546974
7,0.9501335214468852,335.74111737525516
8,0.954449305869242,335.730686412937
9,0.9527903441783896,335.7204153740247
10,0.9579255095982507,335.70664929314756
11,0.9601259727749543,335.69145291527644
12,0.9608380457030274,335.67588174356644
13,0.964999272588609,335.659154559655
14,0.9646947316611093,335.64117928082027
15,0.9700924354692093,335.62180323188016
16,0.9745890412432461,335.5997536690259
17,0.9795405864740141,335.58110504230734
18,0.9835815052674421,335.5587640484981
19,0.9877158033122106,335.5363685705597
20,0.995952003841263,335.51186169015074
