v_std: 0.26, layout: hourglass, intruder: nonflocker, stepcount: 1500 
p_std, ratio
0,0.9760757411115245,335.77660852536746
1,0.9665726728682161,335.77597171119464
2,0.9717009118365186,335.77358173954457
3,0.97364208140075,335.7705116148085
4,0.9709299923807365,335.7647478710199
5,0.9730817932986323,335.7583757162049
6,0.9735565012077031,335.75123081843554
7,0.9756268385714552,335.7414557227919
8,0.9707908801259159,335.7306378834847
9,0.9814827740591309,335.7199812358238
10,0.9733690772745975,335.70647431207095
11,0.9798494576196898,335.6897113083879
12,0.9797469368281149,335.6755135197263
13,0.9792763728937975,335.65805615272035
14,0.9816642019990853,335.64213316581174
15,0.9874416999486293,335.621863973121
16,0.9841673191332004,335.60097874659584
17,0.9873395157135613,335.58292422642467
18,0.9940567456392176,335.5596979271102
19,0.9928012402718113,335.53472000018735
20,0.9951096259472564,335.5135003441648
