v_std: 0.14, layout: hourglass, intruder: nonflocker, stepcount: 1500 
p_std, ratio
0,0.9106381358787077,335.7767767820451
1,0.9128640678931105,335.7763123428899
2,0.9143232913903889,335.77392375634247
3,0.9085619767567226,335.77005945535825
4,0.9154422668922653,335.7650826048774
5,0.9092712454808685,335.7593404106514
6,0.9184938549656236,335.7506829048174
7,0.9214998882778467,335.74141533932226
8,0.9229428159190929,335.7315416130736
9,0.9326848880372327,335.7191324116019
10,0.9324404930537178,335.70587838598436
11,0.9314357841109207,335.69126171402746
12,0.9396240574084459,335.6756611131674
13,0.9410908455491598,335.65967929636525
14,0.9484113979256411,335.6414101060925
15,0.9524123267568726,335.6217112897601
16,0.9612323257603741,335.60111688608686
17,0.9669895214513138,335.58118071545306
18,0.9766294917024126,335.55894199499755
19,0.9811079260162663,335.53691529327983
20,0.9850248876501073,335.51313070736865
