v_std: 0.02, layout: hourglass, intruder: nonflocker, stepcount: 1500 
p_std, ratio
0,0.28859251113527756,335.77686536540955
1,0.29063783928374065,335.7761209414917
2,0.29933749233921036,335.77406780533
3,0.3124356212769864,335.7706300990273
4,0.3298996566729954,335.76529426647517
5,0.34929437890828496,335.75865365380815
6,0.374024761151654,335.7511907126527
7,0.3992853861600065,335.74162188431274
8,0.42836865862116236,335.7308685615156
9,0.45861812562214277,335.7186716773129
10,0.48941408453310586,335.7066251024503
11,0.5246961394394623,335.6904633837831
12,0.5609720988775512,335.67498477719397
13,0.5972270530948847,335.6584667375448
14,0.6363293710502466,335.64164116364617
15,0.6767688122674826,335.62352082085397
16,0.7203921168748,335.60291224234874
17,0.7606830740035198,335.5815166683819
18,0.8016737587645648,335.55842875163347
19,0.8502785344985679,335.5364493594347
20,0.8862376475098528,335.51301750395135
