v_std: 0.32, layout: hourglass, intruder: nonflocker, stepcount: 1500 
p_std, ratio
0,0.9835630286236786,335.7768019569092
1,0.9768093922626145,335.7763026408113
2,0.983747470311911,335.7736691609297
3,0.9781785891572665,335.7706055772408
4,0.9812570625842443,335.76533708902656
5,0.9843744509833484,335.7582207686949
6,0.9806634504215929,335.7503081487293
7,0.9771562430798103,335.74204127987565
8,0.9812302135372052,335.73054796719845
9,0.9870322427770574,335.7194982462901
10,0.9900745098856533,335.7046446331981
11,0.988916798998606,335.690439366686
12,0.9912896198779391,335.67654355577355
13,0.9883969201414309,335.65894518443395
14,0.9837905167239962,335.64044469837484
15,0.9889565103546831,335.62157893034856
16,0.9904992832333844,335.60026187595275
17,0.9917716168818447,335.58186749222307
18,0.986307747760932,335.5594377957492
19,0.9927078538761515,335.5348096744073
20,0.9948571057839435,335.513963295153
