v_std: 0.00, layout: hourglass, intruder: nonflocker, stepcount: 1500 
p_std, ratio
0,2.2158418787856966e-08,335.7768853553377
1,0.035459670877194524,335.7762338136681
2,0.07126817467128231,335.77384485070127
3,0.10676630918400475,335.7705399804339
4,0.14239435860253932,335.7648403441475
5,0.1799993241599973,335.75895195897044
6,0.21667941591005113,335.75075456752495
7,0.2548444245055525,335.7412348198128
8,0.29408954693933204,335.7312873454872
9,0.33429764495439834,335.7181219698474
10,0.375785025609961,335.7061337617708
11,0.42176368381103374,335.6910582392803
12,0.460928848884487,335.6747301314142
13,0.5070709748026767,335.6600240383927
14,0.5564809565043373,335.64122616454614
15,0.6060729929316193,335.6204098932829
16,0.6529061950035506,335.60125513404427
17,0.7087694245392087,335.58009884655263
18,0.7582077084158335,335.5589684841868
19,0.8180958662601352,335.5369821559768
20,0.8610158894251418,335.5147738659102
