v_std: 0.36, layout: hourglass, intruder: nonflocker, stepcount: 1500 
p_std, ratio
0,0.98459774518524,335.7773894844168
1,0.982921469425779,335.7762111491786
2,0.9833044172140195,335.7733800243248
3,0.9814799054131261,335.7702178846574
4,0.9828882536628982,335.765348119463
5,0.9852498911277026,335.75901240560177
6,0.9860737326475206,335.7505318177948
7,0.9899993070380239,335.74056993973306
8,0.983053627397873,335.73066904130656
9,0.9827244868871813,335.71841616091245
10,0.9888476073408616,335.7061346681842
11,0.9892591604427374,335.691844182333
12,0.9922863335163169,335.67557580711787
13,0.988728687975714,335.6585017582481
14,0.9957344686619107,335.64071183503097
15,0.9959636167607372,335.62218075167505
16,0.9965747081211379,335.602359917846
17,0.9958246852688435,335.58062217929574
18,0.9969203509816306,335.5577365701299
19,0.9924110644708231,335.5354462213017
20,0.9968931298646182,335.51350873612427
