v_std: 0.28, layout: hourglass, intruder: nonflocker, stepcount: 1500 
p_std, ratio
0,0.9723734335627404,335.7762253675393
1,0.9715078953148969,335.7763628890467
2,0.9726146040108659,335.77381898317213
3,0.9720734667174686,335.77003398639454
4,0.9738187014964954,335.76510712423476
5,0.9743981079562273,335.75835901965485
6,0.9738370931205298,335.7504847041287
7,0.9741619709137831,335.7411272598324
8,0.9793721611377002,335.73081617937015
9,0.9828561083529268,335.7184629349395
10,0.9816664980732182,335.705278670754
11,0.9804319592903773,335.69080709633556
12,0.9808219054673846,335.67571092057466
13,0.9823872820865613,335.65990557581847
14,0.9821437596390058,335.64073092285025
15,0.9908889224565836,335.62194397613274
16,0.9855018059478478,335.60228030611603
17,0.9910592918243535,335.5821625002943
18,0.9937110852308397,335.5603050621478
19,0.9931392837806398,335.5374521775653
20,0.9959386189948243,335.5131753036954
