v_std: 0.20, layout: hourglass, intruder: nonflocker, stepcount: 1500 
p_std, ratio
0,0.952184099877169,335.7768400507637
1,0.9497170694851469,335.7758030706725
2,0.9504234126459382,335.77399908334786
3,0.955960979525085,335.7703669223119
4,0.9521230473732074,335.76532886378396
5,0.9556217695609293,335.7586281089318
6,0.9581184107500617,335.75155601219467
7,0.9558201926491547,335.74131667927946
8,0.9605341868081457,335.7303095909189
9,0.9626464139434661,335.7196567278176
10,0.9635297955824073,335.7071317188826
11,0.965461023408502,335.6915137538397
12,0.9652122070424214,335.67493861858947
13,0.9702705423822277,335.6596993242036
14,0.972659671828666,335.64329972348344
15,0.9763241020199401,335.6208725241589
16,0.9808200939454005,335.60128055122306
17,0.9838394808440101,335.58090926253425
18,0.9838608020906755,335.55959979465166
19,0.9876044658324885,335.5348688028986
20,0.9920682241754794,335.5152147453028
