v_std: 0.11, layout: hourglass, intruder: nonflocker, stepcount: 2000 
p_std, ratio
0,0.36275095942774754,288.0500165415902
1,0.3657311048370759,287.7959163803889
2,0.38010312087308057,287.96429361026225
3,0.40916073375374296,287.7801490035973
4,0.437424496186439,287.8059515917987
5,0.47466407832587604,287.5966569361651
6,0.511391644564615,287.12696342531865
7,0.536795130785242,286.9695113197789
8,0.6035445866446917,286.3668012602075
9,0.6292219601641521,285.9819382024214
10,0.6916733918922071,286.20492097780266
11,0.7176592317072044,285.8442562082034
12,0.7588650766678345,285.67823310147656
13,0.8149431106160726,285.13800360816947
14,0.8604461173436013,285.01527810210706
15,0.8752914127145767,284.3908960921058
16,0.9270578601674014,283.79736505683917
17,0.9495769910046072,282.8596362462912
18,0.9757500792427625,282.84189976178595
19,0.9904399687798835,281.6915013607954
20,1.039673305879154,280.89190979875457
