v_std: 0.02, layout: hourglass, intruder: nonflocker, stepcount: 2000 
p_std, ratio
0,0.07181210781822482,288.02824991062477
1,0.09747427064906711,288.15374545120284
2,0.15143659153017852,287.9737355268686
3,0.20520862326138886,287.7969578743159
4,0.2638761464468052,287.4856707159891
5,0.3105762442696486,287.31699306119833
6,0.373488481476,286.98760791814806
7,0.44492295643589813,286.73364481529563
8,0.4901771487734376,286.4843341371253
9,0.5532177801519984,286.3729715700385
10,0.6036660107141117,286.61677128127343
11,0.6738834512395521,285.3708057490088
12,0.7052638553390636,285.077722623372
13,0.7735365968022659,285.3415212092099
14,0.809545418021434,284.8531552694602
15,0.849429826172801,284.28631519478256
16,0.9086533199290866,283.68639976823556
17,0.9431562895269061,283.35093758086526
18,0.97386699320838,282.7812216048426
19,1.007424182580552,281.68207027370346
20,1.0224393865436723,281.37405930661043
