v_std: 0.06, layout: hourglass, intruder: nonflocker, stepcount: 2000 
p_std, ratio
0,0.21023072560842423,288.196697775623
1,0.22335909879051571,287.8280762756494
2,0.24940370120356822,287.85305684318126
3,0.2878031647837788,287.7008347254991
4,0.33199265884965073,287.6373861576755
5,0.37945913372818424,287.3259083692525
6,0.4335282532800858,287.06476604423983
7,0.47354859852018405,286.92649683890124
8,0.5329088985519874,286.6923270952147
9,0.5836344204659022,286.71497946621463
10,0.6381351332879787,286.01352132991474
11,0.6882625552296401,285.3872717670036
12,0.7457372459545747,285.1003960778593
13,0.7951887893526154,284.99803849732194
14,0.8182836161141981,284.4221849946157
15,0.8809488873500713,284.0179094746176
16,0.8959287924037724,284.0437664192894
17,0.9495838694151274,283.30820319639133
18,0.9680757072523497,282.58967581738904
19,0.9954548475847768,281.98642344598613
20,1.0303348878653213,281.31905286038506
