v_std: 0.17, layout: hourglass, intruder: nonflocker, stepcount: 2000 
p_std, ratio
0,0.49796253821258496,288.0801513140731
1,0.5064797675562139,288.13114940517494
2,0.5128185167110225,288.3870690541121
3,0.5358624114950353,287.74930042494617
4,0.5581570592011683,287.38326669875414
5,0.5748772659876239,287.2978477247251
6,0.61285318136073,287.009838394645
7,0.6378589818820564,287.42909217909863
8,0.6639701618807891,286.67531526865145
9,0.713986193854787,286.2442073521844
10,0.7411343815728242,286.02343769904417
11,0.7785581386043697,285.5144699431448
12,0.82022294836347,285.6303472448626
13,0.8455585307356173,284.55776567406036
14,0.8629158758497995,284.29329417395496
15,0.9085468188301716,284.27120955389535
16,0.9397822051362149,283.9608743978784
17,0.9716805969801351,282.91465583144407
18,0.9828245403409738,282.5230482592899
19,1.0092065961523555,282.0485870104218
20,1.0328180914453935,281.2847779992056
