v_std: 0.08, layout: hourglass, intruder: nonflocker, stepcount: 2000 
p_std, ratio
0,0.2724236782356647,288.2742274976092
1,0.27933750444100713,288.1371290578556
2,0.3089859394204843,287.9505624600158
3,0.3341966833199954,287.7235409916532
4,0.3772828497100037,287.63590051441616
5,0.414549097566987,287.5003204379673
6,0.46156267358912795,287.3481066984524
7,0.5036698034717121,287.1153376000858
8,0.5464139184925985,286.4074536920942
9,0.6027817074938947,286.4548544195136
10,0.6553357611782649,286.0744402293048
11,0.709805195328552,285.45365653514943
12,0.7478881598206784,285.4862726559698
13,0.7995478826346233,285.5946164041938
14,0.8375048386136362,284.70225885841063
15,0.8721656195070211,284.20522838904003
16,0.8968986601844091,283.5305373961553
17,0.9601023922446889,283.0661315250321
18,0.9798746875648461,282.6620054561637
19,1.0037907127592127,281.9836232146728
20,1.0293869077897526,281.1729069601413
