v_std: 0.20, layout: hourglass, intruder: nonflocker, stepcount: 2000 
p_std, ratio
0,0.5576512914920846,288.13614222390055
1,0.5603108538420183,287.9915416045438
2,0.578019083841164,287.6944653265291
3,0.5951200651747738,288.0040696307699
4,0.6046508912299715,287.941476229291
5,0.6352868506042256,286.84178388318793
6,0.6411575422862118,287.38474010613083
7,0.6844175394900502,286.5162714754521
8,0.6959180711110582,287.0112237497737
9,0.7433747868764541,286.03826206310424
10,0.7553942231121774,286.060642664837
11,0.7976337153814246,286.2671491996681
12,0.8259528932973133,285.54460271724497
13,0.8629670753619049,284.3139801900232
14,0.8931960393837299,284.5778829291851
15,0.9151188854514697,283.99402808025883
16,0.938172484365618,283.8591368449318
17,0.9638192927196738,283.39336553703936
18,0.9781091217516455,282.795903106885
19,1.0082530790008484,281.48669131334333
20,1.0224972884152248,280.7808804303548
