v_std: 0.04, layout: hourglass, intruder: nonflocker, stepcount: 2000 
p_std, ratio
0,0.14021689044972988,288.33627647522286
1,0.15848185723761932,288.10498647154014
2,0.1982431619885739,287.9241507175046
3,0.24718171200984407,287.71380521180447
4,0.28685417969018234,287.8050954375132
5,0.34224321011826625,287.2474086515671
6,0.39462252061828046,286.8078455297846
7,0.45281166264871536,287.1091175196343
8,0.5006577833206551,286.69342012555813
9,0.5622715329043263,286.0298488843217
10,0.6338227617049913,286.2501606394178
11,0.6783667102415596,285.8165774181721
12,0.7445382569130138,285.1893781216031
13,0.784197134337751,284.55758209557683
14,0.8436412314026525,284.21831057546905
15,0.8492446020217231,284.5745985939643
16,0.9020809016795225,283.9528225183443
17,0.9470586803420269,283.34793562341486
18,0.9735109198050599,282.33154942759074
19,0.9945873265721781,281.8353003089123
20,1.0345791095067256,281.3445868385391
