v_std: 0.12, layout: hourglass, intruder: nonflocker, stepcount: 2000 
p_std, ratio
0,0.38582067555494687,288.485891817888
1,0.3875099966881566,288.18193872149095
2,0.41091009534231393,287.753599354918
3,0.43152452805670194,287.57078311154805
4,0.4648493889934501,287.88990832371314
5,0.49136539220439773,287.326438566269
6,0.5334327542504558,287.2883345170346
7,0.5711856258888661,287.2830671649436
8,0.608563267807125,286.4373813012021
9,0.6724017999074378,286.40157481687083
10,0.6900292174670393,285.9884456780823
11,0.7301061439034614,285.6767258701748
12,0.7785531203779928,285.04851839479255
13,0.8143384719827688,285.18438207258663
14,0.8560727212943195,284.1874145801374
15,0.8961767482055241,284.1133336734985
16,0.9184365847214342,283.94683048878784
17,0.950146511648213,282.86507518152627
18,0.9809956764206537,282.23390313342503
19,0.9996867246797521,281.93755128304684
20,1.0207527418014075,280.89988179620866
