v_std: 0.07, layout: hourglass, intruder: nonflocker, stepcount: 2000 
p_std, ratio
0,0.24153778616723479,287.9878504773244
1,0.2535802344134447,287.96248929660993
2,0.2748157904164048,287.94574950687445
3,0.31132012165422257,287.66377939964786
4,0.3587127930813085,287.4650408809608
5,0.3944730326354233,287.3517559523228
6,0.43935054050246314,287.3250961312298
7,0.49600419574043125,286.91459997916087
8,0.5374154086486751,286.59489358232474
9,0.5947166660175501,285.83720684871685
10,0.6446296605164916,286.1894471243572
11,0.6892909549206842,285.9407472997374
12,0.7330251602315094,285.6239650680642
13,0.7774813268562282,285.31585961652155
14,0.8493411173304173,284.0635422536073
15,0.8763452754805904,284.8403600147956
16,0.9109268749804204,283.7167470285906
17,0.9368274903920882,283.1856241893164
18,0.9716578832250419,282.3511169504894
19,1.0030398914036256,281.67968739769344
20,1.0310094960942728,281.4263542603487
