v_std: 0.16, layout: hourglass, intruder: nonflocker, stepcount: 2000 
p_std, ratio
0,0.48136429016581267,288.18154380604636
1,0.48675960658524636,288.01478283405686
2,0.4934037781422293,287.79523899994757
3,0.506687623131879,287.89022503198674
4,0.5310598294351075,287.4682598946035
5,0.5599999190566692,287.6383742761029
6,0.5805029215110186,287.29566677624376
7,0.6332717108098038,286.64348191058775
8,0.6527031549874024,286.54257611697756
9,0.6951303523066161,286.5920022479767
10,0.7345736614918221,286.0644004606957
11,0.7577590586143294,285.67496372257284
12,0.8053761655771172,285.3055253964713
13,0.8348478553017029,284.84412355496875
14,0.8661095000149274,284.25407746140843
15,0.8982997972934926,284.2076090933876
16,0.9346609171190408,284.21020613935076
17,0.9728098528948877,283.1686171545229
18,0.9887611264333751,282.44974174996304
19,1.0033872140521352,281.4662149718209
20,1.0178019117386246,281.18429428907064
