v_std: 0.14, layout: hourglass, intruder: nonflocker, stepcount: 2000 
p_std, ratio
0,0.4380047160499899,288.3612414055931
1,0.43336217101512914,288.15233880449944
2,0.4528328199535065,287.819487013339
3,0.48183522874715706,287.9127131432356
4,0.5119154236710828,287.5505518867629
5,0.5357689068097184,287.15718063016703
6,0.555786943743215,287.28106958508846
7,0.5969198966474366,287.1620368003381
8,0.6379931109647637,286.5113649592381
9,0.6762537211660207,285.5676319280216
10,0.7216665135490632,285.53591190330434
11,0.7435457955251331,285.78995233215954
12,0.787628763548438,285.3326314373885
13,0.8314230888695928,285.11036722616257
14,0.8626812621892931,284.5306748123063
15,0.8947508485198877,284.65619514025457
16,0.9281709538068718,283.2964651849258
17,0.9659071156621268,283.3803089665835
18,0.9806542442308721,282.34999547814186
19,1.0001164328616854,281.99691964420185
20,1.0169300584459051,280.57054933510375
