v_std: 0.09, layout: hourglass, intruder: nonflocker, stepcount: 2000 
p_std, ratio
0,0.303431672261089,288.1385940947553
1,0.3073728101906685,287.90380104904614
2,0.33428156266158515,288.169510184957
3,0.3594632933361112,287.8154930302916
4,0.39416655838652137,287.71236452347347
5,0.43875230952305594,287.2117412660294
6,0.4765461652616651,287.34334190130704
7,0.5256517161519227,287.0781814832569
8,0.5659208711175784,286.9118011416127
9,0.6179611549068103,286.2569408966288
10,0.6648531420790548,286.0462152052329
11,0.7230196208192813,285.7825597248831
12,0.7460247474894559,285.89775424580625
13,0.7973548503894865,284.4849091310041
14,0.83213918196911,284.65077607266613
15,0.8735848420376269,284.16996662725023
16,0.9132938840783679,283.5922044609998
17,0.9309828361167259,283.22354109179383
18,0.9748764451467357,282.7055492749329
19,1.0129375132522038,282.03046505999237
20,1.021122590840748,281.15914481474346
