v_std: 0.05, layout: hourglass, intruder: nonflocker, stepcount: 2000 
p_std, ratio
0,0.17387388084703856,288.0357040683923
1,0.18697217018949708,288.22701797578503
2,0.22138227443973513,288.0130605289089
3,0.26769604009205983,287.56410398802797
4,0.30492841303080115,287.42733342915045
5,0.36289146909403464,287.63970590900396
6,0.4057492523081221,287.1381889689823
7,0.4723406262063009,286.92264057398876
8,0.5243173331281997,286.7548515559824
9,0.5681389742668156,286.40341410927005
10,0.6243851891027055,286.1318760571707
11,0.6723733036848273,285.5982479526403
12,0.732983216337936,285.51331226650046
13,0.7604801499188993,284.73441283468486
14,0.8254423679177584,284.2107921685114
15,0.8595761939510144,284.3732761056716
16,0.9099511624245591,283.84032243837584
17,0.9496316060374123,282.9305166290496
18,0.9804896222558753,282.53094027784033
19,1.0057109038288485,281.75105481834936
20,1.037536090824929,281.02228107306814
