v_std: 0.01, layout: hourglass, intruder: nonflocker, stepcount: 2000 
p_std, ratio
0,0.03620079474436933,288.2295203180689
1,0.07411946886725472,288.0628679305255
2,0.13245433992452196,287.7619440126179
3,0.1920401795674558,287.6064923187909
4,0.24650130452536326,287.3696104162721
5,0.31023103550996073,287.4375216983782
6,0.3742618108906827,287.5074942921903
7,0.4402033029356574,286.9965373176039
8,0.49117946536862667,286.47589988878707
9,0.5540834207930275,286.1361752262291
10,0.5923790963857172,286.7756670531597
11,0.659028346408739,285.6667471422062
12,0.7077533199497658,285.4861335654218
13,0.7669895473300716,285.07586076232445
14,0.8104818075759472,284.4965787047329
15,0.8567852285851935,284.43550333507255
16,0.8955770828425772,283.50295745126965
17,0.9262173287633262,283.2145090823003
18,0.9686459868217413,282.74575670476844
19,0.9879235772403727,281.8037799108533
20,1.0221203462989623,280.69005843581465
