v_std: 0.15, layout: hourglass, intruder: nonflocker, stepcount: 2000 
p_std, ratio
0,0.457963888272769,287.95250055971445
1,0.4617270990722767,287.78900409324547
2,0.47733769593966724,287.8751408981359
3,0.49468205742556876,287.7281875490903
4,0.5250220544906605,287.75290483997406
5,0.5418034072285226,287.4939957500726
6,0.5758039694268129,287.2621158126608
7,0.6178567303616304,286.56276932646085
8,0.6445094889968035,286.46527511822
9,0.6744360848993881,286.3963881390698
10,0.7221266005607455,286.41599319588875
11,0.7585144036533896,285.75564864864356
12,0.7967102672339541,285.3059567290589
13,0.8363024818929751,285.05910998978015
14,0.8703881650060541,284.4169237108824
15,0.9000644074778911,284.11470749242085
16,0.9321304720256428,283.5649928860167
17,0.9558299542026394,282.94832192674374
18,0.982147681292873,282.6535377384924
19,1.0054712591234327,281.56304311324163
20,1.0275302003058318,280.7098718620956
