v_std: 0.10, layout: hourglass, intruder: nonflocker, stepcount: 2000 
p_std, ratio
0,0.33316917185452055,288.0743936907712
1,0.3372538698642618,287.68122727272413
2,0.3520058226982079,288.1453748542937
3,0.3861426030919135,287.4488118156974
4,0.41413516511833365,287.92395904407863
5,0.45493698201476274,287.07917449638796
6,0.49466032925466885,287.0528311399753
7,0.5300101307975441,286.78031584326186
8,0.5736736614328294,286.3002449527755
9,0.6323055189108702,286.4672013236114
10,0.6710677201742742,286.2344597952313
11,0.7113231065260799,285.85734681145743
12,0.7584142255337437,285.4970836579382
13,0.8012572166888942,284.96747582678285
14,0.8422482452382827,284.587087647723
15,0.882023253184093,284.5299912577199
16,0.9356567325735428,283.5743780732591
17,0.9518405113301505,283.0055959232252
18,0.9688984764391391,282.16606193219053
19,1.003536478852875,282.04676468850374
20,1.023367706284443,281.451252601524
