v_std: 0.19, layout: hourglass, intruder: nonflocker, stepcount: 2000 
p_std, ratio
0,0.5430807394105832,288.0066011243541
1,0.5477467468543394,288.31434277680836
2,0.5545014762778991,287.87992906319994
3,0.5687894724943843,287.644986537253
4,0.5903757442128149,287.2060246409604
5,0.6139165050664797,287.00922112400195
6,0.6395628839073052,287.35724517751487
7,0.6742174798007443,286.67929745774245
8,0.6901761544626394,286.3656785225319
9,0.7267773957236735,286.7016113868076
10,0.7592124865143891,285.94919826163397
11,0.7871846882102621,285.55824262398863
12,0.8242701048259219,284.95728304629915
13,0.8576510291949079,284.6407421574334
14,0.897020673707271,284.7686470009137
15,0.9173827268603981,284.2042201487469
16,0.9350916744107259,283.41837942389145
17,0.9552383864748899,282.8686149841034
18,0.9891763152892032,282.24770800768624
19,1.0046387565630914,282.15842795041783
20,1.0239414781796214,281.5019259195852
