v_std: 0.03, layout: hourglass, intruder: nonflocker, stepcount: 2000 
p_std, ratio
0,0.10683292973585194,288.18905017654794
1,0.12692800426533746,288.07314001867604
2,0.1731116680478779,287.8928043113346
3,0.22566645914564235,287.85377612417193
4,0.27725913578322237,287.4913046851341
5,0.32338125901509995,287.1107461298901
6,0.3954321260778403,287.0572958473785
7,0.4481894864750622,286.8163773923504
8,0.4972800529067669,286.6138024096024
9,0.5534186884680364,286.507152798975
10,0.6062500024011477,285.92352946707877
11,0.6846431210628593,285.7641445573463
12,0.7217022073519997,285.6040649645297
13,0.7733083416478547,284.843153255523
14,0.8235153845568588,284.6860521484438
15,0.8480303321498589,284.8414103801816
16,0.9149699476329777,283.4904572529426
17,0.9440971517882112,283.2623946402352
18,0.9691805559250392,282.4275314784889
19,0.9888311810407163,281.9726137695245
20,1.0340293963764549,280.6196509819162
