v_std: 0.18, layout: hourglass, intruder: nonflocker, stepcount: 2000 
p_std, ratio
0,0.5280108818404289,288.04176501779284
1,0.5297752189241414,288.1218535566201
2,0.544502808399651,287.8900116726086
3,0.5548167523637818,287.8356225768978
4,0.5731358169238066,287.30329818329045
5,0.5935162523091617,287.4503277609019
6,0.6277746028801868,286.9371844901507
7,0.6527024184842909,287.01543809935896
8,0.6847487428095296,286.27885150643766
9,0.7113671606990818,286.32686336398575
10,0.7562497144872772,285.6262579767537
11,0.7938301977710344,286.158262931472
12,0.8088794227570796,285.16573068436367
13,0.8485135705463129,285.34169946358975
14,0.8865113843069442,284.39067284096427
15,0.9032169164383299,284.0274947725713
16,0.9434586552715069,283.3592755272171
17,0.9597966898382687,282.7311732025655
18,0.9834619043599956,282.3577342820474
19,1.001922947645515,282.1574782798775
20,1.0269913449283192,281.11092523797635
