v_std: 0.13, layout: hourglass, intruder: nonflocker, stepcount: 2000 
p_std, ratio
0,0.4130172832627604,288.5574910812833
1,0.41834832618990014,288.05617384102965
2,0.4285559594970757,287.96072044033
3,0.45478969913248396,287.9805732222777
4,0.4815281529645947,287.5306401065663
5,0.5183152637976454,287.2573732866258
6,0.5529423035708303,287.2356490924242
7,0.5836120530274735,286.9423203500887
8,0.6288678738857814,287.00274378250674
9,0.6657825548813733,286.2608391559055
10,0.7004580104846415,286.1154662293105
11,0.743349682731691,286.1239023980015
12,0.7838284238792377,285.34867029810806
13,0.8209160413373381,284.9815906577406
14,0.8619331018101712,284.76583765533104
15,0.8913663256439095,284.25505256724745
16,0.9269743836034929,283.3526112028496
17,0.9509705552495209,283.2386305802382
18,0.986571186785517,281.8174819755521
19,0.9957472909254107,281.3805847612308
20,1.0350194186376909,280.9635650786304
