v_std: 0.00, layout: hourglass, intruder: nonflocker, stepcount: 2000 
p_std, ratio
0,2.7560808807325243e-09,288.19851735727616
1,0.06048704498993104,288.0305720859757
2,0.12515335505264122,287.5810389392711
3,0.19065007451125093,287.7610379111994
4,0.2516769173568874,287.8241230107712
5,0.3095949596503193,287.2002198739609
6,0.36441733073357474,286.8289561791835
7,0.4270598496236541,287.05856831344795
8,0.48505218363137304,286.9632749996588
9,0.5482489199957413,286.14008754570006
10,0.6065963507072257,286.19544846809555
11,0.6606082122874531,286.09959382926684
12,0.7263241987591113,284.6967874466933
13,0.7691546698271414,284.9444589257243
14,0.8261039976094333,284.7638029572717
15,0.8608258583590549,284.4284871146587
16,0.8938857797301227,283.50443134376076
17,0.9445615869380677,283.2218324040168
18,0.9623961945044402,282.1751655983556
19,0.9992481666353049,281.8963520132955
20,1.0244907340765805,280.70316065943337
